-5.751769638061523438e+01
-2.506294059753417969e+01
-5.596785545349121094e+00
1.688029289245605469e+00
2.334449052810668945e+00
2.821822404861450195e+00
2.829518318176269531e+00
2.137896537780761719e+00
1.022561192512512207e+00
2.839966118335723877e-01
5.214242935180664062e-01
2.547931671142578125e-01
-1.434530615806579590e-01
-4.397825896739959717e-01
-7.969141006469726562e-01
-2.984117269515991211e-01
-3.440610766410827637e-01
-4.552385509014129639e-01
-4.436465799808502197e-01
-4.132456183433532715e-01
-4.227139949798583984e-01
5.924664437770843506e-02
-5.898819491267204285e-02
-8.898094296455383301e-01
-5.319435000419616699e-01
-6.604450345039367676e-01
-5.537223219871520996e-01
-2.804489731788635254e-01
-6.098300218582153320e-01
-7.799732089042663574e-01
-1.266851663589477539e+00
-1.320404648780822754e+00
-7.321842908859252930e-01
-4.079446196556091309e-01
-6.063332557678222656e-01
-4.865815639495849609e-01
-8.209761977195739746e-01
-1.255403399467468262e+00
-1.477949976921081543e+00
-1.605269908905029297e+00
-1.249208211898803711e+00
-1.198736906051635742e+00
-6.940553784370422363e-01
-2.129569500684738159e-01
-3.140113949775695801e-01
-5.764911174774169922e-01
-3.670693635940551758e-01
-2.545826435089111328e-01
-1.123995900154113770e+00
-1.090178012847900391e+00
-6.246792078018188477e-01
-7.657307386398315430e-01
-5.037459731101989746e-01
-1.613998562097549438e-01
-2.411225438117980957e-01
5.376999825239181519e-02
-7.126567959785461426e-01
-1.396614551544189453e+00
-1.446447253227233887e+00
-1.427366852760314941e+00
-1.123676538467407227e+00
-1.075344800949096680e+00
-7.526378631591796875e-01
-3.991788029670715332e-01
-2.899971902370452881e-01
2.269842661917209625e-02
2.595353424549102783e-01
-5.987809300422668457e-01
-6.318323612213134766e-01
-1.206321120262145996e+00
-7.780252695083618164e-01
-5.211658477783203125e-01
5.163149237632751465e-01
-6.408163160085678101e-02
-8.899531364440917969e-01
-2.001355290412902832e-01
-6.673108339309692383e-01
-1.498398184776306152e-01
-1.302484273910522461e-01
-1.200860500335693359e+00
-5.163278579711914062e-01
2.877648174762725830e-01
-6.734580397605895996e-01
-1.070458889007568359e+00
-1.071576595306396484e+00
-9.425001740455627441e-01
-6.667999029159545898e-01
-5.904302000999450684e-01
-4.395750164985656738e-01
-1.239165067672729492e+00
-6.209110021591186523e-01
-2.065222859382629395e-01
-9.315149784088134766e-01
5.036905035376548767e-02
5.038926601409912109e-01
-7.753108739852905273e-01
2.121934890747070312e-01
-2.245808392763137817e-01
-3.002159893512725830e-01
-1.048392653465270996e+00
-1.388503432273864746e+00
-9.220306277275085449e-01
-8.278419375419616699e-01
-1.384032726287841797e+00
-1.267761707305908203e+00
-1.028386116027832031e+00
-1.289668321609497070e+00
-8.698987364768981934e-01
-6.471605896949768066e-01
-1.117066264152526855e+00
-2.490261495113372803e-01
-4.586554765701293945e-01
-7.689880132675170898e-01
-4.265620112419128418e-01
-2.997689247131347656e-01
-4.585596621036529541e-01
-1.592443138360977173e-01
4.052971005439758301e-01
1.049972046166658401e-02
9.568309038877487183e-02
4.530061781406402588e-01
3.531013429164886475e-01
-6.531002521514892578e-01
-3.819345533847808838e-01
2.204483747482299805e-01
-9.674989432096481323e-02
-3.529865741729736328e-01
-4.509913623332977295e-01
-8.445538580417633057e-02
-2.116476595401763916e-01
-5.454195737838745117e-01
-4.486921131610870361e-01
-2.407553046941757202e-01
1.241680234670639038e-01
-4.960658848285675049e-01
-2.778463661670684814e-01
-3.217712938785552979e-01
-6.487997621297836304e-02
7.534126937389373779e-02
-1.177409384399652481e-02
2.490185759961605072e-02
-3.392710089683532715e-01
-8.894422054290771484e-01
-4.422414898872375488e-01
-5.250937342643737793e-01
-3.956021964550018311e-01
-2.496648281812667847e-01
-3.268647491931915283e-01
2.344673126935958862e-01
1.553353965282440186e-01
4.060635268688201904e-01
-1.646251678466796875e-01
2.875572443008422852e-01
-2.400048524141311646e-01
-3.638121187686920166e-01
-2.176671773195266724e-01
-1.619107872247695923e-01
-3.653874248266220093e-02
-4.444449245929718018e-01
-5.502096414566040039e-01
-4.063639044761657715e-01
-4.376909434795379639e-01
1.701421290636062622e-02
-2.964158654212951660e-01
-4.887530505657196045e-01
-4.420498907566070557e-01
-5.913882255554199219e-01
-3.563715517520904541e-01
-5.165674090385437012e-01
1.761562228202819824e-01
9.606629610061645508e-02
-2.223454713821411133e-01
1.961307972669601440e-01
-1.645133942365646362e-01
-4.551267921924591064e-01
-5.227305889129638672e-01
-4.215324521064758301e-01
-3.618641793727874756e-01
-2.929989695549011230e-01
-2.178587764501571655e-01
1.526210159063339233e-01
1.564850062131881714e-01
5.066868662834167480e-01
5.003958940505981445e-01
5.069423317909240723e-01
2.918204069137573242e-01
4.090493321418762207e-01
-5.978112109005451202e-03
-4.943254888057708740e-01
-3.361414968967437744e-01
-6.527809500694274902e-01
-9.207159280776977539e-02
-2.517085969448089600e-01
-5.116496086120605469e-01
-1.857972592115402222e-01
-1.830030530691146851e-01
-3.018605709075927734e-01
-1.582863032817840576e-01
5.166237056255340576e-02
-3.928399384021759033e-01
1.382029205560684204e-01
1.062851101160049438e-01
-3.875708580017089844e-01
1.820799410343170166e-01
8.503858931362628937e-03
-2.040953189134597778e-01
-9.085810929536819458e-02
-7.286875247955322266e-01
-3.827488720417022705e-01
-1.742212623357772827e-01
-2.785808444023132324e-01
-2.959209084510803223e-01
4.658489674329757690e-02
-2.387434691190719604e-01
-4.996903836727142334e-01
-1.971497237682342529e-01
-5.100529193878173828e-01
-6.730748414993286133e-01
-7.592641711235046387e-01
-3.308245241641998291e-01
-1.889107972383499146e-01
-2.471899539232254028e-01
-3.746376931667327881e-01
-3.195359408855438232e-01
-5.190262794494628906e-01
-6.834533214569091797e-01
-9.987515807151794434e-01
-5.784550309181213379e-01
3.367512524127960205e-01
3.825442790985107422e-01
4.643267095088958740e-01
1.168578386306762695e+00
2.769711911678314209e-01
-1.629805713891983032e-01
-3.219788670539855957e-01
-4.944532513618469238e-01
-2.200622111558914185e-01
-5.402249097824096680e-02
-2.346559464931488037e-01
1.364465653896331787e-01
5.362629517912864685e-02
8.118515461683273315e-02
6.121056899428367615e-02
-3.655365407466888428e-01
-3.229528367519378662e-01
-4.581125974655151367e-01
-2.852550148963928223e-01
-3.994023203849792480e-01
2.078345268964767456e-01
9.614612907171249390e-02
2.976483106613159180e-01
1.836925894021987915e-01
-3.991788029670715332e-01
-2.709965705871582031e-01
-3.033295273780822754e-01
-4.249493479728698730e-01
-1.513726413249969482e-01
-2.947074174880981445e-01
-2.439806163311004639e-01
-3.371953070163726807e-01
-6.534301489591598511e-02
3.902562856674194336e-01
2.422751188278198242e-01
-1.890066117048263550e-01
1.214057579636573792e-01
4.093526899814605713e-01
1.647718250751495361e-01
-2.490740567445755005e-01
3.079948723316192627e-01
-4.469836652278900146e-01
-6.253498196601867676e-01
-3.441888093948364258e-01
-7.634794116020202637e-01
-3.241184353828430176e-01
-2.587340176105499268e-01
-5.401185750961303711e-01
-1.669189706444740295e-02
-6.269624829292297363e-01
-6.235455870628356934e-01
-1.522987186908721924e-01
-5.659849047660827637e-01
-4.745105803012847900e-01
2.363035082817077637e-01
-1.225843280553817749e-01
-1.427026242017745972e-01
5.739234685897827148e-01
4.569021165370941162e-01
-1.455766558647155762e-01
-1.987464129924774170e-01
-3.199191391468048096e-01
-1.220733821392059326e-01
-4.260670244693756104e-01
-5.020098295062780380e-03
1.738145202398300171e-02
-8.122103810310363770e-01
-5.114739537239074707e-01
-2.315583676099777222e-01
-6.311138868331909180e-01
-5.233692526817321777e-01
-2.382804304361343384e-01
-8.756893128156661987e-02
-3.938298821449279785e-01
-8.410411328077316284e-02
-1.852384209632873535e-01
-2.994974851608276367e-01
-1.568333208560943604e-01
-6.002179384231567383e-01
-6.588164567947387695e-01
-4.103236794471740723e-01
-2.687452435493469238e-01
-4.496820867061614990e-01
-4.832125604152679443e-01
-1.925831884145736694e-01
-3.873792588710784912e-01
-3.036329150199890137e-01
3.672160804271697998e-01
-2.062189131975173950e-01
2.176541686058044434e-01
1.041136085987091064e-01
1.473359763622283936e-01
-1.519953459501266479e-01
-1.026342391967773438e+00
-6.643409729003906250e-01
-6.125763058662414551e-01
-6.398477554321289062e-01
-3.187056481838226318e-01
-2.176671773195266724e-01
-4.051025211811065674e-01
-5.479103922843933105e-01
-3.838186562061309814e-01
-5.428169369697570801e-01
-2.109875902533531189e-02
-1.652478724718093872e-01
1.558143943548202515e-01
1.255571395158767700e-01
1.935122311115264893e-01
2.236577272415161133e-01
-4.803490638732910156e-02
2.854176759719848633e-01
-2.963041067123413086e-01
2.755777677521109581e-03
-2.550616264343261719e-01
5.724385380744934082e-01
2.914691269397735596e-01
3.453094959259033203e-01
-1.020933873951435089e-02
-2.867079973220825195e-01
-2.735991775989532471e-01
-6.358240842819213867e-01
-3.076885044574737549e-01
-5.745591521263122559e-01
-3.788848817348480225e-01
-1.005819514393806458e-01
2.253981083631515503e-01
2.526535987854003906e-01
-4.910468682646751404e-02
-4.974336549639701843e-02
-1.402277499437332153e-01
-4.760753512382507324e-01
-1.123176142573356628e-01
-4.630623161792755127e-01
-6.243758201599121094e-01
-3.571220040321350098e-01
-4.787577688694000244e-01
8.356422185897827148e-02
1.460107266902923584e-01
-3.346246480941772461e-01
-3.177795708179473877e-01
-5.768743157386779785e-01
-4.508103057742118835e-02
-4.573621451854705811e-01
-2.554767727851867676e-01
3.080427646636962891e-01
3.515844941139221191e-01
-1.826677471399307251e-01
-4.626791179180145264e-01
-5.997229814529418945e-01
-6.640535593032836914e-01
-1.826517879962921143e-01
1.701845973730087280e-01
5.762386322021484375e-01
6.245598942041397095e-02
-5.836762189865112305e-01
-3.885288834571838379e-01
-8.943759799003601074e-01
-2.182419896125793457e-01
-4.566116929054260254e-01
-8.822411298751831055e-01
-6.217253208160400391e-01
-2.920728921890258789e-01
-4.279511272907257080e-01
-2.594365775585174561e-01
-3.953467309474945068e-01
-2.352307587862014771e-01
6.751749664545059204e-02
-4.387607276439666748e-01
-1.563702821731567383e-01
-2.819977700710296631e-01
2.281284481287002563e-01
-3.327608108520507812e-03
3.473053574562072754e-01
4.197631180286407471e-01
5.135899782180786133e-02
1.237049847841262817e-01
-3.892793059349060059e-01
-6.041617393493652344e-01
-5.568838119506835938e-01
-4.233846068382263184e-01
-4.014141559600830078e-01
-3.460090458393096924e-01
2.886430025100708008e-01
-2.105085924267768860e-02
2.559268176555633545e-01
1.277286410331726074e-01
1.556866616010665894e-01
-3.581917881965637207e-01
1.336363852024078369e-01
4.007040336728096008e-02
-1.200296208262443542e-01
-1.032324507832527161e-01
-3.785336017608642578e-01
-4.953154623508453369e-01
-4.161835312843322754e-01
-7.296295762062072754e-01
-6.550322771072387695e-01
-3.663668334484100342e-01
2.819688320159912109e-01
9.646492600440979004e-01
1.253974735736846924e-01
-9.427502751350402832e-02
-1.207960322499275208e-01
-4.176365137100219727e-01
-1.694950610399246216e-01
7.444712519645690918e-02
-6.324231624603271484e-01
-1.736943572759628296e-01
-2.469344884157180786e-01
9.910000860691070557e-02
-1.069687083363533020e-01
-2.423040866851806641e-01
-1.760574579238891602e-01
1.810740232467651367e-01
2.129918336868286133e-01
-2.772077023983001709e-01
-2.107375413179397583e-01
-6.395389884710311890e-02
-2.958729863166809082e-01
-2.259539961814880371e-01
-4.557175636291503906e-01
-5.111386179924011230e-01
-5.703598260879516602e-01
-5.102444887161254883e-01
-2.653922140598297119e-01
-1.750355809926986694e-01
1.151467338204383850e-01
-5.702800154685974121e-01
1.472880840301513672e-01
2.418334782123565674e-02
-2.048936635255813599e-01
-2.202059179544448853e-01
1.163337007164955139e-02
3.000912666320800781e-01
2.681734263896942139e-01
6.438798457384109497e-02
3.781533837318420410e-01
-3.067464530467987061e-01
-3.462964594364166260e-01
-9.091655723750591278e-03
-3.259386718273162842e-01
-2.633005380630493164e-01
-7.951417565345764160e-01
-1.078947857022285461e-01
-3.833236694335937500e-01
-7.706964612007141113e-01
-4.633337557315826416e-01
-3.901574909687042236e-01
-3.535294532775878906e-01
-4.765224158763885498e-01
-4.307134151458740234e-01
-8.432021141052246094e-01
-4.960978329181671143e-01
-3.243898749351501465e-01
-2.600752413272857666e-01
-7.787702977657318115e-02
-2.013330459594726562e-01
-3.588943183422088623e-01
-1.189119443297386169e-01
-4.097488820552825928e-01
-4.431995153427124023e-01
8.845008909702301025e-02
-3.498410880565643311e-01
-1.074636802077293396e-01
-2.316861152648925781e-01
-3.526991605758666992e-01
-2.555406391620635986e-01
-5.556703209877014160e-01
-4.387926459312438965e-01
-3.871876597404479980e-01
-2.226009517908096313e-01
6.612837314605712891e-02
-3.293076753616333008e-01
7.142404913902282715e-01
2.944709062576293945e-01
-2.880173027515411377e-01
4.573865234851837158e-02
-2.191840261220932007e-01
-3.756435811519622803e-01
-2.696872949600219727e-01
-2.943561375141143799e-01
-3.082313835620880127e-01
-7.130399942398071289e-01
-3.578564822673797607e-01
-2.324844598770141602e-01
-2.272952198982238770e-01
-1.296895891427993774e-01
-1.212111711502075195e-01
-3.049581646919250488e-01
-2.014607787132263184e-01
-3.091095387935638428e-01
-1.434530615806579590e-01
-1.548693925142288208e-01
-8.723362535238265991e-02
-1.256659328937530518e-01
-3.074489831924438477e-01
-3.197754323482513428e-01
-4.130699932575225830e-01
-3.986039757728576660e-01
-2.305045574903488159e-01
-3.260184824466705322e-01
3.943172842264175415e-02
-9.127324819564819336e-02
-2.518523037433624268e-01
2.181970477104187012e-01
1.370054036378860474e-01
-4.074177145957946777e-01
-4.720462858676910400e-02
3.904852271080017090e-02
1.197292283177375793e-01
1.369309891015291214e-02
-4.941019713878631592e-01
-5.668950080871582031e-01
-2.974217832088470459e-01
-4.208777844905853271e-01
-6.137418746948242188e-01
-8.672268688678741455e-02
-1.917369514703750610e-01
-6.059181094169616699e-01
-5.042089819908142090e-01
-4.030747115612030029e-01
-4.055655598640441895e-01
-6.760489661246538162e-03
-1.077989861369132996e-01
1.891053766012191772e-01
-4.798700660467147827e-02
1.315606832504272461e-01
-2.911627590656280518e-01
3.220297694206237793e-01
3.215347826480865479e-01
1.389214247465133667e-01
2.832302153110504150e-01
4.441764950752258301e-01
3.273627161979675293e-01
6.843302398920059204e-03
3.252870142459869385e-01
1.005529910326004028e-01
3.611167073249816895e-01
-4.460202530026435852e-02
-1.037114560604095459e-01
-4.699705913662910461e-02
-5.563089847564697266e-01
3.122101128101348877e-01
-3.486222028732299805e-02
-4.363177716732025146e-01
4.162184596061706543e-01
-3.000828437507152557e-02
-1.854779273271560669e-01
2.430734634399414062e-01
1.616423130035400391e-01
4.322811663150787354e-01
-1.360923200845718384e-01
1.316884309053421021e-01
7.816740870475769043e-02
2.578588128089904785e-01
1.220603957772254944e-01
3.539954721927642822e-01
3.898092210292816162e-01
-2.488345503807067871e-01
3.108104504644870758e-02
1.126399338245391846e-01
-5.812598392367362976e-02
-1.436127275228500366e-01
3.926777862943708897e-04
-3.948198258876800537e-01
-2.712999582290649414e-01
-1.154630929231643677e-01
-2.410053461790084839e-02
-4.965448975563049316e-01
-3.652172088623046875e-01
1.515352725982666016e-01
3.804526329040527344e-01
-1.121579483151435852e-01
1.807706505060195923e-01
3.769878149032592773e-01
2.766199111938476562e-01
1.317522972822189331e-01
4.581794440746307373e-01
2.413650006055831909e-01
-6.550268828868865967e-02
1.833946444094181061e-02
-8.713038563728332520e-01
-6.347543001174926758e-01
-4.896152615547180176e-01
-7.722931504249572754e-01
-3.992266952991485596e-01
2.777535617351531982e-01
2.647086083889007568e-01
1.406618207693099976e-01
1.740166544914245605e-01
-1.508776694536209106e-01
1.804992109537124634e-01
1.270856941118836403e-03
-1.120302081108093262e-01
1.145719215273857117e-01
1.164933666586875916e-02
7.599591463804244995e-02
-2.484673112630844116e-01
-3.334590494632720947e-01
-3.723703920841217041e-01
-3.973106741905212402e-01
-6.599766016006469727e-02
-2.735991775989532471e-01
-3.615927398204803467e-01
3.128168582916259766e-01
-1.924873888492584229e-01
-5.554946660995483398e-01
-5.954118967056274414e-01
-6.430890560150146484e-01
-1.187842041254043579e-01
-5.502096414566040039e-01
-8.034445643424987793e-01
-5.999624729156494141e-01
-5.621368885040283203e-01
-4.609866440296173096e-01
-4.145549237728118896e-01
-1.319888383150100708e-01
3.140303492546081543e-01
-1.139302700757980347e-01
-5.432161092758178711e-01
2.506417632102966309e-01
2.307949215173721313e-01
-2.632526457309722900e-01
8.397936075925827026e-02
-3.151450455188751221e-01
-7.722452282905578613e-01
-9.028330445289611816e-02
-2.332668304443359375e-01
-6.274574398994445801e-01
-6.195697784423828125e-01
9.826973080635070801e-02
-1.669882684946060181e-01
-3.454342186450958252e-01
-2.846163511276245117e-01
-2.968789041042327881e-01
-6.486455202102661133e-01
-3.699274361133575439e-01
-1.876813471317291260e-01
1.299001425504684448e-01
-3.802580237388610840e-01
-9.951216727495193481e-02
3.583917766809463501e-02
-6.256212592124938965e-01
-3.868842720985412598e-01
-2.794750034809112549e-01
-4.616093337535858154e-01
1.985577642917633057e-01
-5.664160251617431641e-01
-6.723883152008056641e-01
-4.388884603977203369e-01
-4.018612205982208252e-01
-6.058701872825622559e-01
-4.890085160732269287e-01
-3.334431052207946777e-01
-5.996590852737426758e-01
-7.829430699348449707e-01
-4.676288664340972900e-01
-4.147145748138427734e-01
-5.633344054222106934e-01
7.146673277020454407e-03
-1.656630039215087891e-01
-2.951385080814361572e-01
-2.096677571535110474e-01
-4.086312055587768555e-01
5.405740439891815186e-02
2.472567856311798096e-01
3.189641237258911133e-01
-6.489594280719757080e-02
-1.345435380935668945e-01
-3.362532556056976318e-01
-5.279358029365539551e-01
-4.590865671634674072e-01
-5.590872168540954590e-01
-2.619752883911132812e-01
-3.394626080989837646e-01
-4.846655428409576416e-01
-4.414272010326385498e-01
-1.967824846506118774e-01
-4.979499876499176025e-01
-4.626631438732147217e-01
-3.176837861537933350e-01
-5.451800823211669922e-01
-3.777033090591430664e-01
-1.454329639673233032e-01
-4.172054231166839600e-01
-3.863573670387268066e-01
-2.824448347091674805e-01
-6.650913953781127930e-01
-3.393827676773071289e-01
-2.976133823394775391e-01
-5.050552487373352051e-01
-3.423686027526855469e-01
-6.682528853416442871e-01
-3.548068106174468994e-01
-9.796337783336639404e-02
-6.296394765377044678e-02
-1.489776074886322021e-01
-3.963845968246459961e-01
-4.403893351554870605e-01
-3.125903308391571045e-01
-1.964631378650665283e-01
-1.642259955406188965e-01
-3.650680929422378540e-02
-1.322443038225173950e-01
-8.434361964464187622e-02
-1.654235124588012695e-01
1.789239235222339630e-02
-1.641461551189422607e-01
-1.311425864696502686e-01
-4.254603087902069092e-01
-3.705182075500488281e-01
-3.834354281425476074e-01
-4.597412049770355225e-01
-4.253006279468536377e-01
-7.260795682668685913e-02
-9.874575585126876831e-02
-7.888294011354446411e-02
-3.684211522340774536e-02
-4.804981648921966553e-01
-5.428648591041564941e-01
-5.801475644111633301e-01
-7.255580425262451172e-01
-2.709327042102813721e-01
-2.238463610410690308e-01
-1.964791119098663330e-01
-3.487277077510952950e-03
-3.756276369094848633e-01
-7.192032337188720703e-01
-7.600465416908264160e-01
-5.287980437278747559e-01
-9.423884153366088867e-01
-4.909564852714538574e-01
-1.183850318193435669e-01
4.428566619753837585e-02
3.431220352649688721e-01
5.410530418157577515e-02
-4.868689775466918945e-01
-1.295299232006072998e-01
-4.532905817031860352e-01
-1.262567043304443359e-01
-3.594531714916229248e-01
-7.580506801605224609e-01
-5.252533555030822754e-01
-7.005538940429687500e-01
-5.438707470893859863e-01
5.819282680749893188e-02
4.100392758846282959e-01
5.525437593460083008e-01
1.878280192613601685e-01
3.330044448375701904e-02
-1.916571110486984253e-01
-2.268002331256866455e-01
-3.630457222461700439e-01
-6.213101744651794434e-01
-1.474767178297042847e-01
-6.444887071847915649e-02
-5.400866270065307617e-01
-1.024341061711311340e-01
-1.144412085413932800e-01
-3.146181404590606689e-01
-6.951037794351577759e-02
-3.504638075828552246e-01
-3.709493279457092285e-01
-9.628685563802719116e-02
-2.801615893840789795e-01
-4.002166390419006348e-01
1.622969508171081543e-01
-1.816618293523788452e-01
-4.538494348526000977e-01
-8.220405876636505127e-02
-1.589249819517135620e-01
-1.440438330173492432e-01
-2.313029021024703979e-01
-6.909523904323577881e-02
-2.498085349798202515e-01
-6.468731760978698730e-01
-2.590852975845336914e-01
-5.161149054765701294e-02
-3.805559873580932617e-02
-5.060452222824096680e-01
-3.787571489810943604e-01
-3.983644843101501465e-01
-5.596939325332641602e-01
-4.029948711395263672e-01
-4.640522897243499756e-01
-4.259233474731445312e-01
-5.771777033805847168e-01
-1.472796872258186340e-02
-3.630457222461700439e-01
-5.286383628845214844e-01
-3.286635875701904297e-02
-1.222490221261978149e-01
1.095221145078539848e-03
-5.405442416667938232e-02
-8.628616109490394592e-03
-4.784544110298156738e-01
-6.356803774833679199e-01
-1.853661537170410156e-01
-2.732159793376922607e-01
-7.140299677848815918e-01
-3.840900659561157227e-01
-3.113768398761749268e-01
-7.056792378425598145e-01
-2.523792088031768799e-01
-3.248209655284881592e-01
-3.854312896728515625e-01
-1.667966544628143311e-01
-5.092491209506988525e-02
2.803678391501307487e-03
5.406281910836696625e-03
-2.104501426219940186e-01
-3.315430283546447754e-01
-3.645465970039367676e-01
-1.195825487375259399e-01
-5.551593899726867676e-01
-3.925365507602691650e-01
-4.713970422744750977e-01
-5.951564311981201172e-01
-2.625021934509277344e-01
-1.723691076040267944e-01
-3.323359787464141846e-02
-3.874750733375549316e-01
-2.227446436882019043e-01
-2.842171788215637207e-01
8.837025612592697144e-02
-1.395252048969268799e-01
-1.484666615724563599e-01
6.390897184610366821e-02
1.149231940507888794e-01
-2.755151987075805664e-01
1.833892166614532471e-01
-7.406093925237655640e-02
-4.165507853031158447e-01
-3.424164950847625732e-01
-7.271068096160888672e-01
-6.760766506195068359e-01
-3.556210994720458984e-01
-4.040327370166778564e-01
1.060775369405746460e-01
2.876211106777191162e-01
2.478795051574707031e-01
2.444146871566772461e-01
-3.597990423440933228e-02
-3.722532093524932861e-02
-1.809698343276977539e-02
6.939103826880455017e-03
1.545051187276840210e-01
4.368317127227783203e-01
-3.267529606819152832e-01
-1.102419197559356689e-01
-2.842756174504756927e-02
1.137789990752935410e-02
4.263574481010437012e-01
4.238825738430023193e-01
4.437932968139648438e-01
-1.028173118829727173e-01
3.561669886112213135e-01
-1.612561494112014771e-01
-4.390800595283508301e-01
-3.319741487503051758e-01
1.170787289738655090e-01
-2.464554905891418457e-01
-1.494406461715698242e-01
-2.467534318566322327e-02
-1.281194202601909637e-02
4.623362421989440918e-02
-1.747801005840301514e-01
1.686837077140808105e-01
2.233543545007705688e-01
1.523176431655883789e-01
-8.087880164384841919e-02
3.970741629600524902e-01
1.012715026736259460e-01
-1.810550987720489502e-01
1.134223118424415588e-01
-2.215950340032577515e-01
-1.472531855106353760e-01
-4.349765777587890625e-01
-4.814667627215385437e-02
-5.106861516833305359e-02
-1.502230316400527954e-01
3.745183348655700684e-02
-3.376050293445587158e-02
-3.586228787899017334e-01
-4.061723053455352783e-01
-2.394140809774398804e-01
-1.472851186990737915e-01
-2.130367755889892578e-01
-2.664779424667358398e-01
1.998405531048774719e-02
-3.758990764617919922e-01
-6.863220036029815674e-02
1.893023960292339325e-02
-8.127797394990921021e-02
-1.547256857156753540e-01
-3.974224328994750977e-01
-9.825078397989273071e-02
-1.384979020804166794e-02
3.618991076946258545e-01
-2.906623855233192444e-02
-2.601071894168853760e-01
9.480491280555725098e-02
-4.187168553471565247e-02
8.417095988988876343e-02
-1.441875398159027100e-01
-4.839949309825897217e-01
-2.006624341011047363e-01
-3.663348853588104248e-01
-3.654567301273345947e-01
-2.743656039237976074e-01
-3.129895031452178955e-01
-4.309209883213043213e-01
-3.948677182197570801e-01
-5.482297539710998535e-01
-5.852250456809997559e-01
-8.716391324996948242e-01
-3.107222020626068115e-01
-9.531287103891372681e-02
-1.798521541059017181e-02
2.365643903613090515e-02
1.299001425504684448e-01
-8.341754227876663208e-02
-1.864199638366699219e-01
-6.642876565456390381e-02
-4.325336217880249023e-01
-1.682177186012268066e-01
-3.053573369979858398e-01
-1.610805094242095947e-01
-2.755950391292572021e-01
-5.868482217192649841e-02
4.674456641077995300e-02
2.277133166790008545e-01
-1.052283123135566711e-01
1.180846393108367920e-01
8.429870009422302246e-02
-5.656122788786888123e-02
8.819461613893508911e-02
-9.393972158432006836e-02
-5.981847271323204041e-02
1.338279843330383301e-01
-2.869899943470954895e-02
-2.794430553913116455e-01
-3.634713962674140930e-02
-3.565471768379211426e-01
-3.177316784858703613e-01
-1.330586224794387817e-01
-3.944526016712188721e-01
-3.707896471023559570e-01
-3.503520488739013672e-01
-1.344636976718902588e-01
-2.090131193399429321e-01
3.205502405762672424e-02
-2.909817174077033997e-02
-1.293542832136154175e-01
1.822769641876220703e-02
-4.281587004661560059e-01
1.516310721635818481e-01
2.765879929065704346e-01
5.667597427964210510e-02
1.622490584850311279e-01
3.761150315403938293e-02
-6.259670853614807129e-02
-6.357069313526153564e-02
-2.828599810600280762e-01
-1.835459321737289429e-01
-4.280149936676025391e-01
-4.493946731090545654e-01
-1.374654769897460938e-01
-2.716671824455261230e-01
-3.839783072471618652e-01
-4.098925888538360596e-01
-4.274880886077880859e-01
-3.033295273780822754e-01
-1.969102174043655396e-01
-4.297713637351989746e-01
-2.662065029144287109e-01
-3.434543311595916748e-01
-4.969760179519653320e-01
-4.642917811870574951e-01
-3.510172292590141296e-02
-2.004494331777095795e-02
7.505386322736740112e-02
2.330941557884216309e-01
-8.011239022016525269e-02
-1.276777684688568115e-01
3.644591942429542542e-02
-4.085513651371002197e-01
-1.937807053327560425e-01
-2.065861523151397705e-01
-1.337132602930068970e-01
-1.763448566198348999e-01
2.106980420649051666e-02
-4.192970693111419678e-01
-2.984117269515991211e-01
-1.544861793518066406e-01
-5.139487981796264648e-01
-3.770327270030975342e-01
-2.855264544486999512e-01
-1.358208805322647095e-01
-8.822357654571533203e-02
-2.214353680610656738e-01
-1.360284537076950073e-01
-3.867086470127105713e-01
-3.994821608066558838e-01
-1.816085167229175568e-02
2.559587359428405762e-01
3.672799468040466309e-01
1.459628194570541382e-01
-4.913662001490592957e-02
2.271544784307479858e-01
3.607175350189208984e-01
4.175117909908294678e-01
4.404615983366966248e-02
2.526376247406005859e-01
1.041455417871475220e-01
4.679246619343757629e-02
3.787601292133331299e-01
3.332385122776031494e-01
-3.944471850991249084e-02
-3.910941258072853088e-02
-2.818380892276763916e-01
-5.153165385127067566e-02
-2.106577157974243164e-01
-6.043373942375183105e-01
-2.436612844467163086e-01
-5.700829997658729553e-02
-2.985714077949523926e-01
-2.070172578096389771e-01
-2.038398534059524536e-01
-5.190262794494628906e-01
-3.157038688659667969e-01
-4.269931316375732422e-01
-4.598370194435119629e-01
-5.689228177070617676e-01
-2.696234285831451416e-01
-1.950206980109214783e-02
-3.085986077785491943e-01
-3.286210894584655762e-01
-4.718920290470123291e-01
-7.914214730262756348e-01
-6.722126603126525879e-01
-6.722286343574523926e-01
-5.751818418502807617e-01
-2.728168070316314697e-01
1.326464414596557617e-01
-1.411218941211700439e-01
-3.179552257061004639e-01
-3.975341916084289551e-01
-3.348801136016845703e-01
-3.043993115425109863e-01
-7.808459550142288208e-02
2.512539364397525787e-02
-1.330426484346389771e-01
-2.853827476501464844e-01
-7.926614582538604736e-02
-4.188180565834045410e-01
-5.332208275794982910e-01
-3.254915773868560791e-01
-3.657600879669189453e-01
-5.168707370758056641e-01
-1.148244142532348633e-01
-3.192804753780364990e-01
-3.339859843254089355e-01
-2.685376703739166260e-01
-3.673408031463623047e-01
-4.629825055599212646e-01
-4.476702511310577393e-01
-5.543610453605651855e-01
-6.056466698646545410e-01
-3.331716656684875488e-01
-2.326121926307678223e-01
4.323184862732887268e-02
1.382348537445068359e-01
2.640060782432556152e-01
1.853691190481185913e-01
-2.165973931550979614e-01
1.567299291491508484e-02
-3.125424385070800781e-01
-1.432295292615890503e-01
-1.618469208478927612e-01
-4.263384640216827393e-01
-5.612747073173522949e-01
-4.945490360260009766e-01
-5.855603218078613281e-01
-2.541834712028503418e-01
-5.186910033226013184e-01
-6.755018234252929688e-01
-5.880511403083801270e-01
-1.031260132789611816e+00
-8.087615370750427246e-01
-5.873007178306579590e-01
-3.100515902042388916e-01
-1.539273411035537720e-01
-1.163412705063819885e-01
-5.202662944793701172e-02
-1.649444997310638428e-01
-1.973892301321029663e-01
-2.478924989700317383e-01
-3.689534664154052734e-01
-5.089032649993896484e-01
-3.718115389347076416e-01
-3.149374723434448242e-01
-7.192192077636718750e-01
-3.715720474720001221e-01
-8.297046273946762085e-02
-5.517424345016479492e-01
-8.550814390182495117e-01
-6.419234275817871094e-01
-6.471925377845764160e-01
-3.244697153568267822e-01
-3.785016536712646484e-01
2.724845111370086670e-01
-7.894138805568218231e-03
-4.241031110286712646e-01
-2.975175976753234863e-01
-4.789174497127532959e-01
-4.209097325801849365e-01
-3.085347414016723633e-01
-3.463283777236938477e-01
-5.233533382415771484e-01
-3.138517141342163086e-01
-2.001993954181671143e-01
-5.151622891426086426e-01
-8.221098184585571289e-01
-5.458187460899353027e-01
-3.994182944297790527e-01
-6.629837751388549805e-01
-5.562132000923156738e-01
-6.243279576301574707e-01
-6.238808631896972656e-01
-2.734395265579223633e-01
-4.055336117744445801e-01
-2.143460661172866821e-01
-2.997689247131347656e-01
-3.237352371215820312e-01
1.391663588583469391e-02
-4.075933396816253662e-01
-5.523970723152160645e-01
-1.639705151319503784e-01
-4.140279889106750488e-01
-4.144910275936126709e-01
1.638095476664602757e-03
-2.070491909980773926e-01
9.288888424634933472e-02
-1.644974201917648315e-01
-4.409960806369781494e-01
-2.118552327156066895e-01
-1.463430672883987427e-01
1.366658252663910389e-03
-3.949261829257011414e-02
-5.161149054765701294e-02
-2.706612646579742432e-01
-6.272179484367370605e-01
-4.396548569202423096e-01
-8.107040822505950928e-02
-3.915146887302398682e-01
-6.676301360130310059e-01
-5.265786051750183105e-01
-4.086950719356536865e-01
-2.380249649286270142e-01
-1.019710674881935120e-01
-1.355494558811187744e-01
-1.376890093088150024e-01
2.196395024657249451e-02
-4.292604029178619385e-01
-2.903165221214294434e-01
-2.299776524305343628e-01
-4.062201976776123047e-01
-1.392962411046028137e-02
-3.246613144874572754e-01
-1.056913509964942932e-01
-3.724661767482757568e-01
-3.846489191055297852e-01
3.550173640251159668e-01
1.291816234588623047e-01
-3.407442709431052208e-03
-1.530651301145553589e-01
-8.503019809722900391e-02
5.606923252344131470e-02
-3.297866880893707275e-01
-3.073851168155670166e-01
1.089036762714385986e-01
-2.510220110416412354e-01
-1.218977496027946472e-01
-3.393613919615745544e-02
2.101135207340121269e-03
-3.066346943378448486e-01
-5.332527756690979004e-01
-4.872362017631530762e-01
-5.669109821319580078e-01
-3.270882666110992432e-01
-3.462006449699401855e-01
-4.096211493015289307e-01
-2.207168489694595337e-01
-5.967850685119628906e-01
-7.878172211349010468e-03
-3.727855086326599121e-01
-6.213900446891784668e-01
-2.735778130590915680e-02
-7.565762847661972046e-02
3.224662691354751587e-02
-5.304851010441780090e-02
7.468662410974502563e-02
7.368071377277374268e-02
-1.025937795639038086e-01
-3.036648333072662354e-01
-3.178061172366142273e-02
-1.825879216194152832e-01
-6.153747905045747757e-03
1.482674852013587952e-02
-1.094595417380332947e-01
2.351059913635253906e-01
-2.898215353488922119e-01
1.710148751735687256e-01
-6.712588947266340256e-03
1.490125060081481934e-01
-7.972918450832366943e-02
-5.898819491267204285e-02
9.637508541345596313e-03
-2.076399624347686768e-01
-2.484992444515228271e-01
-3.007109761238098145e-01
-1.323880106210708618e-01
-3.242142200469970703e-01
-4.433591961860656738e-01
-4.302982687950134277e-01
-2.529699802398681641e-01
-2.158309817314147949e-01
-3.272000551223754883e-01
-5.628713965415954590e-01
-4.499056041240692139e-01
-3.327884674072265625e-01
-3.422887623310089111e-01
-4.416666924953460693e-01
7.224369049072265625e-02
2.226039022207260132e-01
1.972165554761886597e-01
6.262788772583007812e-01
-7.888722466304898262e-04
-2.959314547479152679e-02
2.906548082828521729e-01
-3.253159523010253906e-01
-7.537022233009338379e-02
-7.414451241493225098e-01
-1.006335854530334473e+00
-8.854984045028686523e-01
-4.881463050842285156e-01
-2.410586774349212646e-01
-3.505436480045318604e-01
-1.231750994920730591e-01
-5.290694832801818848e-01
-7.463948130607604980e-01
-6.273297071456909180e-01
-7.678703069686889648e-01
-8.771317601203918457e-01
-7.384433150291442871e-01
-6.290381550788879395e-01
-4.911640584468841553e-01
-5.938631296157836914e-01
-7.143652439117431641e-01
-8.026462197303771973e-01
-6.549683809280395508e-01
-2.389989495277404785e-01
-3.431190252304077148e-01
8.264356292784214020e-03
-2.918493449687957764e-01
-2.025465369224548340e-01
-6.864870786666870117e-01
2.963347360491752625e-03
-3.300261795520782471e-01
-4.993231296539306641e-01
-3.358381390571594238e-01
-3.646264374256134033e-01
4.302693307399749756e-01
2.556234300136566162e-01
-3.561959266662597656e-01
-1.028811782598495483e-01
-5.601090788841247559e-01
-5.825371667742729187e-02
-3.062355220317840576e-01
-1.682017445564270020e-01
-1.643537282943725586e-01
1.705997437238693237e-01
1.534992009401321411e-01
1.698227971792221069e-02
-3.594531714916229248e-01
-3.263697624206542969e-01
-6.931293010711669922e-01
-5.977430939674377441e-01
-3.944046795368194580e-01
-1.426387578248977661e-01
-1.528575569391250610e-01
-5.114579796791076660e-01
-2.434537112712860107e-01
-5.401504635810852051e-01
2.141254842281341553e-01
-2.639976702630519867e-02
1.033950969576835632e-01
6.756539642810821533e-02
-2.245489060878753662e-01
-2.179705500602722168e-01
-5.613545179367065430e-01
-5.154337286949157715e-01
-3.896305859088897705e-01
-7.251588702201843262e-01
-7.575716376304626465e-01
-3.896146118640899658e-01
-5.248701572418212891e-01
-5.560694932937622070e-01
-5.412521958351135254e-01
-4.982054531574249268e-01
-6.869021654129028320e-01
-1.661579757928848267e-01
-1.939403712749481201e-01
-5.692900419235229492e-01
-7.029808759689331055e-01
-8.721979856491088867e-01
-8.296940922737121582e-01
-7.328868508338928223e-01
-2.895341515541076660e-01
-3.901734650135040283e-01
-1.716346293687820435e-01
-7.200121134519577026e-02
-2.161503285169601440e-01
9.862099587917327881e-02
-1.507382374256849289e-03
-2.953620553016662598e-01
-2.678351402282714844e-01
-7.102723419666290283e-02
-3.371953070163726807e-01
-4.102544113993644714e-02
-2.018439918756484985e-01
-5.469683408737182617e-01
1.816967278718948364e-01
-1.785003840923309326e-01
-4.626471996307373047e-01
-4.030427932739257812e-01
-5.681669712066650391e-02
-4.496181905269622803e-01
-6.012717485427856445e-01
1.726434975862503052e-01
-4.268494248390197754e-01
-6.845656037330627441e-02
-2.151763439178466797e-01
-6.105006337165832520e-01
-4.516086727380752563e-02
-2.243253737688064575e-01
-8.375284075736999512e-02
-1.324199438095092773e-01
-3.567547500133514404e-01
2.325726673007011414e-02
-4.760434031486511230e-01
-3.225856125354766846e-01
2.054394930601119995e-01
-1.137386709451675415e-01
-5.585283637046813965e-01
-2.963041067123413086e-01
-8.038382977247238159e-02
-5.591830015182495117e-01
4.533948004245758057e-02
3.030132055282592773e-01
-4.701676070690155029e-01
-5.146992802619934082e-01
5.694048404693603516e-01
3.308594524860382080e-01
-8.471085876226425171e-02
3.739061951637268066e-01
5.458696484565734863e-01
-2.840894460678100586e-01
-2.033448815345764160e-01
2.380917966365814209e-01
-1.365553587675094604e-01
-2.697990536689758301e-01
3.092137537896633148e-02
6.689478456974029541e-02
-5.467171315103769302e-03
-2.272313386201858521e-01
-4.384094476699829102e-01
-2.460882514715194702e-01
4.219400137662887573e-02
-1.033122837543487549e-01
1.162324845790863037e-01
7.157308608293533325e-02
-4.464887082576751709e-01
-2.298499196767807007e-01
-5.224431753158569336e-01
-4.167264103889465332e-01
-5.798441767692565918e-01
-4.844739437103271484e-01
-3.739191591739654541e-01
3.857493400573730469e-03
-2.856861352920532227e-01
-3.320060670375823975e-01
-3.566589653491973877e-01
-5.684916973114013672e-01
-4.883219599723815918e-01
-3.842178285121917725e-01
-1.141697764396667480e-01
-8.352930843830108643e-02
2.306991219520568848e-01
7.067201137542724609e-01
-9.898526221513748169e-02
5.705065131187438965e-01
3.535324335098266602e-01
-1.480195969343185425e-01
-1.015080288052558899e-01
1.051035597920417786e-01
-8.320996910333633423e-02
-1.732632517814636230e-01
2.065891176462173462e-01
-4.281587004661560059e-01
-6.809625029563903809e-01
-5.082007050514221191e-01
-5.229860544204711914e-01
-1.020509004592895508e-01
-1.956593804061412811e-02
-1.082141250371932983e-01
4.078891500830650330e-02
-1.247663702815771103e-02
-3.291799426078796387e-01
-4.535301029682159424e-01
1.543773859739303589e-01
-2.778942883014678955e-01
-3.643869459629058838e-01
1.807227581739425659e-01
-1.335535943508148193e-01
-1.153513267636299133e-01
-2.984861657023429871e-02
-1.832904517650604248e-01
-3.756116628646850586e-01
-3.694324791431427002e-01
-3.134950250387191772e-02
-1.621662527322769165e-01
-3.294034600257873535e-01
-5.236088037490844727e-01
-2.864685058593750000e-01
-2.078475356101989746e-01
-8.092724680900573730e-01
-4.381220340728759766e-01
-4.987163841724395752e-01
-3.257630169391632080e-01
-5.131185650825500488e-01
-6.793817877769470215e-01
-5.141084790229797363e-01
-6.963705420494079590e-01
-7.331263422966003418e-01
-8.168407678604125977e-01
-6.040979027748107910e-01
-5.370050072669982910e-01
-2.171242982149124146e-01
-2.481000721454620361e-01
3.330309391021728516e-01
-1.408185213804244995e-01
5.038501694798469543e-02
-2.591491639614105225e-01
-4.487879276275634766e-01
-9.550447762012481689e-02
-1.476842910051345825e-01
-4.383455812931060791e-01
-2.462000101804733276e-01
-1.235104054212570190e-01
-1.076233461499214172e-01
-2.675158083438873291e-01
2.752042748034000397e-02
-2.258422225713729858e-01
3.403491899371147156e-02
-1.636511832475662231e-01
-2.207328230142593384e-01
-9.146485477685928345e-02
-6.700091958045959473e-01
-3.633969724178314209e-01
-4.080723524093627930e-01
-5.814089179039001465e-01
-5.138689875602722168e-01
-6.409654617309570312e-01
-6.964184641838073730e-01
-9.445279836654663086e-01
-9.184700250625610352e-01
-7.602540850639343262e-01
-7.310506701469421387e-01
-7.721334695816040039e-01
-1.046476602554321289e+00
-8.228603005409240723e-01
-6.628560423851013184e-01
-7.006177306175231934e-01
-6.530364155769348145e-01
-8.844605684280395508e-01
-7.839170098304748535e-01
-4.912119507789611816e-01
-4.050226807594299316e-01
-4.277116358280181885e-01
-7.511475682258605957e-02
-4.647069275379180908e-01
-7.595834732055664062e-01
-2.301692515611648560e-01
-6.324869990348815918e-01
-9.321216940879821777e-01
-9.635605216026306152e-01
-1.042596697807312012e+00
-8.454214930534362793e-01
-4.220593571662902832e-01
-4.493308067321777344e-01
-1.007182121276855469e+00
-1.083918929100036621e+00
-1.075632095336914062e+00
-1.217130780220031738e+00
-1.013153672218322754e+00
-1.146892428398132324e+00
-1.130462408065795898e+00
-1.330958724021911621e+00
-1.540603995323181152e+00
-1.038237690925598145e+00
-9.475776553153991699e-01
-1.055913090705871582e+00
-7.350104451179504395e-01
-1.033160209655761719e+00
-3.146500587463378906e-01
-4.549032449722290039e-01
-2.707411050796508789e-01
3.275756910443305969e-02
-9.414623379707336426e-01
-8.229880332946777344e-01
-5.257323980331420898e-01
-5.145076513290405273e-01
-5.810896158218383789e-01
-9.324730038642883301e-01
-3.625667095184326172e-01
-9.432506561279296875e-01
-1.237233042716979980e+00
-8.646296858787536621e-01
-1.086154341697692871e+00
-1.027284383773803711e+00
-3.665264844894409180e-01
-2.882727682590484619e-01
-4.399262964725494385e-01
-6.730748414993286133e-01
-4.737601578235626221e-01
1.832774579524993896e-01
-7.343877553939819336e-01
1.134596578776836395e-02
-3.067943453788757324e-01
-4.272964894771575928e-01
-1.803844869136810303e-01
-6.850659847259521484e-01
-8.040193319320678711e-01
-5.371167659759521484e-01
-2.380728721618652344e-01
-6.882433891296386719e-01
-4.203029870986938477e-01
-8.959672600030899048e-02
-7.453090548515319824e-01
-1.010327577590942383e+00
-7.867271900177001953e-01
1.822874993085861206e-01
1.112827435135841370e-01
-5.037459731101989746e-01
-6.545532941818237305e-01
3.382734954357147217e-02
-2.376577258110046387e-01
-7.455591112375259399e-02
1.338120251893997192e-01
8.110532164573669434e-02
-4.468399584293365479e-01
-7.232907414436340332e-01
-1.599947661161422729e-01
-1.035677567124366760e-01
3.170917043462395668e-03
1.451165825128555298e-01
-6.246792078018188477e-01
-2.758185863494873047e-01
-2.215151935815811157e-01
-1.266823988407850266e-02
3.147328794002532959e-01
-2.413141429424285889e-01
1.512638330459594727e-01
3.487583398818969727e-01
3.609730005264282227e-01
-7.434834539890289307e-02
6.719122529029846191e-01
2.938801348209381104e-01
-3.166618943214416504e-01
2.000746279954910278e-01
3.016240894794464111e-01
-7.276762276887893677e-02
3.543627262115478516e-01
4.235153198242187500e-01
5.232445597648620605e-01
8.990572690963745117e-01
1.884028315544128418e-01
5.933551788330078125e-01
3.525744378566741943e-01
-1.224246546626091003e-01
-4.490912854671478271e-01
2.019906491041183472e-01
2.284797281026840210e-01
6.990879178047180176e-01
3.039712011814117432e-01
-6.823302805423736572e-02
-1.815660297870635986e-01
-2.055962085723876953e-01
-8.231582492589950562e-02
-1.919125765562057495e-01
-3.484519720077514648e-01
-4.203349351882934570e-01
-3.800823986530303955e-01
-2.884962856769561768e-01
-5.298678278923034668e-01
-1.756902188062667847e-01
-4.508636295795440674e-01
-6.511203646659851074e-01
-2.688729763031005859e-01
-4.333160221576690674e-01
-4.367648661136627197e-01
-2.608416676521301270e-01
-4.252367615699768066e-01
-3.468393087387084961e-01
-2.177949100732803345e-01
7.788000255823135376e-02
9.589066356420516968e-02
-5.649735778570175171e-02
-3.526352941989898682e-01
8.964760601520538330e-02
-2.057399153709411621e-01
-6.141516193747520447e-02
-1.025778129696846008e-01
-5.006005167961120605e-01
1.597636565566062927e-02
-4.167902767658233643e-01
-5.346578955650329590e-01
3.135248273611068726e-02
-6.502581834793090820e-01
-5.075620412826538086e-01
