-6.008019638061523438e+01
-3.163912200927734375e+01
-1.223859786987304688e+01
-1.580840587615966797e+00
2.471524715423583984e+00
3.725117444992065430e+00
3.588871955871582031e+00
3.470844507217407227e+00
3.061772823333740234e+00
2.034319400787353516e+00
1.024493217468261719e+00
-2.028339356184005737e-01
-8.870471715927124023e-01
-3.741107583045959473e-01
1.841077357530593872e-01
3.817938268184661865e-01
1.504814624786376953e-01
2.566612958908081055e-01
2.635430395603179932e-01
2.334135025739669800e-01
2.042739242315292358e-01
2.517913877964019775e-01
3.334780335426330566e-01
4.010339379310607910e-01
4.280978143215179443e-01
4.127217233180999756e-01
3.724212646484375000e-01
3.616915345191955566e-01
4.252930730581283569e-02
-1.164855122566223145e+00
-1.193467855453491211e+00
-1.019827842712402344e+00
-1.756902188062667847e-01
6.108548641204833984e-01
2.712710201740264893e-01
3.108369708061218262e-01
4.978252351284027100e-01
4.254632890224456787e-01
2.937364280223846436e-01
1.767949014902114868e-01
1.101969927549362183e-01
1.093188151717185974e-01
1.206074133515357971e-01
-4.201592803001403809e-01
-1.799054741859436035e-01
-6.066366434097290039e-01
-3.276311457157135010e-01
-3.059800565242767334e-01
-3.652810752391815186e-01
-1.115671694278717041e-01
2.363993078470230103e-01
2.645010650157928467e-01
1.667996197938919067e-01
2.193945646286010742e-01
2.454206049442291260e-01
2.365589737892150879e-01
-8.146958053112030029e-02
-2.517724633216857910e-01
-4.126229286193847656e-01
-5.388731360435485840e-01
-6.131351590156555176e-01
-6.486295461654663086e-01
-6.378998160362243652e-01
-5.806584954261779785e-01
2.118102908134460449e-01
7.724238634109497070e-01
5.976343154907226562e-01
-7.870730757713317871e-02
1.021231710910797119e-02
1.508487015962600708e-01
8.097225427627563477e-01
9.443873167037963867e-01
1.318060517311096191e+00
1.142951607704162598e+00
-5.798920989036560059e-01
-1.181987643241882324e+00
-2.690805494785308838e-01
7.325226068496704102e-01
1.207841038703918457e+00
1.382933974266052246e+00
1.403978347778320312e+00
1.527721762657165527e+00
1.103289842605590820e+00
3.646773397922515869e-01
2.589180506765842438e-02
-1.315098255872726440e-01
5.605112910270690918e-01
9.547338485717773438e-01
-1.098587140440940857e-01
-1.213554143905639648e+00
-1.033687114715576172e+00
3.267240226268768311e-01
1.957433298230171204e-03
-7.232428193092346191e-01
6.529809534549713135e-02
-3.485956788063049316e-01
5.779311656951904297e-01
-2.492337226867675781e-01
1.105642318725585938e-01
-7.457082271575927734e-01
-1.586301207542419434e+00
-1.603401780128479004e+00
-1.045534610748291016e+00
-9.158354997634887695e-01
-5.461380481719970703e-01
-3.618322312831878662e-01
-2.487706840038299561e-01
1.382083445787429810e-02
2.932574152946472168e-01
1.869977414608001709e-01
1.787907630205154419e-01
-7.996869087219238281e-02
-1.848392486572265625e-01
1.572833508253097534e-01
1.470964699983596802e-01
1.338599175214767456e-01
2.502905130386352539e-01
5.128341317176818848e-01
7.983700633049011230e-01
7.218087911605834961e-01
4.590736031532287598e-01
4.251599311828613281e-01
2.573478817939758301e-01
1.718611270189285278e-01
1.600615978240966797e-01
3.278257548809051514e-01
2.933372557163238525e-01
1.025169193744659424e-01
5.482381209731101990e-02
1.175417676568031311e-01
2.609244585037231445e-01
2.181331813335418701e-01
8.104889392852783203e-01
8.959596753120422363e-01
4.562155306339263916e-01
5.697880387306213379e-01
3.709044158458709717e-01
4.704580008983612061e-01
4.190765321254730225e-01
2.507854700088500977e-01
1.331573724746704102e-01
-7.134656608104705811e-02
-5.779281258583068848e-01
-3.359498977661132812e-01
-1.982035338878631592e-01
-2.159587144851684570e-01
-4.445832222700119019e-02
1.375802010297775269e-01
4.538737982511520386e-02
1.349456757307052612e-01
4.767064750194549561e-02
-9.138502180576324463e-02
-1.078628525137901306e-01
-3.587825596332550049e-01
-4.605501145124435425e-02
3.876057863235473633e-01
3.873343467712402344e-01
2.234022468328475952e-01
-1.220254823565483093e-01
-1.571686267852783203e-01
-1.540391147136688232e-01
-2.248203456401824951e-01
-1.155429258942604065e-01
-1.142655760049819946e-01
-4.626258090138435364e-02
1.607801020145416260e-01
-2.062668204307556152e-01
-3.431934490799903870e-02
2.538086473941802979e-02
4.491741359233856201e-01
6.172735691070556641e-01
5.832800269126892090e-01
6.043084263801574707e-01
2.592798471450805664e-01
2.502585649490356445e-01
2.218375056982040405e-01
2.810108065605163574e-01
2.550326585769653320e-01
1.249344348907470703e-01
3.185170590877532959e-01
2.979516983032226562e-01
3.404076695442199707e-01
4.010499119758605957e-01
5.066230297088623047e-01
7.019460201263427734e-01
8.855333328247070312e-01
8.451530337333679199e-01
5.822901129722595215e-01
3.132798969745635986e-01
2.265317589044570923e-01
2.476080656051635742e-01
2.852260768413543701e-01
5.232126116752624512e-01
3.653958439826965332e-01
4.496212005615234375e-01
4.107258617877960205e-01
4.000280201435089111e-01
3.973136544227600098e-01
3.199700415134429932e-01
4.119233787059783936e-01
4.470345675945281982e-01
4.712403714656829834e-01
2.049924284219741821e-01
-1.552845239639282227e-01
8.129692077636718750e-02
1.975997537374496460e-01
3.324242234230041504e-01
1.304270476102828979e-01
7.901365309953689575e-02
3.201616406440734863e-01
5.285295844078063965e-01
4.448790252208709717e-01
2.767795920372009277e-01
4.960210025310516357e-01
1.547605842351913452e-01
5.736254900693893433e-02
-3.589262664318084717e-01
-7.099105119705200195e-01
-8.703298568725585938e-01
-4.044798016548156738e-01
-2.630610466003417969e-01
-1.761372834444046021e-01
-4.899186491966247559e-01
-3.633810281753540039e-01
-2.323247790336608887e-01
-7.074196338653564453e-01
-9.856267571449279785e-01
-8.328076601028442383e-01
-1.919924169778823853e-01
1.542975455522537231e-01
3.625537455081939697e-01
4.670889675617218018e-01
1.538983732461929321e-01
-3.126063048839569092e-01
-2.734395265579223633e-01
2.020759135484695435e-02
2.488694489002227783e-01
5.431073307991027832e-01
6.249216794967651367e-01
5.715444087982177734e-01
5.750092267990112305e-01
5.000286698341369629e-01
3.305720388889312744e-01
2.041461765766143799e-01
3.840984776616096497e-02
9.980254620313644409e-02
-1.335481647402048111e-02
-8.005907759070396423e-03
1.119533553719520569e-01
1.854489445686340332e-01
7.441519200801849365e-02
-1.285984273999929428e-02
-1.800651401281356812e-01
-1.337771266698837280e-01
-1.635074764490127563e-01
-1.445707380771636963e-01
1.219486296176910400e-01
1.089889276772737503e-02
4.709583893418312073e-02
-6.700357049703598022e-02
2.648523151874542236e-01
3.200179338455200195e-01
1.489486396312713623e-01
4.905976727604866028e-02
1.019580811262130737e-01
9.378302842378616333e-02
3.066855669021606445e-01
2.911817133426666260e-01
2.793343067169189453e-01
1.631751358509063721e-01
8.112128823995590210e-02
-3.574039787054061890e-02
3.963929787278175354e-02
2.404868304729461670e-01
2.749274373054504395e-01
1.493478119373321533e-01
2.051840275526046753e-01
7.262689620256423950e-02
-5.909996107220649719e-02
-2.307865396142005920e-02
1.504814624786376953e-01
8.342051506042480469e-02
2.554478049278259277e-01
3.204969465732574463e-01
1.426417082548141479e-01
1.208628788590431213e-01
5.192688107490539551e-01
7.504374384880065918e-01
7.721683979034423828e-01
7.056503295898437500e-01
5.867927670478820801e-01
3.165690898895263672e-01
6.568130105733871460e-02
-1.999758630990982056e-01
-2.933023273944854736e-01
-1.272147297859191895e-01
2.648044228553771973e-01
3.591847121715545654e-01
2.062697857618331909e-01
1.643407195806503296e-01
3.618671596050262451e-01
2.739215195178985596e-01
2.467832155525684357e-02
4.240157082676887512e-02
1.682047098875045776e-01
2.173667699098587036e-01
-9.804749861359596252e-04
-8.748909831047058105e-02
2.267233729362487793e-01
4.915981590747833252e-01
4.723261296749114990e-01
3.464750647544860840e-01
2.078345268964767456e-01
3.497961759567260742e-01
4.008902311325073242e-01
4.792397916316986084e-01
4.308281540870666504e-01
3.544585108757019043e-01
2.213425189256668091e-01
1.116499826312065125e-01
-2.079593092203140259e-01
-4.405809342861175537e-01
-3.086944222450256348e-01
-1.619267612695693970e-01
-1.136747971177101135e-01
1.498427838087081909e-01
-4.322887212038040161e-02
-2.913863062858581543e-01
-2.117913663387298584e-01
-1.339687258005142212e-01
-1.755944192409515381e-01
2.660179138183593750e-01
3.339250981807708740e-01
2.808351814746856689e-01
5.364491343498229980e-01
4.305247962474822998e-01
2.458836436271667480e-01
2.344832718372344971e-01
2.623774409294128418e-01
-1.939244121313095093e-01
-2.968629598617553711e-01
-3.473183214664459229e-01
1.634944677352905273e-01
5.581917706876993179e-03
8.907280117273330688e-02
-1.288593113422393799e-01
-2.905400693416595459e-01
-4.138523638248443604e-01
-3.522361218929290771e-01
-4.439499676227569580e-01
-3.545513153076171875e-01
-2.968948781490325928e-01
-2.215631008148193359e-01
-5.179767496883869171e-03
-1.749876737594604492e-01
1.140450164675712585e-01
-1.086292639374732971e-01
4.703196883201599121e-02
1.258445531129837036e-01
-6.520986557006835938e-03
-1.567375212907791138e-01
-3.278227448463439941e-01
-4.665590822696685791e-01
-2.758185863494873047e-01
-1.136907637119293213e-01
1.382625196129083633e-03
-2.220047451555728912e-02
-1.363956928253173828e-01
-2.913703322410583496e-01
2.101337611675262451e-01
1.658310741186141968e-02
2.018150091171264648e-01
5.590582489967346191e-01
4.562793970108032227e-01
-4.381422884762287140e-03
-3.611935675144195557e-01
-6.051517128944396973e-01
-6.093989014625549316e-01
-3.564194440841674805e-01
-1.406269222497940063e-01
5.059683322906494141e-01
6.112380623817443848e-01
2.687641978263854980e-01
5.159157514572143555e-01
1.706476360559463501e-01
3.840132355690002441e-01
5.029506087303161621e-01
2.802284359931945801e-01
2.039545774459838867e-01
1.798765063285827637e-01
1.792857348918914795e-01
5.273215100169181824e-02
-1.255062669515609741e-01
5.699530988931655884e-02
3.024863004684448242e-01
-1.931046694517135620e-02
2.463786154985427856e-01
2.633354663848876953e-01
3.166968226432800293e-01
5.176880359649658203e-01
3.408387601375579834e-01
2.588327825069427490e-01
2.608605921268463135e-01
3.644378185272216797e-01
-2.408511042594909668e-01
-3.774318993091583252e-01
-2.790438830852508545e-01
-1.230633333325386047e-01
5.597884766757488251e-03
3.014005422592163086e-01
8.205161094665527344e-01
4.759665727615356445e-01
6.551151275634765625e-01
5.023119449615478516e-01
2.102136015892028809e-01
-3.702627420425415039e-01
-2.127972692251205444e-01
5.076822265982627869e-02
3.186883870512247086e-03
-1.259852796792984009e-01
-1.010130569338798523e-01
-4.096211493015289307e-01
-4.030268192291259766e-01
-2.405956387519836426e-01
-1.270231157541275024e-01
2.132792472839355469e-01
4.661948382854461670e-01
7.863629460334777832e-01
3.435531258583068848e-01
5.415320396423339844e-02
-2.885866910219192505e-02
-2.033608406782150269e-01
4.851689189672470093e-02
1.087599769234657288e-01
-6.285218149423599243e-02
1.402466744184494019e-01
2.954289317131042480e-01
4.663385450839996338e-01
4.433781504631042480e-01
3.959085643291473389e-01
2.235299944877624512e-01
1.728830039501190186e-01
1.713661551475524902e-01
5.066070556640625000e-01
6.971878409385681152e-01
7.668514251708984375e-01
4.435058832168579102e-01
4.283053874969482422e-01
2.571083605289459229e-01
3.473053574562072754e-01
4.160108864307403564e-01
7.459347844123840332e-01
4.520641267299652100e-01
5.811724066734313965e-01
5.776277780532836914e-01
3.986548781394958496e-01
4.619795680046081543e-01
4.757749736309051514e-01
1.341153979301452637e-01
1.541378796100616455e-01
1.851934790611267090e-01
4.211202859878540039e-01
3.711439371109008789e-01
3.192355632781982422e-01
4.043391048908233643e-01
3.846040070056915283e-01
5.952871441841125488e-01
5.196360349655151367e-01
3.228919804096221924e-01
3.848914206027984619e-01
-2.584092691540718079e-02
1.864283531904220581e-02
-8.953285962343215942e-02
7.320170849561691284e-02
3.483112752437591553e-01
2.415885478258132935e-01
2.726441621780395508e-01
3.145253360271453857e-01
5.493558198213577271e-02
-1.882242262363433838e-01
-1.711077243089675903e-01
-1.068888679146766663e-01
1.027883589267730713e-01
1.051674261689186096e-01
1.255092471837997437e-01
6.460097152739763260e-03
5.902310460805892944e-02
-2.389296516776084900e-02
1.641970127820968628e-01
2.745761573314666748e-01
1.151148006319999695e-01
-8.512599766254425049e-02
-1.577593982219696045e-01
8.763577789068222046e-02
-4.966352880001068115e-02
-2.093324661254882812e-01
-9.133711457252502441e-02
-1.737262904644012451e-01
1.154181733727455139e-01
3.453573882579803467e-01
2.826074957847595215e-01
9.645055532455444336e-01
6.595858335494995117e-01
4.404082894325256348e-01
1.810420900583267212e-01
8.998291194438934326e-02
1.887062042951583862e-01
2.329823821783065796e-01
1.622011512517929077e-01
3.599884733557701111e-02
3.278950229287147522e-02
1.167913228273391724e-01
2.565814554691314697e-01
3.165690898895263672e-01
1.074985936284065247e-01
2.062538117170333862e-01
2.356009632349014282e-01
1.040497422218322754e-01
1.794134676456451416e-01
3.867276012897491455e-01
3.320090770721435547e-01
4.027743339538574219e-01
3.946471810340881348e-01
8.983920514583587646e-02
-1.119663417339324951e-01
5.432884022593498230e-02
2.321042120456695557e-01
1.513436734676361084e-01
8.597522228956222534e-02
1.680929362773895264e-01
1.524453908205032349e-01
1.801479458808898926e-01
6.724605709314346313e-02
2.987180948257446289e-01
3.324082493782043457e-01
5.603516101837158203e-01
3.437447249889373779e-01
3.751835525035858154e-01
2.727559208869934082e-01
2.768754065036773682e-01
1.616742461919784546e-01
1.409971266984939575e-01
3.353780806064605713e-01
1.839320957660675049e-01
9.772685170173645020e-02
2.091757506132125854e-01
9.830166399478912354e-02
-2.707037702202796936e-02
-5.339436233043670654e-03
2.455164045095443726e-01
4.063349664211273193e-01
5.937703251838684082e-01
5.268211364746093750e-01
4.057920873165130615e-01
3.853384852409362793e-01
3.826879858970642090e-01
2.780729234218597412e-01
2.966264486312866211e-01
1.979031264781951904e-01
4.569659829139709473e-01
4.505153596401214600e-01
6.295361518859863281e-01
6.361943483352661133e-01
9.465587735176086426e-01
7.036864161491394043e-01
9.213311076164245605e-01
5.689098238945007324e-01
1.288782656192779541e-01
2.536275684833526611e-01
1.515831798315048218e-01
2.782964408397674561e-01
3.354100286960601807e-01
3.670883476734161377e-01
3.966111242771148682e-01
1.867103427648544312e-01
7.272270321846008301e-02
3.900806605815887451e-01
4.381090700626373291e-01
4.364006221294403076e-01
3.499239385128021240e-01
3.082183897495269775e-01
3.458523750305175781e-01
2.563898563385009766e-01
3.556720018386840820e-01
3.923639357089996338e-01
4.353148639202117920e-01
1.878439784049987793e-01
2.372934520244598389e-01
2.341639399528503418e-01
1.625364571809768677e-01
-1.623099595308303833e-01
-1.531289964914321899e-01
-6.015377864241600037e-02
3.706862777471542358e-02
2.622177898883819580e-01
3.145093619823455811e-01
1.527487486600875854e-01
1.616423130035400391e-01
6.124515533447265625e-01
6.772611737251281738e-01
3.667849600315093994e-01
4.189807474613189697e-01
2.880362570285797119e-01
1.085524037480354309e-01
1.843791753053665161e-01
2.474004924297332764e-01
3.401202559471130371e-01
2.392733395099639893e-01
-4.212715476751327515e-02
-2.474135011434555054e-01
3.921360708773136139e-03
1.169350221753120422e-01
7.621944695711135864e-02
2.405986040830612183e-01
4.928276240825653076e-01
3.344679772853851318e-01
2.032999396324157715e-01
9.723187983036041260e-02
-8.095863461494445801e-02
5.573392659425735474e-02
1.316245645284652710e-01
1.000420525670051575e-01
4.160322621464729309e-02
2.823999226093292236e-01
2.398162186145782471e-01
1.137576103210449219e-01
1.142046824097633362e-01
1.843472421169281006e-01
1.960509717464447021e-01
2.975525259971618652e-01
3.111882507801055908e-01
3.485188484191894531e-01
3.234508037567138672e-01
3.597914576530456543e-01
3.386512994766235352e-01
3.895272314548492432e-02
2.913094758987426758e-01
4.687495231628417969e-01
2.189474850893020630e-01
1.646281182765960693e-01
6.758136302232742310e-02
3.448145091533660889e-01
4.409511685371398926e-01
5.921257138252258301e-01
8.407781124114990234e-01
9.098029732704162598e-01
7.050116658210754395e-01
3.187725245952606201e-01
2.694827318191528320e-01
2.304755896329879761e-01
1.505453288555145264e-01
-2.544175460934638977e-02
-1.454968303442001343e-01
8.548025041818618774e-02
2.577949464321136475e-01
4.189009070396423340e-01
3.019593656063079834e-01
2.987500429153442383e-01
4.733320474624633789e-01
1.360473930835723877e-01
3.767802417278289795e-01
2.501148581504821777e-01
2.128481417894363403e-01
2.460592687129974365e-01
4.851689189672470093e-02
7.966829836368560791e-02
2.236736863851547241e-01
1.342590898275375366e-01
2.127363681793212891e-01
2.581941187381744385e-01
1.101171597838401794e-01
3.239032998681068420e-02
2.466235496103763580e-02
1.738090813159942627e-01
2.964029014110565186e-01
-8.728152513504028320e-02
-1.810231655836105347e-01
-8.838324248790740967e-02
2.641976773738861084e-01
2.333975285291671753e-01
9.991431981325149536e-02
5.672387406229972839e-02
1.001059189438819885e-01
1.016441639512777328e-02
-4.891308397054672241e-02
1.067002490162849426e-01
1.185796111822128296e-01
-5.676879733800888062e-02
-6.149499490857124329e-02
-1.605376303195953369e-01
6.236560642719268799e-03
1.253336071968078613e-01
3.042426407337188721e-01
4.310197830200195312e-01
1.163761839270591736e-01
-1.970422221347689629e-03
-2.280296832323074341e-01
-1.725127995014190674e-01
-1.496322453022003174e-01
-1.039030626416206360e-01
9.668900817632675171e-02
3.718464672565460205e-01
4.591214954853057861e-01
3.926353752613067627e-01
3.424673974514007568e-01
2.815377116203308105e-01
1.888978034257888794e-01
1.577144563198089600e-01
1.196014955639839172e-01
1.575547903776168823e-01
2.425465583801269531e-01
3.864402174949645996e-01
3.489978313446044922e-01
2.607807517051696777e-01
2.270267456769943237e-01
1.694181859493255615e-01
2.084253132343292236e-01
3.090327084064483643e-01
2.024856209754943848e-01
1.485973596572875977e-01
1.254134476184844971e-01
1.082330718636512756e-01
4.721983969211578369e-01
3.692598342895507812e-01
2.602698206901550293e-01
1.624885648488998413e-01
8.785931020975112915e-02
-4.046659916639328003e-02
-3.791189566254615784e-02
2.024696618318557739e-01
1.485175341367721558e-01
2.895744889974594116e-02
1.459149271249771118e-01
2.692751586437225342e-01
3.016879558563232422e-01
2.549368739128112793e-01
1.961946636438369751e-01
5.265231803059577942e-02
9.829111397266387939e-03
2.331260889768600464e-01
1.819681674242019653e-01
1.476288121193647385e-02
1.624406576156616211e-01
1.082490384578704834e-01
1.146357953548431396e-01
8.089774847030639648e-02
1.952101476490497589e-02
7.634718716144561768e-02
-1.923063211143016815e-02
-1.367415394634008408e-02
1.204956397414207458e-01
1.580497622489929199e-01
2.418280541896820068e-01
3.018635809421539307e-01
2.165524512529373169e-01
1.404542475938796997e-01
1.058540046215057373e-01
1.986855119466781616e-01
-2.170550078153610229e-02
-5.367121845483779907e-02
2.083454728126525879e-01
2.435045689344406128e-01
1.778008043766021729e-01
1.496192514896392822e-01
-6.904191803187131882e-03
1.785512566566467285e-01
2.887228131294250488e-01
2.317369729280471802e-01
8.064227551221847534e-02
1.462342590093612671e-01
8.520881086587905884e-02
8.155239373445510864e-02
2.558843418955802917e-02
2.212307602167129517e-01
4.130091071128845215e-01
4.852912425994873047e-01
4.163461923599243164e-01
4.065425097942352295e-01
2.845714390277862549e-01
6.283919513225555420e-02
1.534992009401321411e-01
2.230190485715866089e-01
3.550492823123931885e-01
3.713035881519317627e-01
4.497808814048767090e-01
3.919487893581390381e-01
3.753591775894165039e-01
2.627127468585968018e-01
2.845874130725860596e-01
2.947263717651367188e-01
2.637346386909484863e-01
2.704088091850280762e-01
1.773058325052261353e-01
1.591993868350982666e-01
3.250794410705566406e-01
2.904153168201446533e-01
2.720374166965484619e-01
2.218534648418426514e-01
3.459002673625946045e-01
3.322325944900512695e-01
1.550639569759368896e-01
9.620999544858932495e-02
5.886343866586685181e-02
-7.928211241960525513e-02
-1.439266465604305267e-02
3.234029114246368408e-01
4.663544893264770508e-01
2.208954542875289917e-01
2.937258780002593994e-02
-2.231224253773689270e-02
-2.385561587288975716e-03
-6.082438677549362183e-02
2.649426460266113281e-04
-2.033234760165214539e-02
9.735961258411407471e-02
3.178304731845855713e-01
2.459475100040435791e-01
1.921764388680458069e-02
4.086874797940254211e-02
2.190432995557785034e-01
5.434266924858093262e-01
4.115880727767944336e-01
2.374211847782135010e-01
2.539788484573364258e-01
1.699451059103012085e-01
7.427148520946502686e-02
2.702172100543975830e-01
1.092230156064033508e-01
7.722536474466323853e-02
1.138374507427215576e-01
1.432484537363052368e-01
3.609889745712280273e-01
3.496045768260955811e-01
3.200658261775970459e-01
2.011124789714813232e-01
2.475920915603637695e-01
4.777868092060089111e-01
1.688433885574340820e-01
-1.011248230934143066e-01
-6.095212325453758240e-02
4.897993057966232300e-02
1.054228916764259338e-01
1.816009283065795898e-01
1.446375697851181030e-01
-3.615553677082061768e-02
-5.916383117437362671e-02
1.756452769041061401e-01
2.961793541908264160e-01
2.979357242584228516e-01
1.614507138729095459e-01
1.995477229356765747e-01
7.508579641580581665e-02
3.632882237434387207e-01
2.129599004983901978e-01
5.408933758735656738e-02
2.113153189420700073e-01
2.195861637592315674e-01
2.380279302597045898e-01
2.543939948081970215e-01
2.585134506225585938e-01
2.327588498592376709e-01
1.254453808069229126e-01
9.014257788658142090e-02
-2.676700614392757416e-02
5.081612244248390198e-02
1.493637710809707642e-01
4.042752385139465332e-01
3.330948054790496826e-01
3.687169551849365234e-01
3.165531158447265625e-01
1.617061793804168701e-01
9.724784642457962036e-02
1.150030270218849182e-01
3.051208257675170898e-01
3.953976333141326904e-01
4.444958269596099854e-01
2.538511157035827637e-01
9.515618532896041870e-02
1.427854150533676147e-01
1.458350867033004761e-01
5.856271982192993164e-01
7.538703083992004395e-01
6.100884675979614258e-01
3.985910117626190186e-01
3.696270585060119629e-01
1.445737034082412720e-01
1.583691090345382690e-01
2.263561338186264038e-01
3.389067649841308594e-01
4.154839813709259033e-01
3.758381903171539307e-01
2.273620367050170898e-01
2.905111312866210938e-01
2.401355504989624023e-01
1.394163966178894043e-01
2.880362570285797119e-01
4.109174609184265137e-01
3.642781674861907959e-01
3.636075556278228760e-01
4.551457464694976807e-01
3.588653802871704102e-01
2.014956772327423096e-01
2.767795920372009277e-01
1.001857519149780273e-01
6.520229578018188477e-02
-5.183502659201622009e-02
1.518865376710891724e-01
2.513762414455413818e-01
2.766837775707244873e-01
3.436808586120605469e-01
3.722296655178070068e-01
1.849380135536193848e-01
1.165039166808128357e-01
2.695944905281066895e-01
4.139351844787597656e-01
3.493650853633880615e-01
1.937517374753952026e-01
2.177819013595581055e-01
-2.702247537672519684e-02
1.118256226181983948e-01
2.872059643268585205e-01
2.435524761676788330e-01
2.380279302597045898e-01
1.949971467256546021e-01
3.229238986968994141e-01
4.655402004718780518e-01
3.107731044292449951e-01
1.161686107516288757e-01
-5.284094065427780151e-02
-2.191307023167610168e-02
1.445737034082412720e-01
2.422751188278198242e-01
-5.806211382150650024e-02
-2.705495059490203857e-01
-6.797755509614944458e-02
7.168485224246978760e-02
3.745183348655700684e-02
-4.477224312722682953e-03
1.211662515997886658e-01
-4.005146026611328125e-02
-5.841338634490966797e-02
-7.450801134109497070e-02
-1.338674966245889664e-02
3.366767987608909607e-02
2.294696718454360962e-01
2.920918464660644531e-01
2.753585278987884521e-01
2.168079316616058350e-01
3.005063831806182861e-01
2.777216434478759766e-01
3.044981062412261963e-01
3.732036650180816650e-01
2.381875962018966675e-01
1.763318628072738647e-01
7.087054103612899780e-02
2.466235496103763580e-02
1.599019169807434082e-01
3.360008001327514648e-01
4.365283548831939697e-01
2.092076838016510010e-01
2.578907310962677002e-01
2.618505358695983887e-01
2.197618037462234497e-01
2.474324256181716919e-01
3.093041479587554932e-01
3.586737811565399170e-01
2.939120531082153320e-01
2.578747868537902832e-01
2.449415922164916992e-01
7.537320256233215332e-02
1.076742261648178101e-01
-1.150798872113227844e-01
-1.664134562015533447e-01
-9.697343409061431885e-02
-9.769193828105926514e-02
-1.270017400383949280e-02
-1.124718692153692245e-02
1.079616323113441467e-01
2.574117481708526611e-01
1.629994958639144897e-01
1.192821562290191650e-01
1.833253502845764160e-01
2.282881289720535278e-01
1.086695957928895950e-02
4.070694446563720703e-01
5.692611336708068848e-01
5.016573071479797363e-01
3.138227760791778564e-01
1.651709973812103271e-01
5.163043364882469177e-02
6.362157315015792847e-02
2.522119507193565369e-02
8.966899476945400238e-03
-6.448080390691757202e-02
-5.684863030910491943e-02
1.705837696790695190e-01
2.936246693134307861e-01
8.305327594280242920e-02
-5.102071538567543030e-02
-4.495329782366752625e-02
-8.111830800771713257e-02
1.109155043959617615e-01
7.336137443780899048e-02
-8.193261921405792236e-02
3.207099065184593201e-02
7.018396258354187012e-02
5.263634771108627319e-02
2.274259179830551147e-01
3.404715359210968018e-01
2.823520302772521973e-01
2.573319077491760254e-01
2.252863496541976929e-01
1.057102978229522705e-01
2.165843844413757324e-01
1.119533553719520569e-01
1.746074259281158447e-01
2.574276924133300781e-01
4.045307040214538574e-01
2.275057435035705566e-01
4.670251011848449707e-01
1.463939398527145386e-01
1.864708364009857178e-01
1.669752597808837891e-01
1.149072274565696716e-01
7.080667465925216675e-02
1.277126818895339966e-01
1.234016194939613342e-01
8.691726624965667725e-02
1.604288369417190552e-01
2.400078177452087402e-01
2.674230039119720459e-01
1.383785456418991089e-01
2.741290926933288574e-01
3.648689389228820801e-01
3.067973554134368896e-01
5.860796570777893066e-02
-3.674631193280220032e-02
3.849552869796752930e-01
4.820818901062011719e-01
3.671362400054931641e-01
2.771308720111846924e-01
3.552409112453460693e-01
4.252237975597381592e-01
4.999009370803833008e-01
4.011776447296142578e-01
3.562947213649749756e-01
1.938794702291488647e-01
1.435677856206893921e-01
1.994838565587997437e-01
3.479440212249755859e-01
1.534193605184555054e-01
-3.942875191569328308e-02
1.243117302656173706e-01
2.842041850090026855e-01
1.116659492254257202e-01
5.579779297113418579e-02
9.371916204690933228e-02
1.140450164675712585e-01
3.796277567744255066e-02
1.703123301267623901e-01
1.968493163585662842e-01
8.059437572956085205e-02
2.597748339176177979e-01
3.220297694206237793e-01
2.215500921010971069e-01
1.374844014644622803e-01
-2.775695361196994781e-02
2.273035980761051178e-02
1.789184957742691040e-01
1.290379315614700317e-01
2.450268529355525970e-02
1.485654264688491821e-01
2.852580249309539795e-01
2.163768261671066284e-01
2.219013720750808716e-01
1.182283461093902588e-01
1.082969382405281067e-01
1.316724568605422974e-01
4.024709761142730713e-01
3.622184395790100098e-01
1.589439064264297485e-01
1.499545425176620483e-01
1.960509717464447021e-01
-6.596572697162628174e-02
-2.216908335685729980e-01
-2.909232676029205322e-01
-2.507825195789337158e-01
2.622710913419723511e-02
1.414601653814315796e-01
2.490131556987762451e-01
3.892982900142669678e-01
2.972012460231781006e-01
1.157854050397872925e-01
9.196280688047409058e-02
9.889243543148040771e-02
-1.365818735212087631e-02
9.498054534196853638e-02
5.924664437770843506e-02
9.624192863702774048e-02
2.200013101100921631e-01
2.042579501867294312e-01
1.952845603227615356e-01
1.637499481439590454e-01
7.012009620666503906e-02
-7.597696781158447266e-02
-9.678182750940322876e-02
-1.536559015512466431e-01
-1.721296012401580811e-01
-2.945637106895446777e-01
-4.870605766773223877e-01
-3.480049073696136475e-01
-6.989358365535736084e-02
2.452406799420714378e-03
4.979424178600311279e-02
-1.823963075876235962e-01
-2.707570791244506836e-01
-2.969427704811096191e-01
-2.454016655683517456e-01
-1.950101554393768311e-01
-1.769516021013259888e-01
-8.531759679317474365e-02
1.873011142015457153e-01
2.066370099782943726e-01
2.354253232479095459e-01
2.279847562313079834e-01
1.964182108640670776e-01
1.698333323001861572e-01
6.475522369146347046e-02
1.619456857442855835e-01
2.150515764951705933e-01
-6.712588947266340256e-03
1.531958281993865967e-01
3.134236037731170654e-01
3.120877966284751892e-02
-3.261621892452239990e-01
-2.843129634857177734e-01
-1.846636086702346802e-01
1.455317139625549316e-01
3.530534207820892334e-01
3.550812304019927979e-01
1.458829939365386963e-01
1.494755446910858154e-01
1.570917516946792603e-01
1.423862427473068237e-01
2.194903641939163208e-01
1.703283041715621948e-01
3.495407104492187500e-01
2.311142683029174805e-01
2.304436564445495605e-01
2.205441743135452271e-01
1.072910204529762268e-01
-8.852694183588027954e-02
-6.344296038150787354e-02
7.620348036289215088e-02
6.865113973617553711e-02
1.787428557872772217e-01
2.379161566495895386e-01
3.536761403083801270e-01
3.558476269245147705e-01
4.121149778366088867e-01
2.668162584304809570e-01
1.560219675302505493e-01
2.999156117439270020e-01
4.287844002246856689e-01
3.082822561264038086e-01
9.169136732816696167e-02
1.375482678413391113e-01
2.102934420108795166e-01
2.442071139812469482e-01
2.412532418966293335e-01
4.008423388004302979e-01
3.669765591621398926e-01
1.579379886388778687e-01
-2.354169264435768127e-02
-2.779316855594515800e-04
6.130104064941406250e-01
6.377271413803100586e-01
4.885484874248504639e-01
4.048979282379150391e-01
9.932354092597961426e-02
-5.718393623828887939e-02
3.948867022991180420e-01
4.103107154369354248e-01
2.984945774078369141e-01
6.624013930559158325e-02
1.570119112730026245e-01
1.321354955434799194e-01
2.018469423055648804e-01
1.306186467409133911e-01
7.224369049072265625e-02
2.589605152606964111e-01
2.450693249702453613e-01
1.723560988903045654e-01
2.121350541710853577e-02
8.679495193064212799e-03
9.244181215763092041e-02
1.615624874830245972e-01
1.224915012717247009e-01
1.699770390987396240e-01
9.782265126705169678e-02
3.096873462200164795e-01
6.004285216331481934e-01
5.384929180145263672e-01
6.252090930938720703e-01
5.544278621673583984e-01
3.083940446376800537e-01
3.516164124011993408e-01
2.386187016963958740e-01
3.515685200691223145e-01
3.021669387817382812e-01
1.863431036472320557e-01
2.925868034362792969e-01
4.166814982891082764e-01
5.706981420516967773e-01
1.387617588043212891e-01
-1.947866231203079224e-01
-1.430059820413589478e-01
1.222360357642173767e-01
2.203525751829147339e-01
2.419557869434356689e-01
2.353774160146713257e-01
3.124815523624420166e-01
2.801645696163177490e-01
3.450380563735961914e-01
3.682060241699218750e-01
2.441751807928085327e-01
4.008583128452301025e-01
4.940091669559478760e-01
4.771321415901184082e-01
5.314674973487854004e-01
3.699464201927185059e-01
3.762533366680145264e-01
4.359695017337799072e-01
3.296938836574554443e-01
1.695938259363174438e-01
1.324388682842254639e-01
3.147009611129760742e-01
2.528930902481079102e-01
2.248073369264602661e-01
3.339570462703704834e-01
3.543787002563476562e-01
4.163940846920013428e-01
3.456607758998870850e-01
5.177998542785644531e-01
2.489333152770996094e-01
2.062697857618331909e-01
1.894406676292419434e-01
3.610049486160278320e-01
1.799244135618209839e-01
2.462189495563507080e-01
3.641344606876373291e-01
1.751343458890914917e-01
1.744637340307235718e-01
3.000912666320800781e-01
5.017371177673339844e-01
2.812503278255462646e-01
1.776411384344100952e-01
1.322472691535949707e-01
1.469208449125289917e-01
3.219659030437469482e-01
2.289427667856216431e-01
1.632390022277832031e-01
4.437294304370880127e-01
6.702357530593872070e-01
1.025674700736999512e+00
6.109027862548828125e-01
2.069244235754013062e-01
4.663279652595520020e-02
3.577317297458648682e-01
7.503789663314819336e-02
-6.112775951623916626e-02
-4.374993443489074707e-01
-6.211026310920715332e-01
-6.136940121650695801e-01
-8.930931985378265381e-02
3.415253460407257080e-01
2.447180598974227905e-01
9.078125655651092529e-02
-1.774306148290634155e-01
-2.474135011434555054e-01
-3.155601918697357178e-01
-9.764403849840164185e-02
-9.069844335317611694e-02
-2.633644044399261475e-01
2.309759892523288727e-02
3.017358481884002686e-01
4.078358411788940430e-01
6.248792260885238647e-02
-4.030151292681694031e-03
1.140450164675712585e-01
2.907346487045288086e-01
2.689877450466156006e-01
2.724365890026092529e-01
-8.729749172925949097e-02
-1.975808292627334595e-01
-3.796033859252929688e-01
-1.062821298837661743e-01
-8.060736954212188721e-02
-1.927109211683273315e-01
-1.591325551271438599e-01
1.232419461011886597e-01
4.698193073272705078e-01
3.907033801078796387e-01
5.595746263861656189e-02
-8.410411328077316284e-02
-2.890656888484954834e-02
2.236098200082778931e-01
2.110758125782012939e-01
8.838622272014617920e-02
3.160262107849121094e-01
4.428991377353668213e-01
4.082829058170318604e-01
3.692119419574737549e-01
-9.009169787168502808e-02
-2.113602608442306519e-01
-3.642592132091522217e-01
-2.044306248426437378e-01
-2.253577858209609985e-02
4.949512183666229248e-01
4.321214854717254639e-01
1.755335181951522827e-01
7.274408359080553055e-03
-7.993675768375396729e-02
3.166010081768035889e-01
3.623940646648406982e-01
4.583870172500610352e-01
3.575401306152343750e-01
2.298688441514968872e-01
-3.843774795532226562e-01
-3.077044785022735596e-01
-2.626139521598815918e-01
-3.729292154312133789e-01
-4.424330890178680420e-01
-2.586382329463958740e-01
-3.492608666419982910e-02
9.261744469404220581e-02
-3.535177791491150856e-03
-1.646251678466796875e-01
-3.432467579841613770e-01
-3.894868791103363037e-01
9.027031809091567993e-02
-1.958190463483333588e-02
-2.933981418609619141e-01
-4.608589112758636475e-01
-5.271853804588317871e-01
-3.377860784530639648e-01
-1.809433251619338989e-01
2.202088683843612671e-01
3.783929049968719482e-01
5.664030313491821289e-01
5.656206607818603516e-01
7.171943783760070801e-01
6.790494918823242188e-01
6.580849289894104004e-01
3.720859587192535400e-01
3.375974893569946289e-01
4.068139493465423584e-01
3.326637148857116699e-01
3.430741131305694580e-01
2.630959749221801758e-01
2.078185677528381348e-01
5.066389441490173340e-01
3.527820110321044922e-01
3.481037020683288574e-01
6.031109094619750977e-01
5.049464702606201172e-01
4.901451766490936279e-01
4.013213515281677246e-01
5.082197189331054688e-01
4.344207048416137695e-01
3.378848731517791748e-01
2.582899034023284912e-01
3.824165463447570801e-01
2.979516983032226562e-01
2.941036820411682129e-01
3.759818971157073975e-01
3.546660840511322021e-01
3.045140802860260010e-01
2.836134135723114014e-01
1.920752078294754028e-01
4.037642776966094971e-01
5.174645185470581055e-01
3.680303692817687988e-01
2.766358852386474609e-01
2.580344378948211670e-01
2.323117852210998535e-01
1.971207559108734131e-01
5.259429216384887695e-01
5.709376335144042969e-01
4.245212376117706299e-01
5.726620554924011230e-01
9.675871729850769043e-01
6.381422877311706543e-01
6.456946134567260742e-01
4.606862664222717285e-01
4.626821279525756836e-01
5.111895203590393066e-01
4.048660099506378174e-01
7.695657610893249512e-01
7.440347075462341309e-01
4.324567914009094238e-01
2.025814205408096313e-01
2.484223693609237671e-01
1.138853505253791809e-01
2.758535146713256836e-01
3.012249171733856201e-01
3.911025524139404297e-01
5.187099575996398926e-01
2.984786033630371094e-01
5.118761062622070312e-01
4.827844202518463135e-01
2.846193313598632812e-01
1.427375078201293945e-01
8.830638974905014038e-02
4.594408273696899414e-01
1.617540866136550903e-01
2.070042490959167480e-01
1.894247084856033325e-01
4.601114392280578613e-01
6.240275502204895020e-01
2.386346757411956787e-01
1.290858238935470581e-01
1.897814124822616577e-02
5.640453472733497620e-02
3.051687180995941162e-01
3.006500899791717529e-01
5.489193201065063477e-01
5.671694874763488770e-01
6.611027121543884277e-01
5.851322412490844727e-01
6.506443619728088379e-01
6.213610768318176270e-01
4.616602361202239990e-01
3.366394639015197754e-01
4.270120859146118164e-01
4.931150078773498535e-01
7.124202847480773926e-01
5.063675045967102051e-01
3.435531258583068848e-01
2.013519704341888428e-01
1.877801120281219482e-01
3.803408443927764893e-01
4.215194582939147949e-01
4.919973313808441162e-01
5.415905117988586426e-01
4.721983969211578369e-01
2.535956501960754395e-01
2.690037190914154053e-01
3.788399696350097656e-01
4.504834115505218506e-01
6.302067637443542480e-01
6.869530677795410156e-01
9.082542061805725098e-01
6.866656541824340820e-01
6.757443547248840332e-01
6.921582818031311035e-01
4.154680073261260986e-01
2.266595065593719482e-01
2.497156858444213867e-01
1.918676346540451050e-01
1.485814005136489868e-01
1.609078347682952881e-01
2.592159807682037354e-01
4.462202489376068115e-01
4.593130946159362793e-01
2.259888947010040283e-01
1.579858958721160889e-01
1.811857968568801880e-01
1.292455047369003296e-01
-1.237978115677833557e-01
-1.361242532730102539e-01
-1.671160012483596802e-01
-1.476683169603347778e-01
-9.100181609392166138e-02
1.963862776756286621e-01
4.024550020694732666e-01
5.828329920768737793e-01
5.845733880996704102e-01
5.170174241065979004e-01
8.689596652984619141e-01
6.409524679183959961e-01
4.784254729747772217e-01
2.195861637592315674e-01
8.926440030336380005e-02
8.439449965953826904e-02
1.294530630111694336e-01
1.193619892001152039e-01
1.818085014820098877e-01
3.525265157222747803e-01
5.272841453552246094e-01
4.683344066143035889e-01
4.006986320018768311e-01
2.930338978767395020e-01
4.159949123859405518e-01
2.173029035329818726e-01
1.464737653732299805e-01
1.989090442657470703e-01
3.250209987163543701e-02
1.381869465112686157e-01
7.950863242149353027e-02
-1.406109482049942017e-01
1.779125779867172241e-01
9.876470267772674561e-02
-1.846795827150344849e-01
-1.907629668712615967e-01
-2.224732190370559692e-01
-1.622780263423919678e-01
-3.347310051321983337e-02
-8.123007416725158691e-02
1.726968213915824890e-02
8.185575902462005615e-02
1.691467612981796265e-01
1.471922844648361206e-01
1.397517025470733643e-01
2.680137753486633301e-01
5.505958199501037598e-01
6.494148969650268555e-01
5.925568342208862305e-01
4.633686840534210205e-01
4.272356033325195312e-01
3.355377614498138428e-01
2.483904361724853516e-01
1.936240047216415405e-01
4.136637449264526367e-01
2.076429277658462524e-01
-2.919397316873073578e-02
9.518811851739883423e-02
9.124429523944854736e-02
9.357546269893646240e-02
1.543773859739303589e-01
7.264286279678344727e-02
1.314169913530349731e-01
2.232585549354553223e-01
1.933525651693344116e-01
3.093839883804321289e-01
1.861674636602401733e-01
1.838522553443908691e-01
-9.638265520334243774e-02
-5.485810041427612305e-01
-6.593912243843078613e-01
-4.126388728618621826e-01
-5.046720504760742188e-01
-4.051663875579833984e-01
-1.040307953953742981e-01
2.265317589044570923e-01
4.267086982727050781e-01
5.060801506042480469e-01
3.771315217018127441e-01
1.493158787488937378e-01
3.366394639015197754e-01
5.840464830398559570e-01
3.035880029201507568e-01
4.846366047859191895e-01
4.765573441982269287e-01
3.576359450817108154e-01
3.656672835350036621e-01
3.117311298847198486e-01
4.369275271892547607e-01
4.278583228588104248e-01
3.747684061527252197e-01
4.847164154052734375e-01
3.990380764007568359e-01
3.500197231769561768e-01
3.921403884887695312e-01
4.007465541362762451e-01
8.094191551208496094e-01
5.862658619880676270e-01
5.071179866790771484e-01
4.861853718757629395e-01
4.600635468959808350e-01
2.837890684604644775e-01
3.234508037567138672e-01
3.730918765068054199e-01
5.149257779121398926e-01
5.491747856140136719e-01
4.445596933364868164e-01
2.994685471057891846e-01
2.702172100543975830e-01
4.068778157234191895e-01
4.884846210479736328e-01
6.042765378952026367e-01
8.392772078514099121e-01
6.759998202323913574e-01
5.376945734024047852e-01
5.416224598884582520e-01
5.801345705986022949e-01
5.332078933715820312e-01
7.891411781311035156e-01
7.464457154273986816e-01
5.364651083946228027e-01
2.651397287845611572e-01
1.225074678659439087e-01
2.452768981456756592e-01
5.416862964630126953e-01
8.697261214256286621e-01
5.666744709014892578e-01
3.401362299919128418e-01
3.130723237991333008e-01
3.985431194305419922e-01
5.858826637268066406e-01
5.031582117080688477e-01
6.345177888870239258e-01
5.061919093132019043e-01
5.935786962509155273e-01
6.078850626945495605e-01
4.779943525791168213e-01
5.524320006370544434e-01
3.884201049804687500e-01
2.862639129161834717e-01
3.825921714305877686e-01
6.180399656295776367e-01
6.950482726097106934e-01
6.584841012954711914e-01
4.621871411800384521e-01
8.292021155357360840e-01
3.673278391361236572e-01
1.911171972751617432e-01
3.807080984115600586e-01
4.397855997085571289e-01
3.862166702747344971e-01
9.763105213642120361e-02
5.549387931823730469e-01
8.980513811111450195e-01
7.535829544067382812e-01
5.741469860076904297e-01
5.642315745353698730e-01
2.109001725912094116e-01
1.621053516864776611e-01
3.879091739654541016e-01
4.285289347171783447e-01
2.226198762655258179e-01
1.796210408210754395e-01
3.420203030109405518e-01
1.466014981269836426e-01
1.566606462001800537e-01
7.778420299291610718e-02
-8.017625659704208374e-02
-3.041917383670806885e-01
-8.325245231389999390e-03
2.577629983425140381e-01
1.035547703504562378e-01
2.269947975873947144e-01
4.056164324283599854e-01
7.086840271949768066e-01
8.729673624038696289e-01
6.654297113418579102e-01
6.977786421775817871e-01
3.754869103431701660e-01
3.581787943840026855e-01
3.530374765396118164e-01
1.560379415750503540e-01
1.935122311115264893e-01
2.111237198114395142e-01
1.460107266902923584e-01
1.128634661436080933e-01
6.223245337605476379e-02
1.265630573034286499e-01
4.823533296585083008e-01
-6.583799421787261963e-02
-4.762190580368041992e-01
