1.317629337310791016e+00
1.411786079406738281e+00
1.057289242744445801e+00
5.982889533042907715e-01
1.768747270107269287e-01
-1.209876388311386108e-01
-2.561793327331542969e-01
-2.544069886207580566e-01
-1.426068097352981567e-01
3.879305347800254822e-02
2.648523151874542236e-01
4.778347015380859375e-01
6.519696116447448730e-01
7.689111232757568359e-01
8.274936676025390625e-01
8.214422464370727539e-01
7.429489493370056152e-01
6.526082754135131836e-01
4.892989397048950195e-01
3.481994867324829102e-01
1.495873183012008667e-01
-2.898640371859073639e-02
-1.250911355018615723e-01
-1.665731221437454224e-01
-1.752112060785293579e-01
-1.945790499448776245e-01
-2.184016555547714233e-01
-2.246766388416290283e-01
-1.743489950895309448e-01
-5.442166328430175781e-02
7.305800169706344604e-02
1.772100329399108887e-01
2.497955262660980225e-01
2.825755774974822998e-01
3.873343467712402344e-01
3.722775876522064209e-01
2.482148110866546631e-01
8.415499329566955566e-02
-6.995745003223419189e-02
-1.952815949916839600e-01
-2.799060940742492676e-01
-3.007428944110870361e-01
-2.606340944766998291e-01
-2.178108841180801392e-01
-1.280928999185562134e-01
-2.010881155729293823e-02
6.659141182899475098e-02
1.608599424362182617e-01
2.317369729280471802e-01
2.203206419944763184e-01
2.260527610778808594e-01
1.991645097732543945e-01
1.645163595676422119e-01
1.093986481428146362e-01
5.645243823528289795e-02
-2.271141484379768372e-02
-5.298464372754096985e-02
-5.662509426474571228e-02
-3.633117303252220154e-02
-8.724417537450790405e-03
3.818631172180175781e-02
9.459733963012695312e-02
1.364784985780715942e-01
2.223005443811416626e-01
2.878606021404266357e-01
2.941356003284454346e-01
3.458044528961181641e-01
2.029486596584320068e-01
1.075519062578678131e-02
-1.198539882898330688e-01
-1.809113919734954834e-01
-1.463111340999603271e-01
1.034005172550678253e-02
1.920592486858367920e-01
2.232904881238937378e-01
1.939593106508255005e-01
1.677895635366439819e-01
1.448291838169097900e-01
1.145399883389472961e-01
9.847729653120040894e-02
7.709763199090957642e-02
3.389121964573860168e-02
3.937327768653631210e-03
-7.236845046281814575e-02
-1.268953830003738403e-01
-1.239255443215370178e-01
-1.008374169468879700e-01
-4.678948968648910522e-02
-4.429323598742485046e-03
4.557898268103599548e-02
1.781361103057861328e-01
3.438245654106140137e-01
4.406318366527557373e-01
4.097838103771209717e-01
2.492047548294067383e-01
1.159131452441215515e-01
1.635956950485706329e-02
-1.313127949833869934e-02
9.854116290807723999e-02
1.531000286340713501e-01
1.281597465276718140e-01
1.115222498774528503e-01
5.883150175213813782e-02
2.199588343501091003e-02
2.961209043860435486e-02
6.679898500442504883e-02
2.425305843353271484e-01
2.513922154903411865e-01
2.482786774635314941e-01
1.227469742298126221e-01
-1.223713345825672150e-02
-1.162454709410667419e-01
-1.971177905797958374e-01
-2.183377891778945923e-01
-2.023868560791015625e-01
-1.430538892745971680e-01
-5.593851953744888306e-02
4.174692928791046143e-02
1.574749499559402466e-01
2.208635210990905762e-01
1.839001625776290894e-01
1.292135715484619141e-01
2.665821649134159088e-02
-4.168008267879486084e-02
2.746400237083435059e-01
3.690682351589202881e-01
2.349143773317337036e-01
8.172802627086639404e-02
-6.762628257274627686e-02
-1.276777684688568115e-01
6.191311404109001160e-02
2.555755376815795898e-01
3.270274102687835693e-01
3.976968526840209961e-01
4.723101556301116943e-01
5.107743740081787109e-01
3.907991647720336914e-01
3.529895544052124023e-01
2.404548972845077515e-01
5.539862066507339478e-02
-3.275458887219429016e-02
-1.548534184694290161e-01
-2.005027681589126587e-01
-1.872183084487915039e-01
-1.573761850595474243e-01
-8.408814668655395508e-02
8.287764340639114380e-02
1.822874993085861206e-01
2.327109575271606445e-01
3.075158596038818359e-01
2.944070398807525635e-01
2.902716100215911865e-01
2.438718080520629883e-01
1.372289359569549561e-01
4.203433170914649963e-02
-5.772681161761283875e-02
-1.384713947772979736e-01
-1.343998312950134277e-01
-1.150798872113227844e-01
-2.419633604586124420e-02
9.886050224304199219e-02
1.590237468481063843e-01
1.330296397209167480e-01
4.703196883201599121e-02
1.936134509742259979e-02
1.597636565566062927e-02
7.449502497911453247e-02
8.388356119394302368e-02
9.293678402900695801e-02
3.098524361848831177e-02
-3.423951193690299988e-02
-8.397638052701950073e-02
-1.058510243892669678e-01
-1.433732211589813232e-01
-1.424950510263442993e-01
-9.261447191238403320e-02
-4.458605870604515076e-02
-4.365455824881792068e-03
9.988780133426189423e-03
-3.215839853510260582e-03
-3.564459830522537231e-02
6.536196172237396240e-02
6.879484653472900391e-02
8.670970052480697632e-02
-5.287287384271621704e-02
1.544252783060073853e-01
3.808198571205139160e-01
1.899516135454177856e-01
-2.193958731368184090e-03
-1.167883425951004028e-01
-1.374495178461074829e-01
-2.319042198359966278e-02
1.660332083702087402e-01
3.894579410552978516e-01
4.685260057449340820e-01
4.834390878677368164e-01
3.947110474109649658e-01
3.705212175846099854e-01
2.568848133087158203e-01
8.051454275846481323e-02
1.159088686108589172e-03
1.106760054826736450e-01
1.112242974340915680e-02
-7.404497265815734863e-02
-6.971794366836547852e-02
-2.473920956254005432e-02
-5.108458176255226135e-02
1.797222718596458435e-02
4.123598709702491760e-02
2.611534111201763153e-02
2.276229485869407654e-02
1.661504060029983521e-02
3.435425832867622375e-02
7.174871861934661865e-02
6.563340127468109131e-02
4.541931301355361938e-02
3.282685298472642899e-03
-4.730042815208435059e-02
8.538444340229034424e-02
1.797008663415908813e-01
9.207457304000854492e-02
-2.785275503993034363e-02
-1.152395531535148621e-01
-1.584779024124145508e-01
-1.663176566362380981e-01
-1.500314176082611084e-01
-3.355293348431587219e-02
1.706211268901824951e-02
5.378596484661102295e-02
1.101171597838401794e-01
1.215175241231918335e-01
1.450527161359786987e-01
1.395121961832046509e-01
2.571616880595684052e-02
-3.098226524889469147e-02
-1.017954349517822266e-01
-7.172977179288864136e-02
-2.571319043636322021e-02
-2.077942155301570892e-02
-3.538912907242774963e-02
5.622889846563339233e-02
4.345538467168807983e-02
2.467832155525684357e-02
-2.175340242683887482e-02
-3.479835391044616699e-02
-3.214784711599349976e-02
-9.267291985452175140e-03
-4.573025740683078766e-03
5.204557254910469055e-02
2.993248403072357178e-01
2.780888676643371582e-01
1.362389922142028809e-01
3.298652125522494316e-03
-7.651983946561813354e-02
-4.995093494653701782e-02
6.763468030840158463e-03
6.004498898983001709e-02
1.265790313482284546e-01
1.745276004076004028e-01
1.520941108465194702e-01
1.432963609695434570e-01
1.233377456665039062e-01
2.205441743135452271e-01
2.335891276597976685e-01
4.017364978790283203e-01
4.589139223098754883e-01
3.707128167152404785e-01
1.747830659151077271e-01
-2.400473318994045258e-02
-1.744927018880844116e-01
-1.961757391691207886e-01
-1.593081802129745483e-01
-5.430989339947700500e-02
4.065062850713729858e-03
4.525964334607124329e-02
7.283446937799453735e-02
1.049917861819267273e-01
1.851615458726882935e-01
2.167919576168060303e-01
1.922987550497055054e-01
1.821438074111938477e-01
1.200485676527023315e-01
2.206399887800216675e-01
4.963722527027130127e-01
4.599996805191040039e-01
2.705684602260589600e-01
1.865880191326141357e-02
-1.867073774337768555e-01
-2.898215353488922119e-01
-2.877777814865112305e-01
-2.505909204483032227e-01
-3.451094776391983032e-02
2.681788429617881775e-02
4.123598709702491760e-02
4.902783036231994629e-02
9.759911894798278809e-02
1.284311860799789429e-01
2.437121421098709106e-01
3.049611449241638184e-01
3.176388740539550781e-01
2.792065441608428955e-01
2.699776887893676758e-01
1.428333222866058350e-01
3.091082442551851273e-03
-1.157025918364524841e-01
-1.936210393905639648e-01
-1.683454513549804688e-01
-1.620864272117614746e-01
-1.127327531576156616e-01
-2.992844954133033752e-02
4.161919280886650085e-02
-1.584565080702304840e-02
1.525092571973800659e-01
2.708398997783660889e-01
3.585300743579864502e-01
2.300923764705657959e-01
1.101490929722785950e-01
1.826547384262084961e-01
6.971037480980157852e-03
-1.009491905570030212e-01
-1.436446607112884521e-01
-1.493927389383316040e-01
-1.378007829189300537e-01
-7.811652868986129761e-02
3.374751657247543335e-02
1.143643558025360107e-01
1.587682813405990601e-01
1.936399638652801514e-01
1.717812865972518921e-01
1.778327375650405884e-01
1.363986581563949585e-01
1.032034978270530701e-01
1.573686115443706512e-02
-3.233944997191429138e-02
-1.078628525137901306e-01
-1.490414738655090332e-01
-2.138191610574722290e-01
-2.000556886196136475e-01
-6.452870368957519531e-02
2.787711564451456070e-03
5.309939011931419373e-02
1.332372128963470459e-01
1.698812246322631836e-01
1.912129968404769897e-01
1.437114924192428589e-01
2.317743375897407532e-02
1.188884023576974869e-02
-3.112596645951271057e-02
-5.110054835677146912e-02
5.821421276777982712e-03
-7.191596087068319321e-03
2.744059264659881592e-02
1.613868474960327148e-01
1.924743801355361938e-01
2.040344178676605225e-01
3.388907909393310547e-01
3.164892494678497314e-01
2.374371588230133057e-01
5.392966791987419128e-02
-1.480036228895187378e-01
-1.924873888492584229e-01
-3.623591363430023193e-01
-4.494585394859313965e-01
-4.292763769626617432e-01
-2.962082922458648682e-01
-1.081981584429740906e-01
6.350979954004287720e-02
1.888179630041122437e-01
2.655389010906219482e-01
3.021988868713378906e-01
2.997878789901733398e-01
2.404229640960693359e-01
1.445896774530410767e-01
3.285336866974830627e-02
-6.800948828458786011e-02
-1.616553217172622681e-01
-2.232875227928161621e-01
-2.481799125671386719e-01
3.400298580527305603e-02
1.378835737705230713e-01
1.155618727207183838e-01
5.474397912621498108e-02
1.333809196949005127e-01
2.165684252977371216e-01
3.418925702571868896e-01
3.824644386768341064e-01
4.702184796333312988e-01
4.964361190795898438e-01
4.827205538749694824e-01
4.297104775905609131e-01
4.492060542106628418e-01
3.623142242431640625e-01
1.639734804630279541e-01
-1.507382374256849289e-03
-7.192137837409973145e-02
-1.181774660944938660e-01
-1.028652116656303406e-01
-3.471851721405982971e-02
1.158812120556831360e-01
2.257653474807739258e-01
2.407422959804534912e-01
1.759965568780899048e-01
2.070256508886814117e-02
-5.095684900879859924e-02
-6.788175553083419800e-02
-8.673865348100662231e-02
-7.578536123037338257e-02
-4.723656177520751953e-02
-4.426671937108039856e-02
-2.593672648072242737e-02
-1.477586943656206131e-02
-6.781788915395736694e-02
-6.197400391101837158e-02
-8.488649129867553711e-02
-1.046375408768653870e-01
-9.293380379676818848e-02
-7.706271857023239136e-02
-5.742343887686729431e-02
-5.536371096968650818e-02
-2.986458316445350647e-02
2.661031484603881836e-02
9.892978705465793610e-03
-6.968601047992706299e-02
-1.029929518699645996e-01
-9.706923365592956543e-02
-6.563042104244232178e-02
-1.821303449105471373e-04
8.209526538848876953e-02
1.588481068611145020e-01
2.035713791847229004e-01
2.218853980302810669e-01
2.258611619472503662e-01
2.196500301361083984e-01
2.071958631277084351e-01
1.940072029829025269e-01
1.608120352029800415e-01
1.489007323980331421e-01
1.661130487918853760e-01
3.207045197486877441e-01
3.038754165172576904e-01
1.740964949131011963e-01
9.185103327035903931e-02
6.863517314195632935e-02
1.554790884256362915e-01
2.205122411251068115e-01
3.120504617691040039e-01
3.564064800739288330e-01
4.199227690696716309e-01
4.108376204967498779e-01
4.121149778366088867e-01
3.713994026184082031e-01
3.161220252513885498e-01
2.143490314483642578e-01
1.220124959945678711e-01
7.514967024326324463e-02
8.051454275846481323e-02
9.368722885847091675e-02
9.041401743888854980e-02
4.661682993173599243e-02
5.863990262150764465e-02
1.235612854361534119e-01
1.550639569759368896e-01
1.627600044012069702e-01
2.672633230686187744e-01
1.772898733615875244e-01
9.405446797609329224e-02
1.428387407213449478e-02
-1.212271377444267273e-01
-2.754673063755035400e-01
2.684288918972015381e-01
3.765726685523986816e-01
4.004910588264465332e-01
2.598227262496948242e-01
1.602851301431655884e-01
-2.563335560262203217e-02
-1.720178276300430298e-01
-1.966547518968582153e-01
-2.028020024299621582e-01
-1.583661437034606934e-01
-5.347961559891700745e-02
6.895451247692108154e-02
1.826547384262084961e-01
2.795897722244262695e-01
2.842521071434020996e-01
2.342597395181655884e-01
2.684608399868011475e-01
2.187079936265945435e-01
1.373247355222702026e-01
1.808399520814418793e-02
-4.305323585867881775e-02
-1.860367655754089355e-01
-1.966866850852966309e-01
-2.327558845281600952e-01
-1.526020914316177368e-01
-9.548851102590560913e-02
1.062851101160049438e-01
1.901751458644866943e-01
1.998989880084991455e-01
6.881081312894821167e-02
2.619303762912750244e-01
4.772119820117950439e-01
4.753438532352447510e-01
3.663538694381713867e-01
2.554158866405487061e-01
9.922774136066436768e-02
-1.024979725480079651e-01
-1.774465739727020264e-01
-8.313013613224029541e-02
-7.305502891540527344e-02
-6.013781204819679260e-02
-5.850377026945352554e-03
5.795332416892051697e-02
9.750331938266754150e-02
1.359356194734573364e-01
1.416996717453002930e-01
1.403744071722030640e-01
2.120657563209533691e-01
1.983342319726943970e-01
1.387936919927597046e-01
2.183567136526107788e-01
2.526216804981231689e-01
1.717972606420516968e-01
8.611892163753509521e-02
3.757956996560096741e-02
-2.905027195811271667e-02
-5.146778747439384460e-02
-7.086756080389022827e-02
-2.877883426845073700e-02
-1.049089729785919189e-01
-5.186695978045463562e-02
1.431580819189548492e-02
6.314256787300109863e-02
-8.091073483228683472e-02
2.313378006219863892e-01
4.995975792407989502e-01
5.223184823989868164e-01
4.304928481578826904e-01
2.107405066490173340e-01
3.896868973970413208e-02
-1.061224564909934998e-01
-2.129888832569122314e-01
-1.931899338960647583e-01
-9.280607104301452637e-02
-3.071082755923271179e-02
2.159671112895011902e-02
1.373087763786315918e-01
2.157541066408157349e-01
2.029167264699935913e-01
1.304270476102828979e-01
1.825110465288162231e-01
1.929054856300354004e-01
1.619935929775238037e-01
1.303152740001678467e-01
7.797580957412719727e-02
-3.842830483336001635e-05
3.377944976091384888e-02
2.081433311104774475e-02
-4.351627454161643982e-02
-1.468699723482131958e-01
-1.046215742826461792e-01
3.318867459893226624e-02
6.849147379398345947e-02
1.324229091405868530e-01
2.274099439382553101e-01
2.899203300476074219e-01
3.527021706104278564e-01
3.775466382503509521e-01
2.508333623409271240e-01
8.152046054601669312e-02
-8.597224205732345581e-02
-1.726086139678955078e-01
-1.490255147218704224e-01
-7.763752341270446777e-02
6.596870720386505127e-02
1.487091332674026489e-01
1.819522082805633545e-01
2.074353545904159546e-01
1.872691810131072998e-01
1.738410145044326782e-01
1.653785705566406250e-01
1.684921085834503174e-01
2.189315259456634521e-01
2.334933280944824219e-01
2.141893506050109863e-01
1.280160546302795410e-01
1.179569065570831299e-01
1.592153459787368774e-01
6.299886107444763184e-02
-3.230751678347587585e-02
-8.008045703172683716e-02
-1.783407181501388550e-01
-1.395252048969268799e-01
-4.685335606336593628e-02
7.518160343170166016e-02
8.913666754961013794e-02
1.841875612735748291e-01
1.015429422259330750e-01
4.035780951380729675e-02
5.257248133420944214e-02
-2.430810406804084778e-02
-1.372205466032028198e-02
4.815507214516401291e-03
3.601481392979621887e-02
1.215813905000686646e-01
1.254134476184844971e-01
1.334607452154159546e-01
9.506038576364517212e-02
6.510648876428604126e-02
5.796929076313972473e-02
3.211889415979385376e-02
5.180606991052627563e-02
1.477884780615568161e-02
7.769382093101739883e-03
-7.770138978958129883e-02
-1.313661187887191772e-01
-1.229196339845657349e-01
-1.071124076843261719e-01
-1.061543971300125122e-01
-8.879838138818740845e-02
-5.865288898348808289e-02
-5.737553909420967102e-02
-4.006742686033248901e-02
-6.480014324188232422e-02
-6.896749883890151978e-02
-1.116470023989677429e-01
-1.122377812862396240e-01
-1.256180405616760254e-01
-1.401638835668563843e-01
-1.766003370285034180e-01
-1.260810792446136475e-01
1.045447140932083130e-01
2.238972336053848267e-01
2.043377906084060669e-01
2.059344798326492310e-01
1.677895635366439819e-01
2.135187536478042603e-01
2.256695479154586792e-01
3.416530787944793701e-01
1.817765682935714722e-01
1.575867235660552979e-01
1.545370519161224365e-01
2.812982201576232910e-01
3.862486183643341064e-01
3.590410053730010986e-01
4.055685400962829590e-01
2.938961088657379150e-01
2.533401846885681152e-01
2.281284481287002563e-01
2.341958731412887573e-01
1.276009082794189453e-01
5.057661980390548706e-02
1.370906643569469452e-02
-1.645239256322383881e-02
-4.636893048882484436e-03
4.241753742098808289e-02
2.707877196371555328e-03
-1.194973010569810867e-02
1.096700876951217651e-01
2.417003065347671509e-01
2.868866324424743652e-01
3.256542384624481201e-01
3.162178099155426025e-01
2.530527710914611816e-01
1.732821762561798096e-01
1.652189046144485474e-01
1.746233999729156494e-01
2.004897594451904297e-01
1.837245225906372070e-01
1.667517274618148804e-01
1.055985316634178162e-01
1.112508103251457214e-01
9.451750665903091431e-02
8.824251592159271240e-02
8.263813704252243042e-02
4.894799739122390747e-02
1.031353487633168697e-03
-4.378771409392356873e-02
-3.613957017660140991e-02
-3.741692379117012024e-02
-7.525845617055892944e-02
-3.005618602037429810e-02
-4.693318903446197510e-02
-8.902192115783691406e-02
-1.200775206089019775e-01
-1.571047604084014893e-01
-1.695429682731628418e-01
-1.827156543731689453e-01
-1.377049833536148071e-01
-8.683445304632186890e-02
-1.142017096281051636e-01
-9.398762136697769165e-02
9.355521178804337978e-04
2.243922054767608643e-01
3.124496340751647949e-01
1.331254392862319946e-01
1.233058124780654907e-01
-8.357179351150989532e-03
-1.055636182427406311e-01
-1.670202016830444336e-01
-1.602182984352111816e-01
-6.995745003223419189e-02
-1.842687022872269154e-03
7.427148520946502686e-02
7.767243683338165283e-02
1.184039786458015442e-01
1.268185377120971680e-01
1.567085385322570801e-01
1.844111084938049316e-01
1.601254642009735107e-01
9.606629610061645508e-02
6.617627292871475220e-02
2.839860692620277405e-02
-2.973684854805469513e-02
-1.184488981962203979e-01
-1.669084280729293823e-01
-1.408823877573013306e-01
-1.005500182509422302e-01
-7.447607815265655518e-02
2.340638544410467148e-03
9.940879419445991516e-03
1.230184137821197510e-01
1.545530110597610474e-01
2.051840275526046753e-01
1.422904431819915771e-01
-3.795979544520378113e-02
-9.395568817853927612e-02
-1.013323888182640076e-01
-5.771084129810333252e-02
4.623362421989440918e-02
8.736433833837509155e-02
2.041621506214141846e-01
2.034116983413696289e-01
2.790788114070892334e-01
2.617387771606445312e-01
1.778487116098403931e-01
1.109953373670578003e-01
6.038029119372367859e-02
-1.620385199785232544e-01
-3.089019954204559326e-01
-3.497453033924102783e-01
-3.087263405323028564e-01
-1.834660917520523071e-01
-3.794382885098457336e-02
1.080733984708786011e-01
1.592632532119750977e-01
1.482780277729034424e-01
1.215654239058494568e-01
9.686464071273803711e-02
9.739154577255249023e-02
5.560619011521339417e-02
9.635370224714279175e-02
4.405519962310791016e-01
3.808837234973907471e-01
1.919634491205215454e-01
-8.316206932067871094e-02
-2.882887125015258789e-01
-3.815034329891204834e-01
-3.572816550731658936e-01
-2.323407530784606934e-01
-5.937140062451362610e-02
3.324082493782043457e-01
5.380937457084655762e-01
5.629541873931884766e-01
3.888671696186065674e-01
2.534679174423217773e-01
1.778966039419174194e-01
2.044814825057983398e-01
1.181964054703712463e-01
-5.437376350164413452e-02
-1.910663396120071411e-01
-2.641627490520477295e-01
-2.545347213745117188e-01
-1.980917602777481079e-01
-2.106257826089859009e-01
3.238180577754974365e-01
6.758401393890380859e-01
8.123410940170288086e-01
7.045485973358154297e-01
3.817299604415893555e-01
-1.315098255872726440e-01
-1.480994224548339844e-01
-9.984747320413589478e-02
6.935368478298187256e-02
5.463220924139022827e-02
8.849798887968063354e-02
3.502911627292633057e-01
4.400729835033416748e-01
4.816667437553405762e-01
3.321527838706970215e-01
2.280007153749465942e-01
1.040657088160514832e-01
7.067893445491790771e-02
4.169902950525283813e-02
1.257541682571172714e-02
2.231522090733051300e-02
7.208402454853057861e-02
1.457073539495468140e-01
2.067168503999710083e-01
2.265796661376953125e-01
2.699776887893676758e-01
3.592166602611541748e-01
3.996129035949707031e-01
3.814266026020050049e-01
3.295820951461791992e-01
2.711911797523498535e-01
2.162011861801147461e-01
1.759965568780899048e-01
1.550958901643753052e-01
1.224436014890670776e-01
8.343648165464401245e-02
3.911239281296730042e-02
-2.135423012077808380e-02
-5.882852524518966675e-02
-9.999117255210876465e-02
-1.527777314186096191e-01
-2.043028920888900757e-01
-2.358694374561309814e-01
-2.119350582361221313e-01
-2.534649372100830078e-01
-1.813744306564331055e-01
5.571796000003814697e-02
3.041043505072593689e-02
-7.862747460603713989e-02
-1.040946617722511292e-01
-3.818333521485328674e-02
6.895451247692108154e-02
1.471284031867980957e-01
1.848422139883041382e-01
7.481436431407928467e-02
5.879956856369972229e-02
8.260620385408401489e-02
1.241201236844062805e-01
1.562614738941192627e-01
1.309220194816589355e-01
1.340994238853454590e-01
1.322153359651565552e-01
1.240562573075294495e-01
1.273454427719116211e-01
8.274991065263748169e-02
3.628625348210334778e-02
-8.357179351150989532e-03
-6.847252696752548218e-02
-6.922297179698944092e-02
2.835612278431653976e-03
2.678595110774040222e-02
4.324781522154808044e-02
1.209107786417007446e-01
7.280253618955612183e-02
7.337734103202819824e-02
7.636315375566482544e-02
8.474577218294143677e-02
2.945242263376712799e-02
-4.471379145979881287e-02
-3.853460401296615601e-02
1.225607935339212418e-02
6.460097152739763260e-03
9.765244089066982269e-03
1.018143743276596069e-01
7.746486365795135498e-02
8.726853877305984497e-02
5.600536242127418518e-02
2.814313583076000214e-02
3.353994712233543396e-02
5.871973559260368347e-02
2.001598849892616272e-02
5.808106064796447754e-02
1.763478219509124756e-01
9.850922971963882446e-02
2.565814554691314697e-01
5.395467281341552734e-01
4.645023345947265625e-01
1.978871673345565796e-01
6.341399997472763062e-02
-6.483207643032073975e-02
-9.125728160142898560e-02
-1.438362747430801392e-01
-2.022057957947254181e-02
1.580072939395904541e-02
1.172224283218383789e-01
-3.285039216279983521e-02
-2.951331064105033875e-02
3.061427175998687744e-01
6.145431995391845703e-01
6.237880587577819824e-01
4.711765050888061523e-01
3.992775976657867432e-01
2.957961559295654297e-01
1.827505528926849365e-01
6.540986150503158569e-02
-1.822471804916858673e-02
3.551984205842018127e-02
8.385162055492401123e-02
9.914790838956832886e-02
1.829102188348770142e-01
2.038108706474304199e-01
1.330935060977935791e-01
1.865027695894241333e-01
1.736813485622406006e-01
6.980075687170028687e-02
1.321674287319183350e-01
2.120657563209533691e-01
2.048806548118591309e-01
3.731717169284820557e-01
1.069056749343872070e+00
7.203717827796936035e-01
4.672646224498748779e-01
1.932248324155807495e-01
2.415406405925750732e-01
1.235612854361534119e-01
2.987819612026214600e-01
4.613887965679168701e-01
4.549381732940673828e-01
5.409358739852905273e-01
5.140316486358642578e-01
3.946471810340881348e-01
2.594395279884338379e-01
7.010412961244583130e-02
-1.180602796375751495e-02
-1.420479714870452881e-01
-2.650888264179229736e-01
-2.400368005037307739e-01
-1.134672313928604126e-01
1.188884023576974869e-02
5.709653254598379135e-03
-6.135129556059837341e-02
-3.742747474461793900e-03
1.793336272239685059e-01
3.588973283767700195e-01
3.892344236373901367e-01
4.019121229648590088e-01
3.653798699378967285e-01
3.736347556114196777e-01
3.736826479434967041e-01
3.341007232666015625e-01
2.204643487930297852e-01
1.090154424309730530e-01
-3.401597589254379272e-02
-1.982354670763015747e-01
-3.466157913208007812e-01
-4.869647622108459473e-01
-5.834047794342041016e-01
-6.345307826995849609e-01
-6.563255786895751953e-01
-6.840920448303222656e-01
-7.658584713935852051e-01
-3.699753582477569580e-01
-1.726724803447723389e-01
-2.070811241865158081e-01
-1.571526527404785156e-01
9.286236949265003204e-03
1.562135666608810425e-01
2.138380855321884155e-01
2.152591347694396973e-01
1.433921605348587036e-01
1.448132097721099854e-01
5.747431889176368713e-02
1.348658353090286255e-01
1.119533553719520569e-01
3.745289146900177002e-01
4.809482395648956299e-01
4.209606349468231201e-01
2.134069800376892090e-01
7.281850278377532959e-02
-5.461326614022254944e-02
-1.256020665168762207e-01
-5.418216064572334290e-02
4.669666662812232971e-02
8.819461613893508911e-02
8.650212734937667847e-02
5.573392659425735474e-02
4.998584464192390442e-02
7.992377132177352905e-02
1.366062313318252563e-01
2.035873383283615112e-01
2.770989239215850830e-01
3.164573311805725098e-01
3.062544763088226318e-01
2.540267407894134521e-01
1.958274245262145996e-01
9.533181786537170410e-02
6.108825560659170151e-03
-8.867064863443374634e-02
-1.646730601787567139e-01
-2.417292892932891846e-01
-3.003756701946258545e-01
-3.962249159812927246e-01
-1.546139270067214966e-01
-6.047311425209045410e-02
-1.986930891871452332e-02
-4.008339345455169678e-02
-5.319221317768096924e-02
-1.667966544628143311e-01
-2.449865341186523438e-01
-2.538960576057434082e-01
-1.822047084569931030e-01
-5.226613208651542664e-02
6.065173074603080750e-02
1.462661921977996826e-01
1.961467713117599487e-01
2.039865106344223022e-01
1.679332703351974487e-01
1.089994758367538452e-01
1.591249741613864899e-02
-9.215142577886581421e-02
-1.786919981241226196e-01
-2.447949200868606567e-01
-2.949628829956054688e-01
-2.232715636491775513e-01
1.258285790681838989e-01
2.667364180088043213e-01
1.432324945926666260e-01
1.382029205560684204e-01
9.274518489837646484e-02
1.070036143064498901e-01
2.122094631195068359e-01
2.802124619483947754e-01
2.223803699016571045e-01
2.294058054685592651e-01
1.794613599777221680e-01
2.409338951110839844e-01
2.420196533203125000e-01
2.819368839263916016e-01
2.790947854518890381e-01
1.862632632255554199e-01
6.659141182899475098e-02
2.218748629093170166e-02
-2.437197230756282806e-02
-8.469489216804504395e-02
-3.285039216279983521e-02
2.548208227381110191e-03
2.223538607358932495e-02
1.987228728830814362e-02
2.488854080438613892e-01
3.396252691745758057e-01
2.343076467514038086e-01
1.004092916846275330e-01
-9.306154400110244751e-02
7.613961398601531982e-02
2.459475100040435791e-01
2.613236308097839355e-01
1.315766572952270508e-01
4.380665719509124756e-02
3.352398052811622620e-02
1.285110265016555786e-01
3.017837405204772949e-01
2.087446451187133789e-01
8.524074405431747437e-02
-2.829982712864875793e-02
-8.792020380496978760e-02
-2.695860899984836578e-02
-1.594145223498344421e-02
-3.630979219451546669e-03
4.803788289427757263e-02
1.499545425176620483e-01
2.141254842281341553e-01
2.310504019260406494e-01
2.342437803745269775e-01
2.325353175401687622e-01
2.344353795051574707e-01
2.108363062143325806e-01
1.744477599859237671e-01
1.566127389669418335e-01
1.281916797161102295e-01
3.537613898515701294e-02
-8.055946230888366699e-02
-1.909864991903305054e-01
-2.544069886207580566e-01
-2.768245041370391846e-01
-2.640350162982940674e-01
-2.120627909898757935e-01
-2.656157314777374268e-01
-3.071082755923271179e-02
2.408700287342071533e-01
2.353135496377944946e-01
1.235453188419342041e-01
-5.597045272588729858e-02
-1.838333308696746826e-01
-2.291473746299743652e-01
-1.866594702005386353e-01
-9.393972158432006836e-02
-1.188044436275959015e-03
4.129985719919204712e-02
3.095755875110626221e-01
3.474330902099609375e-01
2.479593306779861450e-01
1.290858238935470581e-01
-1.563808135688304901e-02
-1.115033030509948730e-01
-1.775423735380172729e-01
-2.189764678478240967e-01
-2.191680669784545898e-01
-1.780213862657546997e-01
-1.422076374292373657e-01
-1.213389113545417786e-01
-7.177767157554626465e-02
-4.581550881266593933e-02
3.026673384010791779e-02
1.497948765754699707e-01
2.099262028932571411e-01
2.275057435035705566e-01
2.272981703281402588e-01
2.481509298086166382e-01
2.207357883453369141e-01
1.485494673252105713e-01
6.584096699953079224e-02
6.327030062675476074e-02
1.471498049795627594e-02
5.837388336658477783e-03
2.764816209673881531e-02
1.243171468377113342e-02
6.076891440898180008e-03
1.189787834882736206e-01
1.625843644142150879e-01
2.538191974163055420e-01
2.729475498199462891e-01
2.801805436611175537e-01
1.650911569595336914e-01
1.319119632244110107e-01
-4.795507341623306274e-02
-2.001035958528518677e-01
-2.672443687915802002e-01
-2.407233715057373047e-01
-1.536239683628082275e-01
-8.439151942729949951e-02
-1.503133960068225861e-02
3.916029259562492371e-02
6.678301841020584106e-02
5.610116571187973022e-02
3.638205304741859436e-02
-2.026848122477531433e-02
-7.746189087629318237e-02
-1.225204616785049438e-01
-1.429740488529205322e-01
-1.087410300970077515e-01
-5.719990283250808716e-02
-2.328622341156005859e-02
-3.356890007853507996e-02
4.545124620199203491e-02
5.447998642921447754e-01
7.018661499023437500e-01
4.861853718757629395e-01
2.202727496623992920e-01
5.670790746808052063e-02
-4.161621630191802979e-02
-3.958842158317565918e-02
3.805857524275779724e-02
1.599817574024200439e-01
2.732349336147308350e-01
3.635117411613464355e-01
4.190765321254730225e-01
3.351864814758300781e-01
2.354093641042709351e-01
1.804034113883972168e-01
1.025967523455619812e-01
2.921291813254356384e-02
2.841457352042198181e-02
-6.353875994682312012e-02
9.344772249460220337e-02
3.340688049793243408e-01
3.088730573654174805e-01
2.168717980384826660e-01
1.504495292901992798e-01
-4.075400158762931824e-02
1.217624451965093613e-02
-5.571497976779937744e-02
-1.299450695514678955e-01
-1.107528582215309143e-01
7.971619814634323120e-02
1.960669308900833130e-01
2.917565405368804932e-01
2.013998776674270630e-01
2.553839385509490967e-01
1.882431507110595703e-01
1.465855389833450317e-01
9.504441171884536743e-02
5.856006592512130737e-02
7.574044167995452881e-02
2.467777878046035767e-01
2.897766530513763428e-01
3.305401206016540527e-01
2.150835096836090088e-01
5.254054814577102661e-02
-5.419270601123571396e-03
-4.964756220579147339e-02
-7.203314453363418579e-02
-8.052752912044525146e-02
-8.209228515625000000e-02
-3.048729151487350464e-02
2.097400277853012085e-02
7.392022013664245605e-02
1.573791503906250000e-01
2.382674366235733032e-01
2.325193434953689575e-01
1.914844363927841187e-01
9.212247282266616821e-02
1.666559129953384399e-01
8.233477175235748291e-02
-1.608515530824661255e-02
-7.511475682258605957e-02
-2.897576689720153809e-01
4.416334908455610275e-03
5.334633588790893555e-01
4.949671626091003418e-01
2.163129597902297974e-01
1.216292902827262878e-01
1.254932731389999390e-01
1.546488106250762939e-01
3.895272314548492432e-02
-6.682793796062469482e-02
-1.314140260219573975e-01
-1.354057490825653076e-01
-6.550268828868865967e-02
7.877415418624877930e-02
1.708871424198150635e-01
2.614034712314605713e-01
3.051367998123168945e-01
3.167606890201568604e-01
3.374058902263641357e-01
3.425631821155548096e-01
3.286240994930267334e-01
2.751988768577575684e-01
1.860556900501251221e-01
9.288888424634933472e-02
8.180785924196243286e-02
2.377245575189590454e-01
2.073874622583389282e-01
-6.853639334440231323e-02
-3.824720159173011780e-02
2.867004461586475372e-02
1.339078247547149658e-01
4.420209527015686035e-01
4.940251410007476807e-01
4.058080613613128662e-01
2.816335260868072510e-01
2.159137874841690063e-01
1.222999021410942078e-01
-1.311531290411949158e-02
-3.489415347576141357e-02
-5.275568924844264984e-03
-7.399165537208318710e-03
5.805454216897487640e-03
-1.047493070363998413e-01
-1.662058830261230469e-01
-1.340804994106292725e-01
1.856300048530101776e-02
2.087286859750747681e-01
4.281936287879943848e-01
5.701552629470825195e-01
7.328259944915771484e-01
6.734131574630737305e-01
6.166189312934875488e-01
5.178477168083190918e-01
3.357772529125213623e-01
1.000580191612243652e-01
5.172623693943023682e-02
1.759167164564132690e-01
2.621219754219055176e-01
2.556713521480560303e-01
1.766032874584197998e-01
5.455237627029418945e-02
2.502959221601486206e-02
8.225493133068084717e-02
-1.112797632813453674e-01
-6.669116616249084473e-01
-3.992266952991485596e-01
4.153083562850952148e-01
1.100463628768920898e+00
1.431601047515869141e+00
1.419434309005737305e+00
1.342457890510559082e+00
1.026904225349426270e+00
6.007797718048095703e-01
1.939273774623870850e-01
-2.991781532764434814e-01
-4.841226637363433838e-01
-4.025797545909881592e-01
-2.428788989782333374e-01
1.061254367232322693e-01
4.640233218669891357e-01
8.364191651344299316e-01
1.048826694488525391e+00
1.128693103790283203e+00
9.898450374603271484e-01
7.182801365852355957e-01
3.599990308284759521e-01
-1.191779598593711853e-02
-3.472384810447692871e-01
-6.214538812637329102e-01
-8.566302657127380371e-01
-9.770845174789428711e-01
-1.033256053924560547e+00
-1.432923316955566406e+00
-1.161789536476135254e+00
-7.270749211311340332e-01
-4.046075344085693359e-01
-2.409628778696060181e-01
-1.347191780805587769e-01
-9.821885079145431519e-02
-6.089880131185054779e-03
5.894327163696289062e-02
1.823833137750625610e-01
2.386666089296340942e-01
2.741610109806060791e-01
2.886430025100708008e-01
2.559906840324401855e-01
1.636062413454055786e-01
8.540040999650955200e-02
6.244002282619476318e-02
6.721412390470504761e-02
6.512246280908584595e-02
2.424721419811248779e-02
-1.073624566197395325e-02
-4.849794507026672363e-02
-3.990775719285011292e-02
-1.808101683855056763e-02
-5.376702174544334412e-02
-6.783385574817657471e-02
3.670139238238334656e-02
1.873863674700260162e-02
1.458989530801773071e-01
2.364791333675384521e-01
2.070521563291549683e-01
1.793815344572067261e-01
5.541458725929260254e-02
-7.085159420967102051e-02
8.587942272424697876e-02
1.041136085987091064e-01
3.807240724563598633e-01
1.863750368356704712e-01
3.920819237828254700e-02
4.716075956821441650e-01
5.541404485702514648e-01
4.383485615253448486e-01
2.552083134651184082e-01
9.279308468103408813e-02
1.048375386744737625e-02
2.835070714354515076e-02
1.292668841779232025e-02
2.388539258390665054e-03
1.166635900735855103e-01
2.056311070919036865e-01
3.835661709308624268e-01
4.835508465766906738e-01
5.656685829162597656e-01
6.251452565193176270e-01
5.649819970130920410e-01
4.406637847423553467e-01
2.603496313095092773e-01
1.061148941516876221e-02
-2.578239142894744873e-01
-3.562917113304138184e-01
-2.973579168319702148e-01
-1.701018065214157104e-01
-1.299610286951065063e-01
-1.617990285158157349e-01
-9.403552114963531494e-02
1.568896137177944183e-02
7.727326452732086182e-02
1.145878881216049194e-01
1.763637959957122803e-01
1.138374507427215576e-01
1.724678725004196167e-01
2.322319447994232178e-01
2.274738103151321411e-01
9.298468381166458130e-02
-5.911592766642570496e-02
-7.725431770086288452e-02
-3.704968467354774475e-02
2.047848552465438843e-01
4.549221992492675781e-01
5.351718068122863770e-01
5.087944865226745605e-01
4.730286598205566406e-01
6.156768798828125000e-01
5.092735290527343750e-01
3.648210465908050537e-01
9.797177277505397797e-03
-3.366524279117584229e-01
-4.014301300048828125e-01
-6.535633206367492676e-01
-9.865847826004028320e-01
-7.005219459533691406e-01
-3.654886484146118164e-01
-2.338576018810272217e-01
1.403424739837646484e-01
3.453893363475799561e-01
2.552562057971954346e-01
-3.890184313058853149e-02
-3.340657949447631836e-01
-9.859301447868347168e-01
-1.968452811241149902e+00
-1.656922817230224609e+00
-8.993895649909973145e-01
1.804992109537124634e-01
1.715428471565246582e+00
2.578917980194091797e+00
2.785593509674072266e+00
2.567501783370971680e+00
1.498885512351989746e+00
3.732355833053588867e-01
-6.367022991180419922e-01
-6.201605796813964844e-01
1.214227795600891113e+00
3.187927246093750000e+00
3.461376190185546875e+00
5.351718068122863770e-01
-3.888003230094909668e-01
-5.961304306983947754e-01
7.985935807228088379e-01
8.102654218673706055e-01
1.374343752861022949e+00
1.611452102661132812e+00
1.793155312538146973e+00
1.880989193916320801e+00
1.715444445610046387e+00
1.042647600173950195e+00
2.576192915439605713e-01
-4.588311016559600830e-01
-1.009656906127929688e+00
-1.535989642143249512e+00
-2.133885860443115234e+00
-2.671666622161865234e+00
-2.871668100357055664e+00
-2.853976726531982422e+00
-2.530758857727050781e+00
-2.187710285186767578e+00
-1.933948397636413574e+00
-1.586093664169311523e+00
-8.320093154907226562e-01
5.068838968873023987e-02
6.629708409309387207e-01
1.055660605430603027e+00
1.444933414459228516e+00
1.878945469856262207e+00
1.880063176155090332e+00
1.375221967697143555e+00
1.083027839660644531e+00
1.160658836364746094e+00
1.497272849082946777e+00
1.160994172096252441e+00
-1.403874158859252930e-01
-2.507543087005615234e+00
-2.740627765655517578e+00
-2.456832170486450195e+00
-2.112107038497924805e+00
-6.044651269912719727e-01
1.133850455284118652e+00
2.359517097473144531e+00
3.224411487579345703e+00
3.483250856399536133e+00
3.103605985641479492e+00
2.345721483230590820e+00
2.302914381027221680e+00
2.018224716186523438e+00
1.504745364189147949e+00
9.478361606597900391e-01
3.484869003295898438e-01
-4.036814570426940918e-01
-1.082497954368591309e+00
-1.285932064056396484e+00
-1.118008255958557129e+00
-8.496367335319519043e-01
-4.415868520736694336e-01
6.834777444601058960e-02
4.835348725318908691e-01
5.394988059997558594e-01
5.087625384330749512e-01
1.277286410331726074e-01
-6.149393916130065918e-01
-4.110421836376190186e-01
1.456754207611083984e-01
1.564062356948852539e+00
2.369352579116821289e+00
1.341819167137145996e+00
4.235153198242187500e-01
-5.137198790907859802e-02
-1.783726513385772705e-01
-2.314945012331008911e-01
-1.504465639591217041e-01
1.160143595188856125e-02
1.893565757200121880e-03
-2.146494388580322266e-01
-2.595163881778717041e-01
-3.588464260101318359e-01
-6.615307927131652832e-01
-7.414610385894775391e-01
-6.407259106636047363e-01
-5.157211422920227051e-01
-3.917861282825469971e-01
-3.432787060737609863e-01
-3.579363226890563965e-01
-2.548061609268188477e-01
-1.110562309622764587e-01
2.686045467853546143e-01
1.492195367813110352e+00
2.116229534149169922e+00
2.196910142898559570e+00
1.835930705070495605e+00
1.231647610664367676e+00
5.700594782829284668e-01
2.113312780857086182e-01
-1.084536239504814148e-01
-1.706287115812301636e-01
-7.560972869396209717e-02
-3.029568865895271301e-02
4.425372928380966187e-02
-4.413356538861989975e-03
-8.723362535238265991e-02
-2.255707830190658569e-01
-4.348009228706359863e-01
-7.382517457008361816e-01
-1.008986353874206543e+00
-1.164934992790222168e+00
-1.599569797515869141e+00
-2.556768894195556641e+00
-1.932798743247985840e+00
-8.538839221000671387e-01
1.404437050223350525e-02
2.030444592237472534e-01
2.010645717382431030e-01
1.472561508417129517e-01
9.066949039697647095e-02
6.213665008544921875e-02
6.970495730638504028e-02
1.401987820863723755e-01
2.082816064357757568e-01
3.040350675582885742e-01
3.409505188465118408e-01
3.843006491661071777e-01
4.062231779098510742e-01
4.401847720146179199e-01
4.411108493804931641e-01
3.773390650749206543e-01
2.848428785800933838e-01
1.778487116098403931e-01
3.496100008487701416e-02
-6.206980347633361816e-02
-1.731993854045867920e-01
-2.960965335369110107e-01
-1.769196689128875732e-01
-1.594145223498344421e-02
-5.306447669863700867e-02
-6.036134809255599976e-02
-3.413626849651336670e-01
-1.837535053491592407e-01
3.343562185764312744e-01
6.683516502380371094e-01
6.923179626464843750e-01
6.483291983604431152e-01
6.214888095855712891e-01
5.401694178581237793e-01
4.734278321266174316e-01
4.982882738113403320e-01
4.014011919498443604e-01
2.217097580432891846e-01
-1.098427474498748779e-01
-7.111718654632568359e-01
-1.162476062774658203e+00
-1.250501513481140137e+00
-1.543988943099975586e+00
-1.606227993965148926e+00
-1.054795384407043457e+00
-1.020988002419471741e-01
3.673278391361236572e-01
-7.308430671691894531e-01
-2.309234142303466797e+00
-2.072157859802246094e+00
-6.674864292144775391e-01
1.196493953466415405e-01
1.212663054466247559e+00
2.090889930725097656e+00
2.432629346847534180e+00
2.548980236053466797e+00
1.355103611946105957e+00
-3.826316818594932556e-02
-1.635830521583557129e+00
-2.673534870147705078e+00
-2.746455669403076172e+00
-2.820765495300292969e+00
-3.592892646789550781e+00
-5.434497833251953125e+00
-4.537078857421875000e+00
-1.366277456283569336e+00
2.083736896514892578e+00
4.667866706848144531e+00
6.329301357269287109e+00
6.703453540802001953e+00
4.815161228179931641e+00
1.613208413124084473e+00
-1.519910931587219238e+00
-3.359776020050048828e+00
-3.008695840835571289e+00
-1.255131959915161133e+00
-1.966217517852783203e+00
-2.630599975585937500e+00
2.046571224927902222e-01
2.337243080139160156e+00
3.817022800445556641e+00
4.804367542266845703e+00
5.318980693817138672e+00
6.040556430816650391e+00
3.078617811203002930e+00
4.676797688007354736e-01
-1.319590330123901367e+00
-1.958170175552368164e+00
-2.050778150558471680e+00
-1.681096673011779785e+00
-9.798148274421691895e-01
-5.129748582839965820e-01
-6.150192618370056152e-01
-3.377701342105865479e-01
-8.164521306753158569e-02
-2.216429263353347778e-01
-1.161901235580444336e+00
-2.206135988235473633e+00
-3.453916788101196289e+00
-5.195792675018310547e+00
-6.257719039916992188e+00
-5.976055145263671875e+00
-3.642182350158691406e+00
-9.723423123359680176e-01
-1.552164077758789062e+00
2.558145046234130859e+00
1.014727210998535156e+01
1.541323280334472656e+01
1.352369499206542969e+01
6.348477840423583984e+00
1.527705788612365723e+00
-9.157556295394897461e-01
-2.955781698226928711e+00
-4.494143962860107422e+00
-5.073949337005615234e+00
-5.062437534332275391e+00
-3.903145313262939453e+00
-2.222102880477905273e+00
-6.863912343978881836e-01
4.164579510688781738e-01
5.458696484565734863e-01
-4.625513851642608643e-01
-7.734267711639404297e-01
-1.203239560127258301e+00
-1.440443754196166992e+00
-1.464729309082031250e+00
-1.421746492385864258e+00
-1.219924926757812500e+00
-9.554653167724609375e-01
-7.916290163993835449e-01
-6.246792078018188477e-01
-3.364608287811279297e-01
-1.253625601530075073e-01
-9.874575585126876831e-02
1.795891076326370239e-01
5.870003104209899902e-01
6.313244104385375977e-01
7.874966263771057129e-01
2.866950333118438721e-01
-3.505755662918090820e-01
-5.627276897430419922e-01
-8.820974230766296387e-01
-1.111749291419982910e+00
