-6.259055328369140625e+01
-3.359503555297851562e+01
-1.356579780578613281e+01
-2.425185918807983398e+00
2.275195837020874023e+00
3.857083797454833984e+00
3.965339183807373047e+00
3.373670101165771484e+00
2.914685726165771484e+00
1.947251796722412109e+00
9.582784771919250488e-01
-1.283803135156631470e-01
-9.755836129188537598e-01
-8.350749611854553223e-01
-4.666708409786224365e-01
-2.429108321666717529e-01
-6.217093467712402344e-01
-6.551600098609924316e-01
-6.455000638961791992e-01
-5.952841639518737793e-01
-5.181321501731872559e-01
-4.277276098728179932e-01
-3.352633118629455566e-01
-2.484992444515228271e-01
-1.720338016748428345e-01
-1.079426854848861694e-01
-5.636962503194808960e-02
1.704400777816772461e-01
1.770024597644805908e-01
-9.109176993370056152e-01
-1.349336624145507812e+00
-1.059457659721374512e+00
-5.034106373786926270e-01
2.014637440443038940e-01
-3.133353590965270996e-02
-1.255861073732376099e-01
9.651336818933486938e-02
4.112422093749046326e-02
-8.063930273056030273e-02
-1.848392486572265625e-01
-2.439965754747390747e-01
-2.581751942634582520e-01
1.062212362885475159e-01
-5.775289535522460938e-01
-5.160723924636840820e-01
-7.659542560577392578e-01
-6.205597519874572754e-01
-4.637329280376434326e-01
-5.640529394149780273e-01
-3.788689076900482178e-01
-1.412975341081619263e-01
-2.041218243539333344e-02
-1.292584836483001709e-01
-1.382159143686294556e-01
-1.404193490743637085e-01
3.001126274466514587e-02
-2.890231907367706299e-01
-5.083603858947753906e-01
-6.209269762039184570e-01
-6.842356920242309570e-01
-7.243764996528625488e-01
-7.531169056892395020e-01
-7.751511931419372559e-01
-7.921080589294433594e-01
-4.021326601505279541e-01
6.941755115985870361e-02
-3.572443127632141113e-02
-6.279364824295043945e-01
-5.425295233726501465e-01
-3.655205965042114258e-01
3.215188086032867432e-01
3.446388840675354004e-01
3.766205608844757080e-01
8.282974362373352051e-02
-1.402186989784240723e+00
-2.051895856857299805e+00
-1.091854453086853027e+00
1.895045489072799683e-01
7.617739439010620117e-01
1.081463098526000977e+00
1.183220028877258301e+00
1.475701570510864258e+00
1.176322340965270996e+00
5.474982261657714844e-01
2.865673005580902100e-01
1.939593106508255005e-01
6.766863465309143066e-01
9.559792280197143555e-01
8.980727195739746094e-02
-9.746735095977783203e-01
-8.561512231826782227e-01
1.113306432962417603e-01
-6.789772212505340576e-02
-8.113481402397155762e-01
-1.704530715942382812e-01
-3.714283406734466553e-01
6.909821182489395142e-02
-3.206536173820495605e-01
-4.338429272174835205e-01
-8.410465717315673828e-01
-1.679883241653442383e+00
-1.687706947326660156e+00
-9.705061316490173340e-01
-8.036521077156066895e-01
-4.527317583560943604e-01
-3.032816350460052490e-01
-3.705980479717254639e-01
-1.487381011247634888e-01
1.986695379018783569e-01
1.363826841115951538e-01
1.041774749755859375e-01
-1.124932467937469482e-01
-2.325163930654525757e-01
1.543294787406921387e-01
2.918098494410514832e-02
2.977176010608673096e-02
9.394270181655883789e-02
3.840292096138000488e-01
5.790488123893737793e-01
4.397855997085571289e-01
2.681734263896942139e-01
3.237222433090209961e-01
1.438711583614349365e-01
3.767536953091621399e-02
-1.382638216018676758e-01
8.003553748130798340e-02
1.652029305696487427e-01
1.447547692805528641e-02
3.123016329482197762e-03
1.318161636590957642e-01
1.225234344601631165e-01
1.094465553760528564e-01
7.389732003211975098e-01
8.131074905395507812e-01
2.188357263803482056e-01
4.999807775020599365e-01
3.500356972217559814e-01
3.416051864624023438e-01
3.741137683391571045e-01
3.238020837306976318e-01
2.806435823440551758e-01
1.029639914631843567e-01
-4.817755222320556641e-01
-2.277901917695999146e-01
-1.691543310880661011e-02
-9.556834399700164795e-02
-4.131284356117248535e-02
1.197132617235183716e-01
1.269143372774124146e-01
2.040184438228607178e-01
8.091371506452560425e-02
-1.714909225702285767e-01
-2.399729192256927490e-01
-4.873160421848297119e-01
-1.376411169767379761e-01
2.786956131458282471e-01
4.008423388004302979e-01
1.859598904848098755e-01
-1.958883404731750488e-01
-3.742385208606719971e-01
-2.735193371772766113e-01
-3.227452933788299561e-01
-2.206689566373825073e-01
-9.882558882236480713e-02
7.559674233198165894e-02
1.591834127902984619e-01
-1.523306518793106079e-01
-7.128269970417022705e-02
-5.397459119558334351e-02
4.302693307399749756e-01
6.413356661796569824e-01
6.508200168609619141e-01
5.370559096336364746e-01
3.489180207252502441e-01
3.194910287857055664e-01
2.947103977203369141e-01
3.608293235301971436e-01
3.744650483131408691e-01
2.193945646286010742e-01
3.346914947032928467e-01
3.983674645423889160e-01
2.905590236186981201e-01
2.747198641300201416e-01
3.805005252361297607e-01
4.610055983066558838e-01
6.013705134391784668e-01
5.090339779853820801e-01
4.493657350540161133e-01
1.576026976108551025e-01
2.047688961029052734e-01
1.692425608634948730e-01
2.025973945856094360e-01
3.398647904396057129e-01
7.901365309953689575e-02
2.836932539939880371e-01
1.633507758378982544e-01
2.467937469482421875e-01
2.201450020074844360e-01
6.584096699953079224e-02
2.890421748161315918e-01
3.556879758834838867e-01
3.068612217903137207e-01
1.433442533016204834e-01
-2.492975890636444092e-01
-1.108326911926269531e-01
4.863407928496599197e-03
1.823034733533859253e-01
8.244653791189193726e-02
-7.222475111484527588e-02
3.492054045200347900e-01
5.399618744850158691e-01
5.130097866058349609e-01
2.941036820411682129e-01
5.305733680725097656e-01
2.440474480390548706e-01
8.728450536727905273e-02
-1.853022873401641846e-01
-6.671831011772155762e-01
-9.715279936790466309e-01
-6.450689435005187988e-01
-2.408191710710525513e-01
-4.852987825870513916e-02
-3.175879716873168945e-01
-2.511657178401947021e-01
-9.987940639257431030e-02
-5.359831452369689941e-01
-9.107899665832519531e-01
-8.522553443908691406e-01
-2.204294502735137939e-01
1.223478019237518311e-01
3.651244044303894043e-01
5.761747956275939941e-01
2.013200372457504272e-01
-2.049735039472579956e-01
-2.083584815263748169e-01
2.555650100111961365e-02
2.222845703363418579e-01
3.838855028152465820e-01
5.469553470611572266e-01
3.889949023723602295e-01
3.656513094902038574e-01
3.025820851325988770e-01
1.673903912305831909e-01
6.702251732349395752e-02
-1.867712438106536865e-01
-4.259019717574119568e-02
-1.504944562911987305e-01
-2.015565782785415649e-01
-1.058190912008285522e-01
-1.284441798925399780e-01
-1.794424355030059814e-01
-1.586695164442062378e-01
-2.469664216041564941e-01
-2.080551087856292725e-01
-2.080870419740676880e-01
-1.722254008054733276e-01
1.457552611827850342e-01
2.373627386987209320e-02
1.754111982882022858e-02
-1.193376258015632629e-02
2.722449898719787598e-01
4.148772358894348145e-01
1.651390641927719116e-01
-3.893377631902694702e-02
-8.629158139228820801e-02
-1.394294053316116333e-01
1.022614538669586182e-01
1.414601653814315796e-01
2.099740952253341675e-01
1.506570875644683838e-01
3.026673384010791779e-02
-1.212910041213035583e-01
-1.226162612438201904e-01
1.227469742298126221e-01
2.141733914613723755e-01
1.377398818731307983e-01
2.255418151617050171e-01
9.427800774574279785e-02
-6.772208213806152344e-02
-9.890000335872173309e-03
1.301077157258987427e-01
4.608992487192153931e-02
4.395036026835441589e-02
-6.840324029326438904e-03
-1.278055012226104736e-01
-8.819164335727691650e-02
3.776903450489044189e-01
6.371682882308959961e-01
6.566638946533203125e-01
5.686703324317932129e-01
4.674562215805053711e-01
1.953963190317153931e-01
-3.613957017660140991e-02
-3.752923309803009033e-01
-4.739836752414703369e-01
-3.130693435668945312e-01
1.642928123474121094e-01
2.417003065347671509e-01
4.684036597609519958e-02
4.395036026835441589e-02
2.930817902088165283e-01
2.084732055664062500e-01
3.286933526396751404e-02
7.663458585739135742e-02
2.134708464145660400e-01
3.083620965480804443e-01
2.314549870789051056e-02
-1.133394986391067505e-01
1.367978304624557495e-01
4.541398286819458008e-01
3.830711841583251953e-01
2.711592316627502441e-01
3.160795196890830994e-02
9.114849567413330078e-02
1.362709254026412964e-01
3.130244314670562744e-01
2.608605921268463135e-01
1.370532959699630737e-01
1.508167684078216553e-01
1.341792643070220947e-01
-2.175554037094116211e-01
-5.340990424156188965e-01
-3.663508594036102295e-01
-9.100181609392166138e-02
-3.838548669591546059e-03
2.688919603824615479e-01
7.808757573366165161e-02
-2.187209874391555786e-01
-1.639864891767501831e-01
-8.699412643909454346e-02
-1.314938664436340332e-01
2.517913877964019775e-01
3.752474188804626465e-01
2.550486326217651367e-01
5.276194810867309570e-01
5.070062279701232910e-01
2.986223101615905762e-01
2.364312410354614258e-01
3.162497580051422119e-01
-7.120286673307418823e-02
-2.942443788051605225e-01
-3.464082181453704834e-01
1.566766053438186646e-01
2.141414582729339600e-01
2.185323536396026611e-01
1.295488625764846802e-01
-7.535425573587417603e-02
-1.419841051101684570e-01
-1.246121227741241455e-01
-2.337458431720733643e-01
-2.059155404567718506e-01
-1.296736299991607666e-01
-1.552366316318511963e-01
4.862865805625915527e-02
-1.039669290184974670e-01
2.809095312841236591e-04
-1.495524197816848755e-01
-6.638086587190628052e-02
4.712777212262153625e-02
4.840512201189994812e-02
-1.238457113504409790e-01
-2.674359679222106934e-01
-3.229688107967376709e-01
-1.438841670751571655e-01
1.236784737557172775e-02
1.407097131013870239e-01
9.589066356420516968e-02
-1.959522068500518799e-01
-2.764093577861785889e-01
2.497476190328598022e-01
-4.203135520219802856e-02
1.865506619215011597e-01
5.580683350563049316e-01
6.423096656799316406e-01
1.576825231313705444e-01
-1.553803235292434692e-01
-4.698323011398315430e-01
-5.944538712501525879e-01
-4.830369055271148682e-01
-3.409954309463500977e-01
3.374058902263641357e-01
4.879417419433593750e-01
2.962805703282356262e-02
3.462355732917785645e-01
-1.182627675007097423e-04
3.072923123836517334e-01
4.379014968872070312e-01
1.812975555658340454e-01
1.514608599245548248e-02
5.653227120637893677e-02
9.854116290807723999e-02
4.374279081821441650e-02
-2.022112309932708740e-01
7.938089221715927124e-02
3.333503007888793945e-01
-1.056434512138366699e-01
1.424022167921066284e-01
1.315127909183502197e-01
1.280958801507949829e-01
3.622184395790100098e-01
3.607175350189208984e-01
2.824478447437286377e-01
4.336543083190917969e-01
5.092575550079345703e-01
-8.012835681438446045e-02
-3.200149536132812500e-01
-2.843289375305175781e-01
-1.769356280565261841e-01
-1.537038087844848633e-01
1.192342564463615417e-01
6.497023105621337891e-01
3.612444400787353516e-01
6.238838434219360352e-01
6.339908838272094727e-01
3.835501968860626221e-01
-2.854466140270233154e-01
2.469428814947605133e-02
3.858015239238739014e-01
3.488381803035736084e-01
2.258451879024505615e-01
7.743293046951293945e-02
-2.379131913185119629e-01
-1.242608502507209778e-01
6.236018612980842590e-02
9.442170709371566772e-02
3.802131116390228271e-01
7.380152344703674316e-01
1.034185051918029785e+00
7.001097798347473145e-01
2.891699075698852539e-01
2.396246194839477539e-01
1.800681054592132568e-01
2.951255440711975098e-01
3.980800807476043701e-01
2.247275114059448242e-01
2.892656922340393066e-01
3.820812404155731201e-01
4.172562956809997559e-01
3.295820951461791992e-01
4.415738880634307861e-01
3.910386860370635986e-01
4.435537755489349365e-01
4.489665627479553223e-01
5.996460914611816406e-01
7.538224458694458008e-01
8.423588275909423828e-01
5.560405254364013672e-01
4.046584367752075195e-01
4.038121998310089111e-01
3.767323493957519531e-01
6.045798659324645996e-01
7.976675033569335938e-01
7.047402262687683105e-01
6.283546090126037598e-01
7.202121019363403320e-01
5.610222220420837402e-01
6.506763100624084473e-01
6.551949381828308105e-01
5.594255328178405762e-01
4.398334920406341553e-01
4.562793970108032227e-01
4.605425596237182617e-01
4.884047806262969971e-01
2.130557149648666382e-01
2.108203470706939697e-01
2.540746629238128662e-01
3.953816592693328857e-01
4.656519591808319092e-01
1.985258311033248901e-01
1.775613129138946533e-01
-1.291786581277847290e-01
-9.507337212562561035e-02
-1.225843280553817749e-01
-3.187641128897666931e-02
2.203206419944763184e-01
1.675820052623748779e-01
9.362336248159408569e-02
1.196972951292991638e-01
-1.026736125349998474e-01
-2.476051002740859985e-01
-3.155921101570129395e-01
-1.379125565290451050e-01
-9.826133027672767639e-03
1.040337756276130676e-01
1.148912608623504639e-01
-1.130201593041419983e-01
-1.185606718063354492e-01
-1.304719746112823486e-01
4.762274399399757385e-02
2.136624455451965332e-01
1.514873653650283813e-01
-9.052280336618423462e-02
-1.450337916612625122e-01
4.692020267248153687e-02
-1.308337878435850143e-02
-2.955376803874969482e-01
-1.869149357080459595e-01
-1.866275370121002197e-01
4.814965277910232544e-02
2.180533409118652344e-01
1.403105407953262329e-01
6.074219942092895508e-01
5.260068178176879883e-01
2.138700187206268311e-01
7.226507645100355148e-03
-2.694264240562915802e-02
5.499944835901260376e-02
9.218633919954299927e-02
3.486519679427146912e-02
-9.820288419723510742e-02
-1.334418207406997681e-01
-5.670492723584175110e-02
9.514021873474121094e-02
1.659374088048934937e-01
-1.258840505033731461e-02
5.972564965486526489e-02
9.090898931026458740e-02
-2.864568261429667473e-03
3.248612955212593079e-02
1.617221534252166748e-01
1.488687992095947266e-01
2.096707224845886230e-01
2.333496212959289551e-01
-2.385561587288975716e-03
-2.115039527416229248e-01
-7.848376780748367310e-02
1.352809816598892212e-01
6.657544523477554321e-02
1.366658252663910389e-03
6.853937357664108276e-02
1.102662831544876099e-02
5.051275342702865601e-02
-4.037079960107803345e-02
2.330088609596714377e-04
3.874515369534492493e-02
2.519670128822326660e-01
2.399918586015701294e-01
2.826234698295593262e-01
2.843638658523559570e-01
2.881639897823333740e-01
2.546175420284271240e-01
1.728830039501190186e-01
3.078511655330657959e-01
2.724525630474090576e-01
7.915735989809036255e-02
1.665281802415847778e-01
5.092789232730865479e-02
-3.192431107163429260e-02
-4.872148111462593079e-02
1.250941008329391479e-01
2.963550090789794922e-01
4.493817090988159180e-01
4.298861324787139893e-01
3.884041309356689453e-01
3.397530019283294678e-01
3.997246623039245605e-01
3.843964338302612305e-01
5.052977800369262695e-01
5.083474516868591309e-01
6.113657951354980469e-01
6.907052993774414062e-01
7.551157474517822266e-01
8.166521787643432617e-01
9.129005670547485352e-01
7.038460373878479004e-01
8.476439118385314941e-01
5.257992148399353027e-01
-1.006298512220382690e-01
3.670139238238334656e-02
-2.266351506114006042e-02
1.381390541791915894e-01
1.608759015798568726e-01
1.891692429780960083e-01
2.474004924297332764e-01
1.942946165800094604e-01
9.309645742177963257e-02
3.824005722999572754e-01
5.900500416755676270e-01
6.862824559211730957e-01
5.769252181053161621e-01
4.575886726379394531e-01
4.444000124931335449e-01
3.534685671329498291e-01
3.369587957859039307e-01
3.898890614509582520e-01
3.687808215618133545e-01
1.130550727248191833e-01
1.582732945680618286e-01
1.858481168746948242e-01
1.332372128963470459e-01
-1.933176666498184204e-01
-2.659829854965209961e-01
-2.546624541282653809e-01
-2.067617923021316528e-01
-2.547368779778480530e-02
1.580072939395904541e-02
-1.474128514528274536e-01
-1.695429682731628418e-01
2.692911326885223389e-01
4.440008401870727539e-01
1.541698127985000610e-01
2.211509197950363159e-01
1.460426598787307739e-01
-2.818805910646915436e-02
1.159610450267791748e-01
3.064620494842529297e-01
4.678553938865661621e-01
3.968985080718994141e-01
9.854116290807723999e-02
-2.289238423109054565e-01
1.977648586034774780e-02
1.116659492254257202e-01
7.259496301412582397e-02
2.745601832866668701e-01
5.481209754943847656e-01
4.090972244739532471e-01
2.276813834905624390e-01
2.191550582647323608e-01
7.740099728107452393e-02
2.436802089214324951e-01
3.577636778354644775e-01
3.143656551837921143e-01
2.566293478012084961e-01
4.706017076969146729e-01
5.042439103126525879e-01
3.313065171241760254e-01
2.910539805889129639e-01
3.490138053894042969e-01
3.245844542980194092e-01
3.040670156478881836e-01
2.371018528938293457e-01
2.145246565341949463e-01
2.270906120538711548e-01
2.938641607761383057e-01
2.445903271436691284e-01
3.483326360583305359e-02
1.477032154798507690e-01
3.037955760955810547e-01
1.857203841209411621e-01
-3.040204057469964027e-03
-1.298812031745910645e-01
2.515732869505882263e-02
7.513370364904403687e-02
1.794932931661605835e-01
4.120351374149322510e-01
5.050582289695739746e-01
3.446867763996124268e-01
1.032408513128757477e-02
-3.510172292590141296e-02
9.552342444658279419e-02
1.179888397455215454e-01
-2.521821670234203339e-02
-9.234303236007690430e-02
9.834956377744674683e-02
2.679339349269866943e-01
4.182941615581512451e-01
2.837890684604644775e-01
1.777209788560867310e-01
2.224921435117721558e-01
1.393525302410125732e-01
2.239131927490234375e-01
7.240336388349533081e-02
1.541752368211746216e-02
9.842939674854278564e-02
2.539683133363723755e-02
3.548790886998176575e-02
2.530048787593841553e-01
2.305075228214263916e-01
3.188363909721374512e-01
3.705371916294097900e-01
2.166801989078521729e-01
1.010639369487762451e-01
9.225020557641983032e-02
2.903035581111907959e-01
4.612770378589630127e-01
1.546168774366378784e-01
-4.378771409392356873e-02
-3.933294862508773804e-02
2.166322916746139526e-01
1.636541485786437988e-01
-1.160059645771980286e-01
-1.062980964779853821e-01
-7.524248957633972168e-02
-1.860048323869705200e-01
-1.906991004943847656e-01
1.992018707096576691e-02
5.846426635980606079e-02
-9.232706576585769653e-02
-7.647193968296051025e-02
-6.412953138351440430e-02
9.542761743068695068e-02
1.602372229099273682e-01
2.379001975059509277e-01
3.564863204956054688e-01
1.587363332509994507e-01
-2.154583111405372620e-02
-1.813744306564331055e-01
-9.216739982366561890e-02
-2.061975188553333282e-02
-3.063099458813667297e-02
5.737851560115814209e-02
3.121462464332580566e-01
3.915655910968780518e-01
3.764609098434448242e-01
3.537719547748565674e-01
3.666093349456787109e-01
2.553999125957489014e-01
2.068445831537246704e-01
1.357280462980270386e-01
1.896961480379104614e-01
2.459634691476821899e-01
3.598872721195220947e-01
3.256861865520477295e-01
2.487417161464691162e-01
2.039386183023452759e-01
1.562135666608810425e-01
1.583850681781768799e-01
2.841403186321258545e-01
1.728510707616806030e-01
9.750331938266754150e-02
1.212406132253818214e-04
-6.712588947266340256e-03
3.173834085464477539e-01
3.303165733814239502e-01
2.599983811378479004e-01
1.636222153902053833e-01
7.420761883258819580e-02
-2.788468822836875916e-02
-4.980723187327384949e-02
1.660172492265701294e-01
1.324069350957870483e-01
9.472370038565713912e-06
5.940631031990051270e-02
1.865506619215011597e-01
2.394968867301940918e-01
2.048167884349822998e-01
1.517268717288970947e-01
9.122832864522933960e-02
1.016706749796867371e-01
3.478482365608215332e-01
2.873656451702117920e-01
6.437201797962188721e-02
1.813454627990722656e-01
8.316504955291748047e-02
1.170946955680847168e-01
1.150669008493423462e-01
5.701127648353576660e-02
1.099574938416481018e-01
9.493806399405002594e-03
-4.072206839919090271e-02
1.532172225415706635e-02
-4.525666683912277222e-02
8.458609879016876221e-02
2.196979373693466187e-01
1.976157277822494507e-01
1.495394110679626465e-01
1.501940488815307617e-01
2.625530958175659180e-01
7.859851419925689697e-02
1.925499527715146542e-03
1.243596300482749939e-01
1.710308492183685303e-01
1.339876502752304077e-01
1.686677485704421997e-01
2.197991684079170227e-02
1.397357434034347534e-01
2.318966388702392578e-01
1.881633251905441284e-01
1.053430587053298950e-01
1.945181488990783691e-01
1.683324426412582397e-01
1.599019169807434082e-01
1.143803223967552185e-01
1.921869814395904541e-01
2.171591967344284058e-01
2.322958111763000488e-01
1.212141513824462891e-01
1.044329479336738586e-01
1.081372648477554321e-01
1.861631870269775391e-03
-1.396155823022127151e-02
4.976230859756469727e-02
1.258764863014221191e-01
2.169675976037979126e-01
2.480711042881011963e-01
1.361272186040878296e-01
1.287185847759246826e-01
6.483505666255950928e-02
1.724518984556198120e-01
1.600775569677352905e-01
1.020219475030899048e-01
7.443115860223770142e-02
2.512539364397525787e-02
4.901186376810073853e-02
2.012242376804351807e-01
1.959551721811294556e-01
1.671349257230758667e-01
1.239764243364334106e-01
2.478315979242324829e-01
2.114270776510238647e-01
4.463693499565124512e-02
1.952101476490497589e-02
1.891427300870418549e-02
-5.285690724849700928e-02
2.047902904450893402e-02
4.024390280246734619e-01
5.675367116928100586e-01
3.116832077503204346e-01
7.066296786069869995e-02
2.504555881023406982e-02
7.019992917776107788e-02
4.361505433917045593e-02
6.052399426698684692e-02
1.254348270595073700e-02
1.099574938416481018e-01
2.843319177627563477e-01
1.944223493337631226e-01
-6.024957820773124695e-02
-8.070316910743713379e-02
5.361032858490943909e-02
3.618831336498260498e-01
3.226205408573150635e-01
1.394163966178894043e-01
1.019900143146514893e-01
2.196395024657249451e-02
-4.281373322010040283e-02
1.203519403934478760e-01
6.460097152739763260e-03
1.442757621407508850e-02
6.671915203332901001e-02
5.067242309451103210e-02
2.524779736995697021e-01
2.400078177452087402e-01
1.966098099946975708e-01
8.552815020084381104e-02
7.918929308652877808e-02
3.244567215442657471e-01
5.075225606560707092e-02
-1.861485391855239868e-01
-1.497440189123153687e-01
-4.855013103224337101e-04
1.261798590421676636e-01
1.727233380079269409e-01
1.294211298227310181e-01
-2.850739657878875732e-02
-8.467892557382583618e-02
1.013673022389411926e-01
2.221887707710266113e-01
2.049445211887359619e-01
6.687881797552108765e-02
8.284571021795272827e-02
6.460097152739763260e-03
2.838848531246185303e-01
1.728989779949188232e-01
-1.865582540631294250e-02
9.442170709371566772e-02
1.465855389833450317e-01
1.091431826353073120e-01
1.485175341367721558e-01
1.329338401556015015e-01
1.202880740165710449e-01
2.083029970526695251e-02
-2.857126481831073761e-02
-1.513886004686355591e-01
-6.829689443111419678e-02
2.807926945388317108e-02
2.224761694669723511e-01
1.840278953313827515e-01
1.507369279861450195e-01
6.855534017086029053e-02
-1.271614059805870056e-02
-4.152041301131248474e-02
-2.335009165108203888e-02
1.421307772397994995e-01
1.693383604288101196e-01
2.525578141212463379e-01
2.113367058336734772e-02
-1.267516911029815674e-01
-6.401776522397994995e-02
1.675874181091785431e-02
3.239457905292510986e-01
3.999002873897552490e-01
2.512165904045104980e-01
1.458510607481002808e-01
1.860876232385635376e-01
-2.585689350962638855e-02
-4.670965299010276794e-02
1.350149605423212051e-02
9.756718575954437256e-02
1.412206590175628662e-01
7.150921970605850220e-02
-3.262685611844062805e-02
6.702251732349395752e-02
5.033711716532707214e-02
-6.050504744052886963e-02
5.246071517467498779e-02
2.078824341297149658e-01
2.138700187206268311e-01
1.778806447982788086e-01
2.588168084621429443e-01
2.052638679742813110e-01
3.650978952646255493e-02
9.518811851739883423e-02
1.061573699116706848e-01
1.749322004616260529e-02
-1.229675337672233582e-01
3.318867459893226624e-02
1.771780997514724731e-01
1.577144563198089600e-01
2.427381575107574463e-01
3.069410622119903564e-01
1.192182898521423340e-01
3.780310600996017456e-02
1.950929611921310425e-01
3.489339649677276611e-01
2.759972214698791504e-01
5.646840482950210571e-02
2.517329528927803040e-02
-1.548853516578674316e-01
-1.136588305234909058e-01
7.261092960834503174e-02
8.116918802261352539e-02
9.961094707250595093e-02
8.859378844499588013e-02
1.629835367202758789e-01
2.722609639167785645e-01
2.119699567556381226e-01
1.276328414678573608e-01
5.645785480737686157e-03
8.259023725986480713e-02
2.480551302433013916e-01
3.678387701511383057e-01
1.167593896389007568e-01
-1.162454709410667419e-01
7.674635946750640869e-02
2.338925004005432129e-01
1.830219775438308716e-01
1.210864186286926270e-01
2.482627034187316895e-01
8.436256647109985352e-02
2.889358066022396088e-02
6.539931520819664001e-03
1.016866415739059448e-01
1.045766472816467285e-01
1.968493163585662842e-01
1.331254392862319946e-01
9.897226840257644653e-02
9.146783500909805298e-02
8.282974362373352051e-02
2.217151969671249390e-02
4.069311544299125671e-02
1.177014335989952087e-01
5.123126134276390076e-02
2.541279792785644531e-02
-4.841811209917068481e-02
-6.325135380029678345e-02
1.086695957928895950e-02
1.522218436002731323e-01
1.463460326194763184e-01
-9.347125887870788574e-03
5.225314572453498840e-02
1.339557170867919922e-01
9.855712950229644775e-02
1.582573354244232178e-01
2.170314639806747437e-01
2.109800130128860474e-01
1.499545425176620483e-01
1.979669928550720215e-01
2.483744770288467407e-01
1.493478119373321533e-01
1.827984452247619629e-01
-1.905499771237373352e-02
-1.119184419512748718e-01
-4.006742686033248901e-02
-8.811180293560028076e-02
-5.574691668152809143e-02
-3.380840644240379333e-02
1.017664745450019836e-01
2.460433095693588257e-01
1.925542205572128296e-01
1.478788554668426514e-01
2.105010002851486206e-01
2.465382814407348633e-01
3.794680908322334290e-02
4.578760862350463867e-01
5.967880487442016602e-01
3.914059102535247803e-01
1.669433265924453735e-01
4.909170046448707581e-02
-5.727973580360412598e-02
-3.443111479282379150e-02
5.661752540618181229e-03
5.590956285595893860e-02
1.492254994809627533e-02
6.236560642719268799e-03
2.460273355245590210e-01
3.988624513149261475e-01
1.915962100028991699e-01
6.413251161575317383e-02
4.814965277910232544e-02
2.143704146146774292e-02
1.676618307828903198e-01
1.417794972658157349e-01
-3.441514819860458374e-02
8.715677261352539062e-02
1.286387592554092407e-01
1.144282221794128418e-01
1.732821762561798096e-01
1.659374088048934937e-01
1.245512291789054871e-01
1.474477499723434448e-01
1.246630027890205383e-01
7.641647011041641235e-03
1.110751777887344360e-01
-1.923063211143016815e-02
-1.921466551721096039e-02
1.307463794946670532e-01
2.714147269725799561e-01
1.268344968557357788e-01
2.846353054046630859e-01
5.463220924139022827e-02
2.349677123129367828e-02
5.953404679894447327e-02
3.413072228431701660e-02
3.270966932177543640e-02
6.105090305209159851e-02
4.998584464192390442e-02
7.061506807804107666e-02
1.041455417871475220e-01
1.702644377946853638e-01
2.166482657194137573e-01
8.556008338928222656e-02
9.790249168872833252e-02
1.909255981445312500e-01
2.325193434953689575e-01
3.697824431583285332e-03
-1.373377442359924316e-01
1.437753587961196899e-01
2.537553310394287109e-01
1.548883169889450073e-01
8.471383899450302124e-02
1.851455867290496826e-01
2.409818023443222046e-01
2.622497081756591797e-01
1.490125060081481934e-01
1.925542205572128296e-01
7.214789092540740967e-02
5.198170617222785950e-02
1.327422410249710083e-01
2.477837055921554565e-01
1.049279198050498962e-01
-6.682793796062469482e-02
3.595094755291938782e-02
2.139977514743804932e-01
1.071473211050033569e-01
4.701600223779678345e-02
9.266535192728042603e-02
1.197292283177375793e-01
6.279129534959793091e-02
1.936559379100799561e-01
2.152431756258010864e-01
3.025076724588871002e-02
1.883708983659744263e-01
2.975525259971618652e-01
2.206878811120986938e-01
1.439190655946731567e-01
-1.460023410618305206e-02
5.656420439481735229e-02
2.153549343347549438e-01
1.508487015962600708e-01
2.265052497386932373e-02
3.440215811133384705e-02
1.317363232374191284e-01
1.261000186204910278e-01
1.575228571891784668e-01
1.181325390934944153e-01
1.576186567544937134e-01
2.063655853271484375e-01
4.839021265506744385e-01
4.857542812824249268e-01
2.580025196075439453e-01
2.076908349990844727e-01
1.390491575002670288e-01
-1.033442243933677673e-01
-2.328197509050369263e-01
-2.697511613368988037e-01
-2.057079821825027466e-01
2.991546131670475006e-02
1.626961231231689453e-01
2.668960988521575928e-01
4.160268604755401611e-01
3.340049386024475098e-01
1.934643238782882690e-01
2.152431756258010864e-01
2.329823821783065796e-01
1.017984077334403992e-01
1.767469942569732666e-01
7.872625440359115601e-02
8.707693964242935181e-02
1.576825231313705444e-01
2.281603813171386719e-01
2.767955660820007324e-01
1.922827810049057007e-01
6.927385181188583374e-02
1.538558956235647202e-02
-1.083099246025085449e-01
-1.442993134260177612e-01
-7.717448472976684570e-02
-1.389184594154357910e-01
-3.196796476840972900e-01
-9.277413785457611084e-02
1.446056365966796875e-01
2.816015779972076416e-01
2.778812944889068604e-01
7.817283272743225098e-03
-1.605216711759567261e-01
-2.442839890718460083e-01
-3.262260556221008301e-01
-1.814063638448715210e-01
-5.561918020248413086e-02
6.074753031134605408e-02
3.557678163051605225e-01
3.246323764324188232e-01
3.541391789913177490e-01
3.402639627456665039e-01
2.826554179191589355e-01
2.347068190574645996e-01
1.416038721799850464e-01
1.951248943805694580e-01
2.930817902088165283e-01
9.062158316373825073e-02
2.508812844753265381e-01
5.093373656272888184e-01
2.202408164739608765e-01
-2.323886454105377197e-01
-2.303289175033569336e-01
-1.350864171981811523e-01
9.027031809091567993e-02
1.470964699983596802e-01
1.564371138811111450e-01
6.965705752372741699e-02
1.155618727207183838e-01
1.741124540567398071e-01
1.791739612817764282e-01
2.427062243223190308e-01
1.843951344490051270e-01
3.029812574386596680e-01
2.176541686058044434e-01
2.035075128078460693e-01
2.087127119302749634e-01
1.506091952323913574e-01
-8.228389173746109009e-02
-9.663812816143035889e-02
7.211595773696899414e-02
6.659141182899475098e-02
1.450207829475402832e-01
1.911810636520385742e-01
1.751982122659683228e-01
1.077540591359138489e-01
1.744477599859237671e-01
7.657071948051452637e-02
-8.852153085172176361e-03
1.391928642988204956e-01
3.252071738243103027e-01
2.311940938234329224e-01
-3.583078505471348763e-03
3.710056468844413757e-02
8.338858187198638916e-02
1.239125579595565796e-01
1.088717430830001831e-01
3.809475898742675781e-01
3.102940917015075684e-01
6.116266921162605286e-02
-1.415849328041076660e-01
-1.021626740694046021e-01
6.048353314399719238e-01
5.684308409690856934e-01
2.807234227657318115e-01
1.885624974966049194e-01
-1.644495278596878052e-01
-3.794437050819396973e-01
5.262038111686706543e-02
1.316884309053421021e-01
6.711832433938980103e-02
-1.393176317214965820e-01
-5.143585428595542908e-02
1.957433298230171204e-03
1.188670173287391663e-01
9.924370795488357544e-02
5.780962109565734863e-02
2.419238537549972534e-01
2.344673126935958862e-01
1.567085385322570801e-01
2.823893725872039795e-02
1.461917906999588013e-02
6.770909577608108521e-02
1.710947155952453613e-01
1.688114553689956665e-01
2.032520323991775513e-01
8.896102756261825562e-02
1.157375052571296692e-01
3.026459515094757080e-01
3.368151187896728516e-01
4.573332071304321289e-01
3.497642576694488525e-01
1.267227232456207275e-01
1.154501065611839294e-01
5.574989318847656250e-02
2.202408164739608765e-01
2.511527240276336670e-01
1.086003035306930542e-01
1.590237468481063843e-01
2.708558738231658936e-01
4.691167771816253662e-01
1.274891346693038940e-01
-1.867712438106536865e-01
-7.481138408184051514e-02
1.858002245426177979e-01
2.536754906177520752e-01
2.426423579454421997e-01
2.193466573953628540e-01
2.560864686965942383e-01
1.677097380161285400e-01
1.264033913612365723e-01
6.719815731048583984e-02
-1.913483068346977234e-02
1.316884309053421021e-01
1.831976175308227539e-01
1.231142133474349976e-01
1.110272780060768127e-01
-5.593851953744888306e-02
2.855827659368515015e-02
1.632390022277832031e-01
9.367126226425170898e-02
-1.554228086024522781e-02
-3.019988723099231720e-02
1.412685662508010864e-01
1.113625764846801758e-01
1.137416437268257141e-01
1.916441023349761963e-01
2.140456587076187134e-01
2.369262129068374634e-01
1.763637959957122803e-01
2.788552939891815186e-01
6.580903381109237671e-02
2.097400277853012085e-02
7.398408651351928711e-02
2.184684872627258301e-01
8.623068779706954956e-02
1.096381545066833496e-01
2.695785164833068848e-01
9.438977390527725220e-02
-3.104071598500013351e-03
8.570378273725509644e-02
3.448145091533660889e-01
1.712863147258758545e-01
-2.564932405948638916e-02
-6.551865488290786743e-02
-8.744119852781295776e-02
1.162324845790863037e-01
4.288599826395511627e-03
-5.755117535591125488e-02
2.201929092407226562e-01
4.602072536945343018e-01
5.547951459884643555e-01
3.007299304008483887e-01
3.833001479506492615e-02
1.747725345194339752e-02
4.893628060817718506e-01
2.568209469318389893e-01
-3.059905953705310822e-02
-5.376436710357666016e-01
-8.370229005813598633e-01
-7.956526875495910645e-01
-2.192000001668930054e-01
3.596796989440917969e-01
2.912935018539428711e-01
1.641012132167816162e-01
-1.068250015377998352e-01
-2.019238173961639404e-01
-2.866760790348052979e-01
-1.436765938997268677e-01
-8.793617039918899536e-02
-3.139315545558929443e-01
1.664697378873825073e-02
3.736187815666198730e-01
4.033651053905487061e-01
-3.328149765729904175e-02
-1.731993854045867920e-01
9.515190031379461288e-04
3.515844941139221191e-01
4.549381732940673828e-01
1.721964329481124878e-01
-2.195193320512771606e-01
-4.021326601505279541e-01
-5.282551646232604980e-01
-1.660302430391311646e-01
-8.763279765844345093e-02
-2.203815430402755737e-01
-1.744927018880844116e-01
1.910587586462497711e-02
4.261977672576904297e-01
3.526542484760284424e-01
-5.959493666887283325e-02
-1.611284166574478149e-01
-5.256950482726097107e-02
1.445417702198028564e-01
8.298940956592559814e-02
-5.269723758101463318e-02
1.652827709913253784e-01
3.184531927108764648e-01
2.955566644668579102e-01
3.147808015346527100e-01
-1.454169899225234985e-01
-3.688736259937286377e-01
-5.085679888725280762e-01
-3.697677850723266602e-01
-1.568013876676559448e-01
3.203053474426269531e-01
2.755022346973419189e-01
-1.400945894420146942e-02
-2.459924370050430298e-01
-3.154164850711822510e-01
2.486299425363540649e-01
3.149724006652832031e-01
3.605259358882904053e-01
3.197145760059356689e-01
7.746486365795135498e-02
-4.908287525177001953e-01
-6.032037138938903809e-01
-6.930494308471679688e-01
-5.903823375701904297e-01
-5.269937515258789062e-01
-3.191846609115600586e-01
3.250209987163543701e-02
2.055193334817886353e-01
1.429929882287979126e-01
-3.463868424296379089e-02
-3.017488121986389160e-01
-2.567062377929687500e-01
2.158658802509307861e-01
8.579958230257034302e-02
-2.929670214653015137e-01
-4.650262594223022461e-01
-5.278559923171997070e-01
-3.900297582149505615e-01
-2.223933786153793335e-01
1.267865896224975586e-01
2.403271645307540894e-01
3.139664828777313232e-01
2.594395279884338379e-01
3.421320915222167969e-01
3.304602801799774170e-01
3.492852449417114258e-01
1.053270921111106873e-01
2.215555123984813690e-02
6.724605709314346313e-02
6.746958941221237183e-02
1.074826270341873169e-01
4.674456641077995300e-02
5.592552945017814636e-02
2.663372457027435303e-01
1.602372229099273682e-01
1.273773759603500366e-01
3.601107895374298096e-01
2.581781446933746338e-01
1.740645617246627808e-01
1.055825650691986084e-01
1.969291418790817261e-01
2.155784815549850464e-01
9.266535192728042603e-02
3.442354034632444382e-03
6.638384610414505005e-02
1.173341944813728333e-01
1.256848871707916260e-01
2.244720309972763062e-01
2.117144912481307983e-01
1.092709153890609741e-01
7.080667465925216675e-02
-1.091188192367553711e-02
1.668794602155685425e-01
3.053762912750244141e-01
1.579858958721160889e-01
-3.866234049201011658e-02
-7.332646101713180542e-02
-4.662982001900672913e-02
-3.098226524889469147e-02
1.973283141851425171e-01
2.914372086524963379e-01
1.237209513783454895e-01
1.226990744471549988e-01
3.806602060794830322e-01
2.581302523612976074e-01
1.368616968393325806e-01
4.738324135541915894e-02
2.466235496103763580e-02
2.729689143598079681e-02
4.038974270224571228e-02
4.009062051773071289e-01
4.537406563758850098e-01
1.859758645296096802e-01
-4.623064771294593811e-02
6.376527249813079834e-02
3.330044448375701904e-02
1.062052696943283081e-01
1.401189416646957397e-01
2.207996547222137451e-01
3.479440212249755859e-01
1.546009182929992676e-01
2.166961580514907837e-01
3.228440880775451660e-01
5.485574901103973389e-02
-1.597392857074737549e-01
-2.356618642807006836e-01
1.804992109537124634e-01
-3.194027766585350037e-02
-9.272623807191848755e-02
-1.339048594236373901e-01
1.671828329563140869e-01
3.893781006336212158e-01
2.282616123557090759e-02
-1.189917773008346558e-01
-1.870426833629608154e-01
-2.060752063989639282e-01
-3.126966953277587891e-02
5.294513888657093048e-03
2.205601483583450317e-01
2.237056195735931396e-01
2.839327454566955566e-01
2.334613949060440063e-01
2.995962798595428467e-01
2.639901041984558105e-01
9.742347896099090576e-02
-6.292033358477056026e-04
9.919580817222595215e-02
2.336051017045974731e-01
4.524313807487487793e-01
2.576512396335601807e-01
4.893203079700469971e-02
-7.944178581237792969e-02
-6.678003817796707153e-02
1.113785430788993835e-01
2.167919576168060303e-01
2.295335382223129272e-01
1.905264258384704590e-01
1.341313570737838745e-01
-4.950385913252830505e-02
-7.476348429918289185e-02
2.111770398914813995e-02
7.896575331687927246e-02
2.382035702466964722e-01
2.444945126771926880e-01
3.003946244716644287e-01
2.617866694927215576e-01
2.542822360992431641e-01
3.558636009693145752e-01
1.699451059103012085e-01
2.598760649561882019e-02
1.143121742643415928e-03
-4.415495321154594421e-02
-1.868775859475135803e-02
4.573865234851837158e-02
1.728670448064804077e-01
4.019121229648590088e-01
5.026472210884094238e-01
2.850185036659240723e-01
1.612271815538406372e-01
2.019906491041183472e-01
2.342597395181655884e-01
-1.568598300218582153e-02
-9.652635455131530762e-02
-6.745065003633499146e-02
-1.062661632895469666e-01
-2.175234705209732056e-01
-1.078947857022285461e-01
5.519105121493339539e-02
2.156104147434234619e-01
2.601740062236785889e-01
1.357759535312652588e-01
5.387164354324340820e-01
4.520960748195648193e-01
2.071798890829086304e-01
-1.002945452928543091e-01
-1.986346393823623657e-01
-1.701018065214157104e-01
-1.695749014616012573e-01
-1.441396325826644897e-01
-3.971615433692932129e-02
1.036186367273330688e-01
2.629682421684265137e-01
2.375010251998901367e-01
1.432484537363052368e-01
3.256596624851226807e-02
1.629835367202758789e-01
1.663206070661544800e-01
1.777529120445251465e-01
3.043543994426727295e-01
1.479427218437194824e-01
2.715105116367340088e-01
2.333176881074905396e-01
6.284461356699466705e-03
2.916767001152038574e-01
2.826713621616363525e-01
-4.373981058597564697e-02
-9.928862750530242920e-02
-1.323880106210708618e-01
-7.439624518156051636e-02
7.123778015375137329e-02
4.709583893418312073e-02
1.229385733604431152e-01
1.837724298238754272e-01
1.916281431913375854e-01
1.511999666690826416e-01
1.370213627815246582e-01
1.077859923243522644e-01
9.715204685926437378e-02
7.233949750661849976e-02
1.147794947028160095e-01
1.583850681781768799e-01
1.987174451351165771e-01
1.920752078294754028e-01
1.685240417718887329e-01
1.534512937068939209e-01
3.785685300827026367e-01
2.206399887800216675e-01
-1.043980345129966736e-01
1.175055513158440590e-03
2.469428814947605133e-02
2.509346045553684235e-02
6.849147379398345947e-02
3.571144491434097290e-02
1.301077157258987427e-01
2.466181218624114990e-01
2.466181218624114990e-01
4.886442720890045166e-01
4.110132455825805664e-01
3.342284560203552246e-01
4.634539410471916199e-02
-5.431682467460632324e-01
-7.862960696220397949e-01
-6.852256655693054199e-01
-7.345793247222900391e-01
-7.187880873680114746e-01
-3.175081312656402588e-01
-1.634595841169357300e-01
-8.701009303331375122e-02
2.336903661489486694e-02
-2.946541085839271545e-02
-2.987310588359832764e-01
-1.335695534944534302e-01
2.609244585037231445e-01
3.943172842264175415e-02
1.762360483407974243e-01
2.151314020156860352e-01
5.362629517912864685e-02
7.324960827827453613e-02
2.916501834988594055e-02
1.201763004064559937e-01
1.627120971679687500e-01
6.266355514526367188e-02
1.320876032114028931e-01
8.298940956592559814e-02
1.369309891015291214e-02
1.074027866125106812e-01
6.394091248512268066e-02
3.248558938503265381e-01
1.254613399505615234e-01
1.610834747552871704e-01
1.861355304718017578e-01
1.113146767020225525e-01
-1.190182939171791077e-02
8.126498758792877197e-02
1.558623015880584717e-01
3.043703734874725342e-01
3.006660640239715576e-01
9.379899501800537109e-02
-1.553004980087280273e-01
-1.383276879787445068e-01
-2.457954175770282745e-02
6.023659184575080872e-02
1.437114924192428589e-01
1.602212637662887573e-01
-4.658192023634910583e-02
-7.862747460603713989e-02
-1.054464280605316162e-02
1.655701696872711182e-01
2.846991717815399170e-01
5.006194710731506348e-01
3.979363739490509033e-01
1.104843989014625549e-01
-1.660302430391311646e-01
-3.285572230815887451e-01
-1.807197928428649902e-01
7.318574190139770508e-02
4.520960748195648193e-01
3.395614027976989746e-01
4.928330332040786743e-02
-5.309640988707542419e-02
4.722357168793678284e-02
2.570125758647918701e-01
3.170481026172637939e-01
3.222053945064544678e-01
1.024690195918083191e-01
2.924485132098197937e-02
1.011916697025299072e-01
-2.358959428966045380e-02
4.685633257031440735e-02
-7.412480562925338745e-02
-1.188161373138427734e-01
2.344886958599090576e-02
1.906062513589859009e-01
3.629209697246551514e-01
3.312426507472991943e-01
1.867742091417312622e-01
4.202900230884552002e-01
8.798705041408538818e-02
-2.872029840946197510e-01
-2.206210494041442871e-01
-1.638427823781967163e-01
-1.187682375311851501e-01
-1.892620772123336792e-01
-1.903902925550937653e-02
3.416690528392791748e-01
3.953816592693328857e-01
2.745122909545898438e-01
2.512006163597106934e-01
-3.574039787054061890e-02
-1.313182264566421509e-01
1.521739512681961060e-01
3.330309391021728516e-01
1.450527161359786987e-01
8.827445656061172485e-02
3.387471139430999756e-01
1.406618207693099976e-01
1.045926138758659363e-01
1.194098964333534241e-01
1.813731272704899311e-03
-2.149847447872161865e-01
-2.091727852821350098e-01
-4.270196333527565002e-02
-1.106251254677772522e-01
-9.698940068483352661e-02
3.718039765954017639e-02
2.925069928169250488e-01
5.058725476264953613e-01
4.120670557022094727e-01
4.911031723022460938e-01
1.714619547128677368e-01
6.861920654773712158e-02
1.901591867208480835e-01
6.875236053019762039e-03
-3.348906710743904114e-02
7.452695816755294800e-02
3.037850186228752136e-02
2.011178992688655853e-02
-2.772501856088638306e-02
-3.891780972480773926e-02
5.874953269958496094e-01
2.091118842363357544e-01
-3.777831494808197021e-01
