-7.301179504394531250e+01
-4.682118606567382812e+01
-2.772833442687988281e+01
-1.439874267578125000e+01
-5.537476539611816406e+00
-2.636783383786678314e-02
3.070027828216552734e+00
4.507974147796630859e+00
4.875116825103759766e+00
4.598107337951660156e+00
3.979406118392944336e+00
3.225641012191772461e+00
2.462519407272338867e+00
1.774394273757934570e+00
1.200528144836425781e+00
7.466053962707519531e-01
4.046584367752075195e-01
1.599657982587814331e-01
1.912184245884418488e-02
-5.994620919227600098e-02
-7.655177265405654907e-02
-5.603431910276412964e-02
-2.108279243111610413e-02
3.215082734823226929e-02
9.430994093418121338e-02
1.651869714260101318e-01
2.287671267986297607e-01
2.773703634738922119e-01
3.248558938503265381e-01
3.601267635822296143e-01
3.870629072189331055e-01
4.243296384811401367e-01
4.536608159542083740e-01
4.675679802894592285e-01
4.676318466663360596e-01
4.627459943294525146e-01
4.546986818313598633e-01
4.503397047519683838e-01
4.501481056213378906e-01
4.556566774845123291e-01
4.607980251312255859e-01
4.739866852760314941e-01
4.977134764194488525e-01
5.198276042938232422e-01
5.204184055328369141e-01
5.312439799308776855e-01
5.423249602317810059e-01
5.455662608146667480e-01
5.371357202529907227e-01
5.333675742149353027e-01
5.401375293731689453e-01
5.534539222717285156e-01
5.607667565345764160e-01
5.580683350563049316e-01
5.631458163261413574e-01
5.612617135047912598e-01
5.524958968162536621e-01
5.318506956100463867e-01
5.208335518836975098e-01
5.217117071151733398e-01
5.387963056564331055e-01
5.282261967658996582e-01
5.364332199096679688e-01
5.363533496856689453e-01
5.398501157760620117e-01
5.438418388366699219e-01
5.503882765769958496e-01
5.503563284873962402e-01
5.626348853111267090e-01
5.600961446762084961e-01
5.561044216156005859e-01
5.692611336708068848e-01
5.888205766677856445e-01
5.881978273391723633e-01
5.854994654655456543e-01
5.778512954711914062e-01
5.722948312759399414e-01
5.724065899848937988e-01
5.656685829162597656e-01
5.266135334968566895e-01
5.031102895736694336e-01
4.859618544578552246e-01
4.670570492744445801e-01
4.418133795261383057e-01
4.320097267627716064e-01
4.301735162734985352e-01
4.272994697093963623e-01
4.322492182254791260e-01
4.378855228424072266e-01
4.525750875473022461e-01
4.931150078773498535e-01
5.118122696876525879e-01
5.335910916328430176e-01
5.472108721733093262e-01
5.430115461349487305e-01
5.386046767234802246e-01
5.395467281341552734e-01
5.521765351295471191e-01
5.487596392631530762e-01
5.308448076248168945e-01
5.223503708839416504e-01
5.177519321441650391e-01
5.143828988075256348e-01
5.094970464706420898e-01
5.102474689483642578e-01
5.071977972984313965e-01
5.079323053359985352e-01
4.888199269771575928e-01
4.628098607063293457e-01
4.524313807487487793e-01
4.589139223098754883e-01
4.665940105915069580e-01
4.712563455104827881e-01
4.812356531620025635e-01
4.823213815689086914e-01
4.853870272636413574e-01
5.014018416404724121e-01
5.225579738616943359e-01
5.174964666366577148e-01
5.147342085838317871e-01
5.125467181205749512e-01
5.050422549247741699e-01
4.911351203918457031e-01
5.312598943710327148e-01
5.614373683929443359e-01
5.681753754615783691e-01
5.603835582733154297e-01
5.512664318084716797e-01
5.414946675300598145e-01
5.323296785354614258e-01
5.315153598785400391e-01
5.149257779121398926e-01
5.020884275436401367e-01
4.831835925579071045e-01
4.648855626583099365e-01
4.493976533412933350e-01
4.499884247779846191e-01
4.520162343978881836e-01
4.547306001186370850e-01
4.624266326427459717e-01
4.678394198417663574e-01
4.801179766654968262e-01
4.893787503242492676e-01
4.902569353580474854e-01
4.957016408443450928e-01
4.924603700637817383e-01
4.922687709331512451e-01
4.928914904594421387e-01
5.001723766326904297e-01
5.108542442321777344e-01
5.062078833580017090e-01
5.051540732383728027e-01
4.979849159717559814e-01
4.904166162014007568e-01
4.789843261241912842e-01
4.781061410903930664e-01
4.765094518661499023e-01
4.714000523090362549e-01
4.588181376457214355e-01
4.415100216865539551e-01
4.325366318225860596e-01
4.303491711616516113e-01
4.302533566951751709e-01
4.249683320522308350e-01
4.225892424583435059e-01
4.253675043582916260e-01
4.365443289279937744e-01
4.526708722114562988e-01
4.745614826679229736e-01
4.872072637081146240e-01
4.923006892204284668e-01
4.971705973148345947e-01
5.016093850135803223e-01
4.996454715728759766e-01
4.955100417137145996e-01
4.839021265506744385e-01
4.761421978473663330e-01
4.737312197685241699e-01
4.792078435420989990e-01
4.766052365303039551e-01
4.926200509071350098e-01
5.092735290527343750e-01
5.183905959129333496e-01
5.144627690315246582e-01
5.028228759765625000e-01
4.931948482990264893e-01
4.824810624122619629e-01
4.671528339385986328e-01
4.465555548667907715e-01
4.240901470184326172e-01
4.143822789192199707e-01
4.057601392269134521e-01
3.999961018562316895e-01
3.913899362087249756e-01
3.916933238506317139e-01
3.918689489364624023e-01
4.017205238342285156e-01
4.145419299602508545e-01
4.242338538169860840e-01
4.413024485111236572e-01
4.652687609195709229e-01
4.759027063846588135e-01
4.830558598041534424e-01
4.786170721054077148e-01
4.773237705230712891e-01
4.740186035633087158e-01
4.704899191856384277e-01
4.652527868747711182e-01
4.645981490612030029e-01
4.611493051052093506e-01
4.538204967975616455e-01
4.510582089424133301e-01
4.491262137889862061e-01
4.497808814048767090e-01
4.542835354804992676e-01
4.629056453704833984e-01
4.657956659793853760e-01
4.698672294616699219e-01
4.730606079101562500e-01
4.787288308143615723e-01
4.783616065979003906e-01
4.818264245986938477e-01
4.812995195388793945e-01
4.799902141094207764e-01
4.849399626255035400e-01
4.914704263210296631e-01
4.965159595012664795e-01
5.062876939773559570e-01
5.097365379333496094e-01
5.126425027847290039e-01
5.147501230239868164e-01
5.105348825454711914e-01
4.947755634784698486e-01
4.752320945262908936e-01
4.597761332988739014e-01
4.522716999053955078e-01
4.496052265167236328e-01
4.426436722278594971e-01
4.405519962310791016e-01
4.350593984127044678e-01
4.336064159870147705e-01
4.333988428115844727e-01
4.325845241546630859e-01
4.335744678974151611e-01
4.345324933528900146e-01
4.419570863246917725e-01
4.466194212436676025e-01
4.561197161674499512e-01
4.454219043254852295e-01
4.411268234252929688e-01
4.372468590736389160e-01
4.306844770908355713e-01
4.238187074661254883e-01
4.221421778202056885e-01
4.200185835361480713e-01
4.164898991584777832e-01
4.114922583103179932e-01
4.146057963371276855e-01
4.195076525211334229e-01
4.284171760082244873e-01
4.413503408432006836e-01
4.407595694065093994e-01
4.243775308132171631e-01
4.092569053173065186e-01
4.030936658382415771e-01
3.991817831993103027e-01
3.964035511016845703e-01
4.040357172489166260e-01
4.116199910640716553e-01
4.194757044315338135e-01
4.289919734001159668e-01
4.359216094017028809e-01
4.536927640438079834e-01
4.640712440013885498e-01
4.705697596073150635e-01
4.781700074672698975e-01
4.813793599605560303e-01
4.747690558433532715e-01
4.729647934436798096e-01
4.691486954689025879e-01
4.604627192020416260e-01
4.645981490612030029e-01
4.886283278465270996e-01
4.989748597145080566e-01
5.103911757469177246e-01
5.269488692283630371e-01
5.299665927886962891e-01
5.211049914360046387e-01
5.062717199325561523e-01
4.982723295688629150e-01
4.728530347347259521e-01
4.576046466827392578e-01
4.542515873908996582e-01
4.491741359233856201e-01
4.499884247779846191e-01
4.563592374324798584e-01
4.524154067039489746e-01
4.497649073600769043e-01
4.540599882602691650e-01
4.579718708992004395e-01
4.574290215969085693e-01
4.631930589675903320e-01
4.627300202846527100e-01
4.604627192020416260e-01
4.570138752460479736e-01
4.529582858085632324e-01
4.492060542106628418e-01
4.460765421390533447e-01
4.427873790264129639e-01
4.388435482978820801e-01
4.283852279186248779e-01
4.253994226455688477e-01
4.221421778202056885e-01
4.175277352333068848e-01
4.225413501262664795e-01
4.255750477313995361e-01
4.408713281154632568e-01
4.460286498069763184e-01
4.529423117637634277e-01
4.606862664222717285e-01
4.611013829708099365e-01
4.632569253444671631e-01
4.687495231628417969e-01
4.792397916316986084e-01
4.792557656764984131e-01
4.803095757961273193e-01
4.798305630683898926e-01
4.786969125270843506e-01
4.718471169471740723e-01
4.701386690139770508e-01
4.742900431156158447e-01
4.762699306011199951e-01
4.811398386955261230e-01
4.790641367435455322e-01
4.786809384822845459e-01
4.751043617725372314e-01
4.652368128299713135e-01
4.496850669384002686e-01
4.332711100578308105e-01
4.290558397769927979e-01
4.172243773937225342e-01
4.144141972064971924e-01
4.140150249004364014e-01
4.238985478878021240e-01
4.284331202507019043e-01
4.352669715881347656e-01
4.455975294113159180e-01
4.549062550067901611e-01
4.672646224498748779e-01
4.735236465930938721e-01
4.800061881542205811e-01
4.874627292156219482e-01
4.967395067214965820e-01
4.981126487255096436e-01
4.814112782478332520e-01
4.726294875144958496e-01
4.702344536781311035e-01
4.723101556301116943e-01
4.785691797733306885e-01
4.776431024074554443e-01
4.836945533752441406e-01
4.969949722290039062e-01
5.022799968719482422e-01
5.076129436492919922e-01
5.067666769027709961e-01
5.101836323738098145e-01
5.134089589118957520e-01
5.113172531127929688e-01
4.997412860393524170e-01
4.825928211212158203e-01
4.738429784774780273e-01
4.791918694972991943e-01
4.759665727615356445e-01
4.724538624286651611e-01
4.670889675617218018e-01
4.724219143390655518e-01
4.727572202682495117e-01
5.082356333732604980e-01
5.335431694984436035e-01
5.476898550987243652e-01
5.522244572639465332e-01
5.499571561813354492e-01
5.384290814399719238e-01
5.242823958396911621e-01
5.123072266578674316e-01
4.967554509639739990e-01
4.782178997993469238e-01
4.607022106647491455e-01
4.504355192184448242e-01
4.386519491672515869e-01
4.338618814945220947e-01
4.317861795425415039e-01
4.400410652160644531e-01
4.524792730808258057e-01
4.666897952556610107e-01
4.747690558433532715e-01
4.845248162746429443e-01
4.940091669559478760e-01
4.909594953060150146e-01
4.893148839473724365e-01
4.862652122974395752e-01
4.809003472328186035e-01
4.763018786907196045e-01
4.745934307575225830e-01
4.738270044326782227e-01
4.731563925743103027e-01
4.689570963382720947e-01
4.663544893264770508e-01
4.700109064579010010e-01
4.774195551872253418e-01
4.805969595909118652e-01
4.788885116577148438e-01
4.778506755828857422e-01
4.790960848331451416e-01
4.764775037765502930e-01
4.698831737041473389e-01
4.615165293216705322e-01
4.612291157245635986e-01
4.637199640274047852e-01
4.666897952556610107e-01
4.693722426891326904e-01
4.677915275096893311e-01
4.667057693004608154e-01
4.696436822414398193e-01
4.775313138961791992e-01
4.891711771488189697e-01
4.959890544414520264e-01
4.939772188663482666e-01
4.971865713596343994e-01
5.010186433792114258e-01
5.003799200057983398e-01
5.016253590583801270e-01
5.000606179237365723e-01
4.930511415004730225e-01
4.826726615428924561e-01
4.752161204814910889e-01
4.759984910488128662e-01
4.425638318061828613e-01
4.202421307563781738e-01
3.916294574737548828e-01
3.799097537994384766e-01
3.799097537994384766e-01
3.848115801811218262e-01
3.930345475673675537e-01
3.971060812473297119e-01
4.100711941719055176e-01
4.243615865707397461e-01
4.405200779438018799e-01
4.554012119770050049e-01
4.609417319297790527e-01
4.652368128299713135e-01
4.689570963382720947e-01
4.762060642242431641e-01
4.744497239589691162e-01
4.684781134128570557e-01
4.655402004718780518e-01
4.635443389415740967e-01
4.628897011280059814e-01
4.585466980934143066e-01
4.484396576881408691e-01
4.457093179225921631e-01
4.374224841594696045e-01
4.371829926967620850e-01
4.435378015041351318e-01
4.434260427951812744e-01
4.405839443206787109e-01
4.398654401302337646e-01
4.439210295677185059e-01
4.412226080894470215e-01
4.396738111972808838e-01
4.440168142318725586e-01
4.584189653396606445e-01
4.753438532352447510e-01
4.823693037033081055e-01
4.884686470031738281e-01
4.921889305114746094e-01
4.965159595012664795e-01
5.044355392456054688e-01
5.093852877616882324e-01
5.148299932479858398e-01
5.166981220245361328e-01
5.137122869491577148e-01
5.047867894172668457e-01
4.932906627655029297e-01
4.827684760093688965e-01
4.770363569259643555e-01
4.714159965515136719e-01
4.586904048919677734e-01
4.563751816749572754e-01
4.570457935333251953e-01
4.619476497173309326e-01
4.662906229496002197e-01
4.642947614192962646e-01
4.714159965515136719e-01
4.805330932140350342e-01
4.968512654304504395e-01
5.000446438789367676e-01
5.049464702606201172e-01
5.033657550811767578e-01
4.885005950927734375e-01
4.805650413036346436e-01
4.729009270668029785e-01
4.621552228927612305e-01
4.611333310604095459e-01
4.640552699565887451e-01
4.822894632816314697e-01
4.921729564666748047e-01
5.022799968719482422e-01
5.113811492919921875e-01
5.175443291664123535e-01
5.232126116752624512e-01
5.240747928619384766e-01
5.163947343826293945e-01
5.106945633888244629e-01
4.993740320205688477e-01
4.908317625522613525e-01
4.832953810691833496e-01
4.730446338653564453e-01
4.607181847095489502e-01
4.551617205142974854e-01
4.543474018573760986e-01
4.527187645435333252e-01
4.536129236221313477e-01
4.608618915081024170e-01
4.612930119037628174e-01
4.636720716953277588e-01
4.662906229496002197e-01
4.659553170204162598e-01
4.922368228435516357e-01
5.142073035240173340e-01
5.233403444290161133e-01
5.317229628562927246e-01
5.375508666038513184e-01
5.227335691452026367e-01
5.100079774856567383e-01
5.001564025878906250e-01
4.942486584186553955e-01
4.954302012920379639e-01
4.928755164146423340e-01
4.910552799701690674e-01
4.954781234264373779e-01
4.984799027442932129e-01
4.923006892204284668e-01
4.943125247955322266e-01
5.177199840545654297e-01
5.160594582557678223e-01
5.184704661369323730e-01
5.156921744346618652e-01
5.221268534660339355e-01
5.212646722793579102e-01
5.215360522270202637e-01
5.208335518836975098e-01
5.243622064590454102e-01
5.142391920089721680e-01
5.062557458877563477e-01
5.027111172676086426e-01
5.057288408279418945e-01
5.135845541954040527e-01
5.249370336532592773e-01
5.382694005966186523e-01
5.371836423873901367e-01
5.233083963394165039e-01
4.984479546546936035e-01
4.800860285758972168e-01
4.595366418361663818e-01
4.470345675945281982e-01
4.431865513324737549e-01
4.355863034725189209e-01
4.319777786731719971e-01
4.362888336181640625e-01
4.378376305103302002e-01
4.355703294277191162e-01
4.431386291980743408e-01
4.505792260169982910e-01
4.599677324295043945e-01
4.674562215805053711e-01
4.760144650936126709e-01
4.789204597473144531e-01
4.743858575820922852e-01
4.652208387851715088e-01
4.547784924507141113e-01
4.527507126331329346e-01
4.469547271728515625e-01
4.519683420658111572e-01
4.500043988227844238e-01
4.521759152412414551e-01
4.457093179225921631e-01
4.518086612224578857e-01
4.520322084426879883e-01
4.568861424922943115e-01
4.852592945098876953e-01
5.079641938209533691e-01
5.165224671363830566e-01
5.250807404518127441e-01
5.331280231475830078e-01
5.520967245101928711e-01
5.528950691223144531e-01
5.639281868934631348e-01
5.702191591262817383e-01
5.819867253303527832e-01
5.942972302436828613e-01
6.060807704925537109e-01
5.939299464225769043e-01
5.642156004905700684e-01
5.474663376808166504e-01
5.284656882286071777e-01
5.181351304054260254e-01
5.146223902702331543e-01
5.019127726554870605e-01
4.956697225570678711e-01
5.009227991104125977e-01
5.174006819725036621e-01
5.340700745582580566e-01
5.612137913703918457e-01
5.761907696723937988e-01
5.744503736495971680e-01
5.473704934120178223e-01
5.277950763702392578e-01
5.296951532363891602e-01
5.246655941009521484e-01
5.236597061157226562e-01
5.392433404922485352e-01
5.525437593460083008e-01
5.441771149635314941e-01
5.330162644386291504e-01
5.091776847839355469e-01
4.913107454776763916e-01
4.806927740573883057e-01
4.980008900165557861e-01
4.760943055152893066e-01
4.454697966575622559e-01
4.399452507495880127e-01
4.327761232852935791e-01
4.335584938526153564e-01
4.344047605991363525e-01
4.382527768611907959e-01
4.514893293380737305e-01
4.599837064743041992e-01
4.567584097385406494e-01
4.431546032428741455e-01
4.307642877101898193e-01
4.250481426715850830e-01
4.233556687831878662e-01
4.237228929996490479e-01
4.319298863410949707e-01
4.373586177825927734e-01
4.273633658885955811e-01
4.321534335613250732e-01
4.598719477653503418e-01
4.730606079101562500e-01
4.964680671691894531e-01
5.103592276573181152e-01
5.196040868759155273e-01
5.311800837516784668e-01
5.507395267486572266e-01
5.614213943481445312e-01
5.640718936920166016e-01
5.788572430610656738e-01
5.983208417892456055e-01
5.949997305870056152e-01
5.945526957511901855e-01
5.832481384277343750e-01
5.618524551391601562e-01
5.388920903205871582e-01
5.294716358184814453e-01
5.326809883117675781e-01
5.278749465942382812e-01
5.286413431167602539e-01
5.481209754943847656e-01
5.552262067794799805e-01
5.646147727966308594e-01
5.518412590026855469e-01
5.538690090179443359e-01
5.549387931823730469e-01
5.487596392631530762e-01
5.330641865730285645e-01
5.307809114456176758e-01
5.318506956100463867e-01
5.276354551315307617e-01
5.227655172348022461e-01
5.219831466674804688e-01
5.255277752876281738e-01
5.259269475936889648e-01
5.304296612739562988e-01
5.416703224182128906e-01
5.329045057296752930e-01
5.317389369010925293e-01
5.218074917793273926e-01
5.107903480529785156e-01
5.020085573196411133e-01
4.855307340621948242e-01
4.898897111415863037e-01
5.061280131340026855e-01
5.379340648651123047e-01
5.375029444694519043e-01
5.393710732460021973e-01
5.565674304962158203e-01
5.707939267158508301e-01
5.767815113067626953e-01
5.655248761177062988e-01
5.640878677368164062e-01
5.640399456024169922e-01
5.617088079452514648e-01
5.426921844482421875e-01
5.315473079681396484e-01
5.169056653976440430e-01
5.096727013587951660e-01
5.069103837013244629e-01
4.998849630355834961e-01
4.916779994964599609e-01
5.056330561637878418e-01
5.032220482826232910e-01
5.058246850967407227e-01
5.179435014724731445e-01
5.257833003997802734e-01
5.351238846778869629e-01
5.407122969627380371e-01
5.486957430839538574e-01
5.573657751083374023e-01
5.667543411254882812e-01
5.734284520149230957e-01
5.678400397300720215e-01
5.644710659980773926e-01
5.687342286109924316e-01
5.711612105369567871e-01
5.672972202301025391e-01
5.650458335876464844e-01
5.590103864669799805e-01
5.612457394599914551e-01
5.558329820632934570e-01
5.548749566078186035e-01
5.474503636360168457e-01
5.458217263221740723e-01
5.485999584197998047e-01
5.622197389602661133e-01
5.647265315055847168e-01
5.586112141609191895e-01
5.545875430107116699e-01
5.535177588462829590e-01
5.536774396896362305e-01
5.702510476112365723e-01
5.927165150642395020e-01
5.862179398536682129e-01
5.664669275283813477e-01
5.524160265922546387e-01
5.356667637825012207e-01
5.157400965690612793e-01
4.982084631919860840e-01
4.758707582950592041e-01
4.727572202682495117e-01
5.051699876785278320e-01
5.281942486763000488e-01
5.477377772331237793e-01
5.695325732231140137e-01
5.783303380012512207e-01
5.839187502861022949e-01
5.881339907646179199e-01
5.936585068702697754e-01
6.095455884933471680e-01
6.362581849098205566e-01
6.430920362472534180e-01
6.428205966949462891e-01
6.339589953422546387e-01
5.990234017372131348e-01
6.072782874107360840e-01
5.977301001548767090e-01
5.885331630706787109e-01
5.747537612915039062e-01
5.567271113395690918e-01
5.473066568374633789e-01
5.483924150466918945e-01
5.609902739524841309e-01
6.052664518356323242e-01
6.434752345085144043e-01
6.579093337059020996e-01
6.267259716987609863e-01
5.830565094947814941e-01
5.491907596588134766e-01
5.284337997436523438e-01
5.424686670303344727e-01
5.244899392127990723e-01
5.243941545486450195e-01
5.301102995872497559e-01
5.165703892707824707e-01
5.204663276672363281e-01
5.094491243362426758e-01
4.942965507507324219e-01
4.801339209079742432e-01
4.681428074836730957e-01
4.629375934600830078e-01
4.768766760826110840e-01
4.910393059253692627e-01
4.924923181533813477e-01
5.054733753204345703e-01
5.096088051795959473e-01
5.094491243362426758e-01
5.117483735084533691e-01
5.263900160789489746e-01
5.541085600852966309e-01
5.630819201469421387e-01
5.706981420516967773e-01
5.682232975959777832e-01
5.616768598556518555e-01
5.520967245101928711e-01
5.469872951507568359e-01
5.491588115692138672e-01
5.343574881553649902e-01
5.271883606910705566e-01
5.210570693016052246e-01
5.259269475936889648e-01
5.195721387863159180e-01
5.203385353088378906e-01
5.170333981513977051e-01
5.039724707603454590e-01
4.968193471431732178e-01
4.839979112148284912e-01
4.583231508731842041e-01
4.668335020542144775e-01
4.792397916316986084e-01
4.638955891132354736e-01
4.511380493640899658e-01
4.528784453868865967e-01
4.488547742366790771e-01
4.433302581310272217e-01
4.479286968708038330e-01
4.615005552768707275e-01
4.733479917049407959e-01
4.870475828647613525e-01
5.193326473236083984e-01
5.440493822097778320e-01
5.613255500793457031e-01
5.891398787498474121e-01
5.930198431015014648e-01
5.944728255271911621e-01
5.713048577308654785e-01
5.456939935684204102e-01
5.250967144966125488e-01
5.204024314880371094e-01
5.114290118217468262e-01
5.115567445755004883e-01
5.138559937477111816e-01
5.136005282402038574e-01
5.197797417640686035e-01
5.301262736320495605e-01
5.426602959632873535e-01
5.287211537361145020e-01
5.242504477500915527e-01
5.216478705406188965e-01
5.347886085510253906e-01
5.395946502685546875e-01
5.587389469146728516e-01
5.728696584701538086e-01
5.903853178024291992e-01
5.930677652359008789e-01
6.039891242980957031e-01
6.224148869514465332e-01
6.210896372795104980e-01
6.152138113975524902e-01
5.982410311698913574e-01
5.859944224357604980e-01
5.808690786361694336e-01
5.633054971694946289e-01
5.575094819068908691e-01
5.628743767738342285e-01
5.631936788558959961e-01
5.755680203437805176e-01
5.911517143249511719e-01
6.203392148017883301e-01
6.299831867218017578e-01
6.209299564361572266e-01
6.009713411331176758e-01
5.970594882965087891e-01
5.773563385009765625e-01
5.741789340972900391e-01
5.707141160964965820e-01
5.642634630203247070e-01
5.596330761909484863e-01
5.254000425338745117e-01
5.136803984642028809e-01
5.024396777153015137e-01
5.319145321846008301e-01
5.453427433967590332e-01
5.342137813568115234e-01
5.307329893112182617e-01
5.375828146934509277e-01
5.295833945274353027e-01
5.217915773391723633e-01
5.299346446990966797e-01
5.279547572135925293e-01
5.255277752876281738e-01
5.266135334968566895e-01
5.290245413780212402e-01
5.273799896240234375e-01
5.102634429931640625e-01
4.907838404178619385e-01
4.891232848167419434e-01
4.898417890071868896e-01
4.864727854728698730e-01
4.975059032440185547e-01
4.969470798969268799e-01
4.934822618961334229e-01
4.909914135932922363e-01
4.897938966751098633e-01
4.911510944366455078e-01
4.714958369731903076e-01
4.597282409667968750e-01
4.504355192184448242e-01
4.392586946487426758e-01
4.423083662986755371e-01
4.524952471256256104e-01
4.617241024971008301e-01
4.700748026371002197e-01
4.716395437717437744e-01
4.733160734176635742e-01
4.649494290351867676e-01
4.544431865215301514e-01
4.517288208007812500e-01
4.525591135025024414e-01
4.564709961414337158e-01
4.576685130596160889e-01
4.648536145687103271e-01
4.746892154216766357e-01
4.858181476593017578e-01
4.806927740573883057e-01
4.690529108047485352e-01
4.672646224498748779e-01
4.630813002586364746e-01
4.571895003318786621e-01
4.640392959117889404e-01
4.649653732776641846e-01
4.820659160614013672e-01
4.942007660865783691e-01
5.014497041702270508e-01
4.991984069347381592e-01
4.899695217609405518e-01
4.853231608867645264e-01
4.965159595012664795e-01
5.178317427635192871e-01
5.346289277076721191e-01
5.433627963066101074e-01
5.538849830627441406e-01
5.599684119224548340e-01
5.646466612815856934e-01
5.687342286109924316e-01
6.042445898056030273e-01
6.378868222236633301e-01
6.583085060119628906e-01
6.634657979011535645e-01
6.493031382560729980e-01
6.374238133430480957e-01
6.271570920944213867e-01
6.162517070770263672e-01
6.023445129394531250e-01
5.843179225921630859e-01
5.731410980224609375e-01
5.738435983657836914e-01
5.691334009170532227e-01
5.438737869262695312e-01
5.276673436164855957e-01
5.096886754035949707e-01
4.997572302818298340e-01
4.878619015216827393e-01
4.744976162910461426e-01
4.595046937465667725e-01
4.429630041122436523e-01
4.315945804119110107e-01
4.288163483142852783e-01
4.341492950916290283e-01
4.494136273860931396e-01
4.665620625019073486e-01
4.787448048591613770e-01
4.842374324798583984e-01
4.867442250251770020e-01
4.898098707199096680e-01
4.885804057121276855e-01
4.931948482990264893e-01
5.049145221710205078e-01
5.116366147994995117e-01
5.173367857933044434e-01
5.179275870323181152e-01
5.297750234603881836e-01
5.369122028350830078e-01
5.351238846778869629e-01
5.341339707374572754e-01
5.285615324974060059e-01
5.383811593055725098e-01
5.498613715171813965e-01
5.459175109863281250e-01
5.365130305290222168e-01
5.217915773391723633e-01
5.095289945602416992e-01
5.060482025146484375e-01
5.005236268043518066e-01
4.948713779449462891e-01
4.876224100589752197e-01
4.822096228599548340e-01
4.775153696537017822e-01
4.790162444114685059e-01
4.707294404506683350e-01
4.675360620021820068e-01
4.617081284523010254e-01
4.602711200714111328e-01
4.613728225231170654e-01
4.675360620021820068e-01
4.778985679149627686e-01
4.934024214744567871e-01
5.076928138732910156e-01
4.820180237293243408e-01
4.596005082130432129e-01
4.483438432216644287e-01
4.341013729572296143e-01
4.380132555961608887e-01
4.372149109840393066e-01
4.406637847423553467e-01
4.380452036857604980e-01
4.357938766479492188e-01
4.363526999950408936e-01
4.455656111240386963e-01
4.557205438613891602e-01
4.642468690872192383e-01
4.654443860054016113e-01
4.696436822414398193e-01
4.757430255413055420e-01
4.826566874980926514e-01
4.873988628387451172e-01
4.967873990535736084e-01
5.019287467002868652e-01
5.106147527694702148e-01
5.189334750175476074e-01
5.275715589523315430e-01
5.330641865730285645e-01
5.400576591491699219e-01
5.425165891647338867e-01
5.390198230743408203e-01
5.298867821693420410e-01
5.233243703842163086e-01
5.149417519569396973e-01
5.252882838249206543e-01
5.444166660308837891e-01
5.422291755676269531e-01
5.257194042205810547e-01
4.934822618961334229e-01
4.531977772712707520e-01
4.346282780170440674e-01
4.347560107707977295e-01
4.397855997085571289e-01
4.480085372924804688e-01
4.517767429351806641e-01
4.689890444278717041e-01
4.820499718189239502e-01
4.916620254516601562e-01
4.948713779449462891e-01
5.082675814628601074e-01
5.126106142997741699e-01
5.189334750175476074e-01
5.203704833984375000e-01
5.210730433464050293e-01
5.168578028678894043e-01
5.135047435760498047e-01
5.007950663566589355e-01
4.926359951496124268e-01
4.833432734012603760e-01
4.817785322666168213e-01
4.796389639377593994e-01
4.814432263374328613e-01
4.856584668159484863e-01
4.926839172840118408e-01
4.995177388191223145e-01
5.080600380897521973e-01
5.087944865226745605e-01
5.070860385894775391e-01
5.218234658241271973e-01
5.374550819396972656e-01
5.510748028755187988e-01
5.593776106834411621e-01
5.741150379180908203e-01
5.799748897552490234e-01
5.902735590934753418e-01
5.983049273490905762e-01
5.903533697128295898e-01
5.778193473815917969e-01
5.674249529838562012e-01
5.750890374183654785e-01
5.731091499328613281e-01
5.840464830398559570e-01
5.794799327850341797e-01
5.574136972427368164e-01
5.414627790451049805e-01
5.291682481765747070e-01
5.114609599113464355e-01
5.003799200057983398e-01
4.975537955760955811e-01
4.940091669559478760e-01
4.946797788143157959e-01
4.972983300685882568e-01
5.056330561637878418e-01
5.175443291664123535e-01
5.231327414512634277e-01
5.310204029083251953e-01
5.307329893112182617e-01
5.240109562873840332e-01
5.133929848670959473e-01
4.968193471431732178e-01
4.911670386791229248e-01
4.786490201950073242e-01
4.732681810855865479e-01
4.691327512264251709e-01
4.688453376293182373e-01
4.681587517261505127e-01
4.693403244018554688e-01
4.727412462234497070e-01
4.822255969047546387e-01
4.894905388355255127e-01
4.922208786010742188e-01
4.987193942070007324e-01
5.045472979545593262e-01
5.145585536956787109e-01
5.196998715400695801e-01
5.241227149963378906e-01
5.237714648246765137e-01
5.164746046066284180e-01
5.064154267311096191e-01
5.004597902297973633e-01
4.945679903030395508e-01
4.955100417137145996e-01
4.991504848003387451e-01
4.979370236396789551e-01
4.991345405578613281e-01
5.028228759765625000e-01
5.055212974548339844e-01
5.082835555076599121e-01
5.119080543518066406e-01
5.047549009323120117e-01
5.014337897300720215e-01
5.009068846702575684e-01
5.040523409843444824e-01
5.092096328735351562e-01
4.729647934436798096e-01
4.549541473388671875e-01
4.445916414260864258e-01
4.365283548831939697e-01
4.304289817810058594e-01
4.300777316093444824e-01
4.341652393341064453e-01
4.446874260902404785e-01
4.506111443042755127e-01
4.503077864646911621e-01
4.528784453868865967e-01
4.607181847095489502e-01
4.684301912784576416e-01
4.724378883838653564e-01
4.770523309707641602e-01
4.872551560401916504e-01
4.964840412139892578e-01
5.038766860961914062e-01
5.108702182769775391e-01
5.020724534988403320e-01
5.038926601409912109e-01
5.030145049095153809e-01
5.076928138732910156e-01
5.121794939041137695e-01
5.202906727790832520e-01
5.290884375572204590e-01
5.335751175880432129e-01
5.372954010963439941e-01
5.417501926422119141e-01
5.371197462081909180e-01
5.339423418045043945e-01
5.368642807006835938e-01
5.315473079681396484e-01
5.386046767234802246e-01
5.351718068122863770e-01
5.371357202529907227e-01
5.409198999404907227e-01
5.429317355155944824e-01
5.288648605346679688e-01
5.199234485626220703e-01
5.173048377037048340e-01
5.194284319877624512e-01
5.228294134140014648e-01
5.212646722793579102e-01
5.267252922058105469e-01
5.340860486030578613e-01
5.420535206794738770e-01
5.491588115692138672e-01
5.628584027290344238e-01
5.704107284545898438e-01
5.788252949714660645e-01
5.786656141281127930e-01
5.809329152107238770e-01
5.838708281517028809e-01
5.744503736495971680e-01
5.685585737228393555e-01
5.564876198768615723e-01
5.440493822097778320e-01
5.416862964630126953e-01
5.404887795448303223e-01
5.417501926422119141e-01
5.274598002433776855e-01
5.153728723526000977e-01
5.127862095832824707e-01
5.168258547782897949e-01
5.086507797241210938e-01
4.844609498977661133e-01
4.684142172336578369e-01
4.676797688007354736e-01
4.690688848495483398e-01
4.639275372028350830e-01
4.691966176033020020e-01
4.796070158481597900e-01
5.204982161521911621e-01
5.366088151931762695e-01
5.464763641357421875e-01
5.490470528602600098e-01
5.529270172119140625e-01
5.588187575340270996e-01
5.602398514747619629e-01
5.632096529006958008e-01
5.651576519012451172e-01
5.717998743057250977e-01
5.736200809478759766e-01
5.621718168258666992e-01
5.639761090278625488e-01
5.625230669975280762e-01
5.571582317352294922e-01
5.568388700485229492e-01
5.908004641532897949e-01
6.307975053787231445e-01
6.466047763824462891e-01
6.605598330497741699e-01
6.688625812530517578e-01
6.793847680091857910e-01
6.568554639816284180e-01
6.447845101356506348e-01
6.273007988929748535e-01
6.138566732406616211e-01
5.987519621849060059e-01
5.897466540336608887e-01
5.941375494003295898e-01
5.835834145545959473e-01
5.880222320556640625e-01
5.874633789062500000e-01
5.888205766677856445e-01
5.850204229354858398e-01
5.889483094215393066e-01
5.818589925765991211e-01
5.715124607086181641e-01
5.618045926094055176e-01
5.544598102569580078e-01
5.390357971191406250e-01
5.236915946006774902e-01
5.133610367774963379e-01
5.068625211715698242e-01
5.009547472000122070e-01
5.048506855964660645e-01
5.113012790679931641e-01
5.087146759033203125e-01
5.070700645446777344e-01
5.056170821189880371e-01
5.243781805038452148e-01
5.446082353591918945e-01
5.633054971694946289e-01
5.683190822601318359e-01
5.324255228042602539e-01
5.206419229507446289e-01
5.108542442321777344e-01
4.946797788143157959e-01
4.819381833076477051e-01
4.736992716789245605e-01
5.060961246490478516e-01
5.185343027114868164e-01
5.172410011291503906e-01
5.103752017021179199e-01
5.134568214416503906e-01
5.360499620437622070e-01
5.547152757644653320e-01
5.697401165962219238e-01
5.656366348266601562e-01
5.627945065498352051e-01
5.656046867370605469e-01
5.647105574607849121e-01
5.560405254364013672e-01
5.439855456352233887e-01
5.359062552452087402e-01
5.296791791915893555e-01
5.284656882286071777e-01
5.417342185974121094e-01
5.534539222717285156e-01
5.664349794387817383e-01
5.902895331382751465e-01
5.890760421752929688e-01
5.918063521385192871e-01
5.994704961776733398e-01
6.107910275459289551e-01
6.073740720748901367e-01
6.105355620384216309e-01
6.103279590606689453e-01
6.232132315635681152e-01
6.435710191726684570e-01
6.611186265945434570e-01
6.749778985977172852e-01
6.638489961624145508e-01
6.457904577255249023e-01
6.353321075439453125e-01
6.202594041824340820e-01
6.097531318664550781e-01
5.972830057144165039e-01
5.936585068702697754e-01
5.796555876731872559e-01
5.712090730667114258e-01
5.630819201469421387e-01
5.583717226982116699e-01
5.528311729431152344e-01
5.538051724433898926e-01
5.502924323081970215e-01
5.337028503417968750e-01
5.225579738616943359e-01
5.224940776824951172e-01
5.465402603149414062e-01
5.620760321617126465e-01
5.736839771270751953e-01
5.762705802917480469e-01
5.818909406661987305e-01
5.795278549194335938e-01
5.467318296432495117e-01
5.075331330299377441e-01
4.736992716789245605e-01
4.701067209243774414e-01
4.673125147819519043e-01
4.483438432216644287e-01
4.349795579910278320e-01
4.322651922702789307e-01
4.318021535873413086e-01
4.429470300674438477e-01
4.655082523822784424e-01
4.912788271903991699e-01
5.284178256988525391e-01
5.684148669242858887e-01
5.842540264129638672e-01
6.004285216331481934e-01
6.110145449638366699e-01
5.990713238716125488e-01
5.811085700988769531e-01
5.701233148574829102e-01
5.691334009170532227e-01
5.755201578140258789e-01
6.006520390510559082e-01
6.031588315963745117e-01
6.091943383216857910e-01
6.191097497940063477e-01
6.248258948326110840e-01
6.302865743637084961e-01
6.299512982368469238e-01
6.274285316467285156e-01
6.055378913879394531e-01
5.964846611022949219e-01
5.871759653091430664e-01
5.820026993751525879e-01
5.698040127754211426e-01
5.501646995544433594e-01
5.508992075920104980e-01
5.549228787422180176e-01
5.564556717872619629e-01
5.600482225418090820e-01
5.892357230186462402e-01
6.079648733139038086e-01
6.169542074203491211e-01
6.318832635879516602e-01
6.223989129066467285e-01
6.152138113975524902e-01
6.048513054847717285e-01
5.867608189582824707e-01
5.794001221656799316e-01
5.756638646125793457e-01
5.748016238212585449e-01
5.701712369918823242e-01
5.590103864669799805e-01
5.593137741088867188e-01
5.456141829490661621e-01
5.394189953804016113e-01
5.434107184410095215e-01
5.573817491531372070e-01
5.686703324317932129e-01
5.936106443405151367e-01
6.270931959152221680e-01
6.446727514266967773e-01
6.731736660003662109e-01
6.922221779823303223e-01
6.963256597518920898e-01
6.911683678627014160e-01
7.224475145339965820e-01
7.564409971237182617e-01
7.322990298271179199e-01
7.286266684532165527e-01
7.418153285980224609e-01
7.339116930961608887e-01
6.856437921524047852e-01
6.403457522392272949e-01
5.911517143249511719e-01
5.283699035644531250e-01
4.951108694076538086e-01
4.823373556137084961e-01
4.850517213344573975e-01
4.854030013084411621e-01
4.757749736309051514e-01
4.577643275260925293e-01
4.577802717685699463e-01
4.672326743602752686e-01
4.982403814792633057e-01
5.170813202857971191e-01
5.308448076248168945e-01
5.444964766502380371e-01
5.653971433639526367e-01
5.699317455291748047e-01
5.578448176383972168e-01
5.429636240005493164e-01
5.463646054267883301e-01
5.598565936088562012e-01
5.696922540664672852e-01
5.814917683601379395e-01
6.053303480148315430e-01
6.205467581748962402e-01
6.512989997863769531e-01
6.811571121215820312e-01
7.171304821968078613e-01
6.896355152130126953e-01
6.919347643852233887e-01
6.972836852073669434e-01
6.874161362648010254e-01
6.819714307785034180e-01
6.637212634086608887e-01
6.303344964981079102e-01
6.004285216331481934e-01
6.053782105445861816e-01
5.983208417892456055e-01
5.763504505157470703e-01
5.682711601257324219e-01
5.551943182945251465e-01
5.461889505386352539e-01
5.374231338500976562e-01
5.220630168914794922e-01
5.191410183906555176e-01
5.497815012931823730e-01
6.111582517623901367e-01
6.521612405776977539e-01
6.883741617202758789e-01
7.021056413650512695e-01
7.014510035514831543e-01
7.049956917762756348e-01
6.839033961296081543e-01
6.437626481056213379e-01
5.736041069030761719e-01
5.282261967658996582e-01
4.641031622886657715e-01
4.238985478878021240e-01
4.033810794353485107e-01
3.947270214557647705e-01
3.869351744651794434e-01
4.032213985919952393e-01
4.280658960342407227e-01
4.642468690872192383e-01
4.863290786743164062e-01
5.146223902702331543e-01
5.419417619705200195e-01
5.560245513916015625e-01
5.709216594696044922e-01
5.758873820304870605e-01
5.822901129722595215e-01
5.854834914207458496e-01
5.927963256835937500e-01
6.006839871406555176e-01
6.098968386650085449e-01
5.972510576248168945e-01
5.816195011138916016e-01
5.652853846549987793e-01
5.540446639060974121e-01
5.534060001373291016e-01
5.664829015731811523e-01
5.804699063301086426e-01
5.859944224357604980e-01
6.004763841629028320e-01
6.101682782173156738e-01
6.278436779975891113e-01
6.390683650970458984e-01
6.620287895202636719e-01
6.694054603576660156e-01
6.770376563072204590e-01
6.812369227409362793e-01
6.952878236770629883e-01
6.868093609809875488e-01
6.789536476135253906e-01
6.625556945800781250e-01
6.514746546745300293e-01
6.306059360504150391e-01
6.345177888870239258e-01
6.273486614227294922e-01
6.080926060676574707e-01
5.819388628005981445e-01
5.685905218124389648e-01
5.763663649559020996e-01
5.661156177520751953e-01
5.613574981689453125e-01
5.639601349830627441e-01
5.657643675804138184e-01
5.759512782096862793e-01
5.767017006874084473e-01
5.822901129722595215e-01
5.870003104209899902e-01
5.842380523681640625e-01
5.745301842689514160e-01
5.744343996047973633e-01
5.947921872138977051e-01
6.149902939796447754e-01
6.262629032135009766e-01
5.711292624473571777e-01
5.070860385894775391e-01
4.694520831108093262e-01
4.481203258037567139e-01
4.559121429920196533e-01
4.702983200550079346e-01
4.802936017513275146e-01
5.035414099693298340e-01
5.186460614204406738e-01
5.305414199829101562e-01
5.417022705078125000e-01
5.373273491859436035e-01
5.170174241065979004e-01
5.231168270111083984e-01
5.357785224914550781e-01
5.500848889350891113e-01
5.623314976692199707e-01
5.713687539100646973e-01
5.716561675071716309e-01
5.665627121925354004e-01
5.498932600021362305e-01
5.338146090507507324e-01
5.159636139869689941e-01
5.086029171943664551e-01
5.207058191299438477e-01
5.571742057800292969e-01
5.961972475051879883e-01
6.413995623588562012e-01
6.405692696571350098e-01
6.571269035339355469e-01
6.375195980072021484e-01
6.408407092094421387e-01
6.764308810234069824e-01
6.955432891845703125e-01
7.051712870597839355e-01
6.993753314018249512e-01
7.064327001571655273e-01
6.902741789817810059e-01
6.705231666564941406e-01
6.668826937675476074e-01
6.385893821716308594e-01
6.177525520324707031e-01
5.983527898788452148e-01
5.784899592399597168e-01
5.553699135780334473e-01
5.698199868202209473e-01
6.047075986862182617e-01
6.333841681480407715e-01
6.366893053054809570e-01
6.991837024688720703e-01
7.464936375617980957e-01
7.295207977294921875e-01
7.417993545532226562e-01
7.173061370849609375e-01
7.038939595222473145e-01
7.209306359291076660e-01
7.092907428741455078e-01
6.919667124748229980e-01
6.673936247825622559e-01
6.936112642288208008e-01
6.813646554946899414e-01
6.924297213554382324e-01
7.195894122123718262e-01
7.272056341171264648e-01
6.973954439163208008e-01
6.577177047729492188e-01
7.139371037483215332e-01
7.774693965911865234e-01
7.988490462303161621e-01
7.703162431716918945e-01
7.535510063171386719e-01
7.583091259002685547e-01
8.114150166511535645e-01
8.455841541290283203e-01
8.859963417053222656e-01
8.715463280677795410e-01
8.373612165451049805e-01
8.459673523902893066e-01
8.871300220489501953e-01
8.988975882530212402e-01
9.158225059509277344e-01
8.962790369987487793e-01
8.699975609779357910e-01
8.010045886039733887e-01
7.541098594665527344e-01
7.207549810409545898e-01
6.585000753402709961e-01
6.617573499679565430e-01
6.711778044700622559e-01
7.087000012397766113e-01
7.207709550857543945e-01
7.279560565948486328e-01
7.228785753250122070e-01
7.025207877159118652e-01
7.140329480171203613e-01
7.227029800415039062e-01
7.093386650085449219e-01
7.232139110565185547e-01
7.466692328453063965e-01
7.864108681678771973e-01
8.218094706535339355e-01
7.735894322395324707e-01
7.383664846420288086e-01
7.056822776794433594e-01
6.689903140068054199e-01
6.394994854927062988e-01
7.043410539627075195e-01
7.039577960968017578e-01
6.996627449989318848e-01
6.741955280303955078e-01
6.382061839103698730e-01
6.087791919708251953e-01
5.961972475051879883e-01
5.994704961776733398e-01
5.831363797187805176e-01
5.622995495796203613e-01
5.447359681129455566e-01
5.299346446990966797e-01
5.426921844482421875e-01
5.491108894348144531e-01
5.617886185646057129e-01
5.427081584930419922e-01
5.409358739852905273e-01
5.504201650619506836e-01
4.993261396884918213e-01
4.653964936733245850e-01
4.493497610092163086e-01
4.203538894653320312e-01
3.953656852245330811e-01
3.901605010032653809e-01
4.165058732032775879e-01
4.461723566055297852e-01
4.792078435420989990e-01
4.988311529159545898e-01
5.208654999732971191e-01
5.354112982749938965e-01
5.500050783157348633e-01
5.587069988250732422e-01
5.599524378776550293e-01
5.679199099540710449e-01
5.635290145874023438e-01
5.555295944213867188e-01
5.519689917564392090e-01
5.490151047706604004e-01
5.593296885490417480e-01
5.577649474143981934e-01
