5.669095557098801,4.475142558959727,168.4330787805897,0.5950669485553207,0,[32],MAE
18.201242657733896,12.109410011666093,601.244962330563,0.5205073995771671,0,[32],MSE
6.828708701933668,3.9991546707182617,53.625051181487606,0.6411557434813248,0,[128],MAE
35.704795180990956,11.640344103991433,422.2729667669299,0.5530655391120507,0,[128],MSE
4.534189905993722,2.607851294188915,44.294321401646826,0.5874559548978152,0,[160],MAE
23.581300155617594,9.566912726077856,418.81200226000266,0.5267089499647639,0,[160],MSE
5.674583135847092,5.495780502044883,348.6101419381667,0.5751937984496124,0.2,[32],MAE
15.114449257717084,10.765143062152351,526.1721419862417,0.5320648343904157,0.2,[32],MSE
3.385762206713828,2.9717254541383857,68.27127048846093,0.5905567300916138,0.2,[128],MAE
31.378881129219987,16.22280404623347,362.2119058660827,0.5499647639182523,0.2,[128],MSE
6.108806454561793,2.8682331443019997,47.49115041445783,0.5705426356589147,0.2,[160],MAE
6.060000446473943,3.0223565936804033,31.633606478913546,0.5489781536293165,0.2,[160],MSE
7.798455814087238,8.780236610686758,761.2977022443181,0.5446088794926005,0.5,[32],MAE
15.52011719101158,9.115197249647197,893.346616534087,0.5403805496828752,0.5,[32],MSE
3.9432311214266167,3.4648044039032206,92.59528970824027,0.57984496124031,0.5,[128],MAE
18.00658172291706,6.993111622293508,87.44647774402934,0.5226215644820296,0.5,[128],MSE
6.179442797696445,2.9535577713016967,60.89790778064155,0.6215644820295984,0.5,[160],MAE
17.552038651518526,7.040027086382178,89.41473974632586,0.5175475687103593,0.5,[160],MSE
