5.307994268301453,5.995495374274709,401.01507932741157,0.5578576462297392,0,[32],MAE
17.747790876565777,8.113411543891022,252.37027291523853,0.5285412262156447,0,[32],MSE
2.797069021952412,2.582044788111021,74.69014695398876,0.590415785764623,0,[128],MAE
5.778422301797173,2.7284483818698577,24.77939696641187,0.5644820295983086,0,[128],MSE
4.059648658523589,2.08911076907819,25.396101740457155,0.6201550387596899,0,[160],MAE
18.220409798332422,12.921559749517321,273.195402222569,0.5303735024665257,0,[160],MSE
9.221955330344187,8.76952213814827,569.9853472734923,0.5665961945031713,0.2,[32],MAE
33.76625541057286,14.994090379557095,601.1403554117633,0.5113460183227625,0.2,[32],MSE
4.2474843299564755,2.9181156977220355,86.63426122949197,0.6116983791402396,0.2,[128],MAE
5.6879287402771395,3.0485112804495076,32.736201824687114,0.5722339675828048,0.2,[128],MSE
5.13573992078247,2.7354032910248414,47.182326529780035,0.5847780126849895,0.2,[160],MAE
32.55009461427342,11.81663231319483,459.171370485533,0.5141649048625793,0.2,[160],MSE
6.495454603159777,4.762211137282879,189.87690923206563,0.6101479915433403,0.5,[32],MAE
14.156908126666732,9.337246071916564,849.2414874566746,0.5207892882311487,0.5,[32],MSE
2.779185666462816,2.2920853509623047,52.565724369877834,0.6221282593375617,0.5,[128],MAE
16.91236200739497,9.969759016782373,187.28734745694734,0.5230443974630021,0.5,[128],MSE
2.6698364363965745,2.2957151114840437,39.281083151240416,0.6129668780831572,0.5,[160],MAE
41.92835443688289,14.690156756868944,606.4520697378551,0.5288231148696264,0.5,[160],MSE
