5.17,5.82,441.31,0.60,0,[32],MAE
14.63,8.68,454.41,0.53,0,[32],MSE
4.77,2.97,70.50,0.58,0,[128],MAE
36.64,12.26,532.85,0.55,0,[128],MSE
3.07,2.96,61.31,0.61,0,[160],MAE
9.64,4.36,42.24,0.53,0,[160],MSE
6.28,6.11,548.33,0.56,0.2,[32],MAE
30.00,9.57,198.90,0.52,0.2,[32],MSE
4.06,3.38,107.72,0.58,0.2,[128],MAE
7.45,3.85,75.94,0.54,0.2,[128],MSE
4.39,3.16,61.76,0.55,0.2,[160],MAE
12.59,6.03,79.39,0.52,0.2,[160],MSE
13.12,9.25,360.97,0.54,0.5,[32],MAE
18.35,6.95,141.94,0.54,0.5,[32],MSE
3.66,3.79,143.01,0.59,0.5,[128],MAE
14.18,4.91,49.20,0.53,0.5,[128],MSE
4.13,2.63,56.29,0.61,0.5,[160],MAE
8.80,4.04,49.43,0.54,0.5,[160],MSE
