5.67,4.48,168.43,0.60,0,[32],MAE
18.20,12.11,601.24,0.52,0,[32],MSE
6.83,4.00,53.63,0.64,0,[128],MAE
35.70,11.64,422.27,0.55,0,[128],MSE
4.53,2.61,44.29,0.59,0,[160],MAE
23.58,9.57,418.81,0.53,0,[160],MSE
5.67,5.50,348.61,0.58,0.2,[32],MAE
15.11,10.77,526.17,0.53,0.2,[32],MSE
3.39,2.97,68.27,0.59,0.2,[128],MAE
31.38,16.22,362.21,0.55,0.2,[128],MSE
6.11,2.87,47.49,0.57,0.2,[160],MAE
6.06,3.02,31.63,0.55,0.2,[160],MSE
7.80,8.78,761.30,0.54,0.5,[32],MAE
15.52,9.12,893.35,0.54,0.5,[32],MSE
3.94,3.46,92.60,0.58,0.5,[128],MAE
18.01,6.99,87.45,0.52,0.5,[128],MSE
6.18,2.95,60.90,0.62,0.5,[160],MAE
17.55,7.04,89.41,0.52,0.5,[160],MSE
