4.92,4.09,151.28,0.49,0,[32],MAE
14.91,9.25,685.65,0.49,0,[32],MSE
6.90,4.45,58.87,0.48,0,[128],MAE
18.72,9.05,632.04,0.50,0,[128],MSE
26.84,8.87,104.17,0.49,0,[160],MAE
5.15,3.82,83.86,0.49,0,[160],MSE
7.68,9.21,1076.50,0.50,0.2,[32],MAE
19.40,9.79,239.94,0.50,0.2,[32],MSE
4.36,4.39,160.05,0.49,0.2,[128],MAE
17.19,11.15,267.59,0.51,0.2,[128],MSE
5.63,3.92,96.55,0.49,0.2,[160],MAE
9.00,5.15,118.76,0.49,0.2,[160],MSE
10.74,11.02,2202.43,0.50,0.5,[32],MAE
28.56,12.46,999.47,0.48,0.5,[32],MSE
6.55,4.51,153.35,0.49,0.5,[128],MAE
22.24,8.19,148.17,0.50,0.5,[128],MSE
5.99,3.83,93.19,0.48,0.5,[160],MAE
13.57,6.66,134.24,0.50,0.5,[160],MSE
13.170793854978879,8.737989690443086,601.5328910704336,0.49992952783650463,0.2,[32],MAE
