3.4541716118937504,2.540966548971783,33.22413845273875,0.4817477096546864,0,[32],MAE
2.3310187981289103,2.5405721215869104,49.29138177915694,0.4773784355179704,0,[32],MSE
2.101888523037423,2.0753299910923984,26.565910432717807,0.472445384073291,0,[128],MAE
1.912794186342636,2.212470420642071,28.72462994646587,0.485553206483439,0,[128],MSE
2.1049098521827987,2.11243134945105,28.36206856231888,0.47174066243833684,0,[160],MAE
2.1976585488251894,2.303768762956316,30.353025325003518,0.4765327695560253,0,[160],MSE
2.1337214134359286,3.0422127301300828,127.44869052818629,0.4782241014799154,0.2,[32],MAE
5.021945335038009,4.334899173588537,245.40235232909504,0.4910500352360818,0.2,[32],MSE
1.6198498521813591,2.211996675172952,33.64011458169031,0.47300916138125443,0.2,[128],MAE
3.2193238916686977,3.4864051667205684,138.59868561950148,0.48639887244538416,0.2,[128],MSE
1.6918193637143957,2.318737027036539,45.96503997797145,0.47357293868921774,0.2,[160],MAE
2.75412787678484,3.1368990466620748,96.36349542583064,0.4817477096546864,0.2,[160],MSE
5.32927585234633,5.127880523197455,395.2662112504431,0.48090204369274137,0.5,[32],MAE
8.505579929755182,6.5020606041328675,508.26568864415106,0.48188865398167735,0.5,[32],MSE
2.6378187035763436,2.846509371377,91.21440806379913,0.4711768851303734,0.5,[128],MAE
4.883175822441632,3.750314373342087,141.2321124638342,0.47780126849894294,0.5,[128],MSE
2.6775592112239894,3.087583272086368,89.14675794991525,0.4735729386892177,0.5,[160],MAE
4.962135781903289,3.637105408463033,102.36381908219875,0.48076109936575046,0.5,[160],MSE
