3.9969455601889483,2.743175480777925,39.651063183989315,0.4755461592670896,0,[32],MAE
25.4172295976292,10.710349777588283,242.9145505396335,0.49682875264270615,0,[32],MSE
1.4869963494931122,1.968890566258044,25.156345856557813,0.47709654686398867,0,[128],MAE
13.873030598589112,6.4357470664721,99.7025172316542,0.4896405919661734,0,[128],MSE
2.1769971582898155,2.1617927728413395,29.492751731142025,0.4730091613812545,0,[160],MAE
2.2501764779210243,2.2733075517036894,27.584362315620297,0.48710359408033815,0,[160],MSE
1.891192861515213,2.4106865140068394,46.13220385104845,0.4765327695560253,0.2,[32],MAE
19.63188809589683,11.170239136853148,1004.1344384006907,0.5121916842847075,0.2,[32],MSE
1.7286264232234987,2.162702332571729,37.24745274796809,0.4727272727272727,0.2,[128],MAE
15.47232730085958,7.417530917897007,163.31983075920812,0.5121916842847074,0.2,[128],MSE
1.6802341419127624,2.136880139026631,34.74309351558463,0.4731501057082452,0.2,[160],MAE
5.919677842404891,4.69042791704776,201.37324763785807,0.4975334742776603,0.2,[160],MSE
4.419771002381672,3.5552177123042785,118.63631809838412,0.47977448907681464,0.5,[32],MAE
15.01714047405153,9.122099863430279,629.2947772342663,0.4904862579281184,0.5,[32],MSE
1.5115575682804814,2.2384226216512353,40.68712436828689,0.4770965468639887,0.5,[128],MAE
12.389152855516485,7.704147114105737,289.92055872136314,0.5066948555320648,0.5,[128],MSE
1.4559210987065552,2.155489117157295,37.789146355652434,0.47258632840028186,0.5,[160],MAE
12.718735650795686,6.529288560056181,159.09784377993782,0.5064129668780832,0.5,[160],MSE
