2.8953306565906867,2.51863656437073,42.779981703408964,0.4818886539816773,0,[32],MAE
2.6717498130353503,2.9069001681936926,74.33791479138846,0.4834390415785765,0,[32],MSE
2.4263541550433727,2.2529260821675146,29.497589456956383,0.4758280479210712,0,[128],MAE
1.861921513517405,2.2952814945609465,34.44955498310671,0.47921071176885127,0,[128],MSE
1.8832870600168143,2.1032970685416426,28.57157436154051,0.4706131078224101,0,[160],MAE
2.1697199373662377,2.303763265512877,31.02852472779705,0.4885130373502466,0,[160],MSE
2.996634898770163,2.9266614694560604,55.52801341396807,0.4790697674418605,0.2,[32],MAE
2.8832554255427985,4.069777562688398,230.1929926915867,0.48047921071176874,0.2,[32],MSE
2.576623076815729,2.34469114973352,40.73910740607601,0.46962649753347424,0.2,[128],MAE
2.4811506460667836,3.32863146325125,138.50710196892737,0.48414376321353064,0.2,[128],MSE
2.0579311838840013,2.418883752986542,48.78083452298025,0.47441860465116276,0.2,[160],MAE
2.253673588264343,3.112198898290578,107.46549991932694,0.48597603946441165,0.2,[160],MSE
4.863671106848629,3.9247023873864917,98.32633248181827,0.4765327695560254,0.5,[32],MAE
7.457540905305929,5.865256046552757,461.06367321227845,0.48442565186751235,0.5,[32],MSE
3.0512224952321785,3.038699415151597,87.35804522545904,0.4725863284002818,0.5,[128],MAE
3.015853688700317,3.985335933923655,212.46947481893594,0.48104298801973217,0.5,[128],MSE
2.009960692267879,2.87113307606576,80.90797633372681,0.4756871035940803,0.5,[160],MAE
3.194121583220784,3.1931955900727345,83.31037598742445,0.4811839323467231,0.5,[160],MSE
