-6.547991180419921875e+01
-3.775238418579101562e+01
-1.979422569274902344e+01
-8.530191421508789062e+00
-2.188732147216796875e+00
1.481912732124328613e+00
3.009752750396728516e+00
3.443700790405273438e+00
3.198082208633422852e+00
2.721773862838745117e+00
2.183737516403198242e+00
1.416560173034667969e+00
9.041028022766113281e-01
5.732209086418151855e-01
2.351858168840408325e-01
9.592259675264358521e-02
-1.017155945301055908e-01
-7.420464605093002319e-02
5.871973559260368347e-02
2.772799693048000336e-02
-3.055489361286163330e-01
-3.558606207370758057e-01
-5.005046725273132324e-01
-6.985260844230651855e-01
-7.968182563781738281e-01
-8.183575868606567383e-01
-5.855922698974609375e-01
-5.810416936874389648e-01
-6.122729182243347168e-01
-3.206057250499725342e-01
-3.580001890659332275e-01
-3.361095786094665527e-01
-2.224572449922561646e-01
-1.742637343704700470e-02
-7.461978495121002197e-02
-9.360441565513610840e-02
-1.825400143861770630e-01
-2.901887893676757812e-01
-3.840261995792388916e-01
-4.960818588733673096e-01
-3.320220410823822021e-01
-3.787571489810943604e-01
-4.158482253551483154e-01
-4.905573129653930664e-01
-3.592934906482696533e-01
-5.716212391853332520e-01
-5.469363927841186523e-01
-3.247890472412109375e-01
-4.046394824981689453e-01
-5.987170338630676270e-01
-4.846655428409576416e-01
-4.266418516635894775e-01
-3.446678221225738525e-01
-2.343046814203262329e-01
-5.510399341583251953e-01
-3.950593471527099609e-01
-4.986525177955627441e-01
-4.544880986213684082e-01
-5.554308295249938965e-01
-5.460582375526428223e-01
-4.653296172618865967e-01
-3.461686968803405762e-01
-5.331250429153442383e-01
-3.715560734272003174e-01
-5.478465557098388672e-01
-3.778949379920959473e-01
-5.274887681007385254e-01
-5.642445087432861328e-01
-8.249199986457824707e-01
-5.679647922515869141e-01
-8.290714025497436523e-01
-6.253817677497863770e-01
-4.008233845233917236e-01
-1.965749114751815796e-01
-5.483574867248535156e-01
-5.101167559623718262e-01
-8.169844746589660645e-01
-7.110121846199035645e-01
-3.765217661857604980e-01
-3.484679460525512695e-01
-5.798761248588562012e-01
-6.381712555885314941e-01
-8.927952647209167480e-01
-8.426752090454101562e-01
-8.150524497032165527e-01
-7.747200727462768555e-01
-6.597265601158142090e-01
-9.226214289665222168e-01
-7.594397664070129395e-01
-8.450862169265747070e-01
-4.647388458251953125e-01
-1.404672563076019287e-01
-3.067624270915985107e-01
-5.143958926200866699e-01
-5.052309036254882812e-01
-8.412382006645202637e-01
-8.299495577812194824e-01
-6.663847565650939941e-01
-4.417145848274230957e-01
-5.292770266532897949e-01
-7.703451514244079590e-01
-8.280016183853149414e-01
-8.315302729606628418e-01
-7.881163358688354492e-01
-1.142437577247619629e+00
-7.703291773796081543e-01
-9.148136377334594727e-01
-4.890723824501037598e-01
-4.219954907894134521e-01
-5.653302669525146484e-01
-4.729777574539184570e-01
-5.153219699859619141e-01
-4.135490059852600098e-01
-6.957318782806396484e-01
-4.120002090930938721e-01
-6.393048763275146484e-01
-4.581764638423919678e-01
-2.943721115589141846e-01
-1.457043886184692383e-01
-5.043048262596130371e-01
-6.129595041275024414e-01
-4.832444787025451660e-01
-4.203349351882934570e-01
-1.657109111547470093e-01
-1.086292639374732971e-01
-2.415696084499359131e-01
-5.269458889961242676e-01
-8.985753059387207031e-01
-1.113154292106628418e+00
-1.147419333457946777e+00
-1.130063295364379883e+00
-8.262292742729187012e-01
-9.359218478202819824e-01
-5.599973201751708984e-01
-5.094780921936035156e-01
-4.861185252666473389e-01
-5.259559154510498047e-01
-5.716850757598876953e-01
-7.623138427734375000e-01
-8.794788718223571777e-01
-8.850034475326538086e-01
-8.165373802185058594e-01
-7.484385967254638672e-01
-4.998500347137451172e-01
-7.396408319473266602e-01
-3.554135262966156006e-01
-4.126069545745849609e-01
-4.379623830318450928e-01
-4.180356860160827637e-01
-3.794596791267395020e-01
-1.556677371263504028e-01
-4.490114748477935791e-01
-2.980764210224151611e-01
-4.251250028610229492e-01
-4.313201606273651123e-01
-4.780392646789550781e-01
-4.970877766609191895e-01
-4.938465058803558350e-01
-5.102604627609252930e-01
-4.050545990467071533e-01
-4.217559695243835449e-01
-5.547122955322265625e-01
-5.306342244148254395e-01
-6.366064548492431641e-01
-5.651865601539611816e-01
-6.369577646255493164e-01
-6.272179484367370605e-01
-5.943101644515991211e-01
-6.028364896774291992e-01
-3.462485373020172119e-01
-4.143952429294586182e-01
-5.377235412597656250e-01
-4.611941874027252197e-01
-3.369398415088653564e-01
-4.601723253726959229e-01
-4.292444586753845215e-01
-4.604756832122802734e-01
-4.775443077087402344e-01
-5.125597119331359863e-01
-3.735838532447814941e-01
-2.312550097703933716e-01
-6.716324388980865479e-02
-1.430059820413589478e-01
-1.317493319511413574e-01
-2.182739228010177612e-01
-1.356612145900726318e-01
-1.273424625396728516e-01
-2.476689666509628296e-01
-2.561154663562774658e-01
-2.730722725391387939e-01
-4.098606407642364502e-01
-4.857832193374633789e-01
-6.987177133560180664e-01
-7.159619331359863281e-01
-7.091280817985534668e-01
-5.801795125007629395e-01
-7.555917501449584961e-01
-7.954770326614379883e-01
-6.865509152412414551e-01
-8.143658638000488281e-01
-4.994668364524841309e-01
-2.364761829376220703e-01
-4.801309406757354736e-01
-3.260664045810699463e-01
-5.199683308601379395e-01
-3.360616564750671387e-01
-4.441894590854644775e-01
-5.162640213966369629e-01
-5.555266141891479492e-01
-4.049428403377532959e-01
-4.972474575042724609e-01
-5.398151874542236328e-01
-3.893112540245056152e-01
-5.993397831916809082e-01
-6.049281954765319824e-01
-5.539618730545043945e-01
-3.421131074428558350e-01
-4.906531274318695068e-01
-4.826217591762542725e-01
-5.402622818946838379e-01
-3.447316884994506836e-01
-5.905420184135437012e-01
-3.332035839557647705e-01
-5.775609016418457031e-01
-4.495543241500854492e-01
-3.606187403202056885e-01
-2.450982928276062012e-01
-1.816778033971786499e-01
-5.635365843772888184e-02
-3.571539223194122314e-01
-3.382970392704010010e-01
-5.343171581625938416e-02
-1.466943472623825073e-01
-1.647688597440719604e-01
-2.691923081874847412e-01
-4.299629628658294678e-01
-4.542326331138610840e-01
-3.747973442077636719e-01
-6.372611522674560547e-01
-4.636690616607666016e-01
-6.574911475181579590e-01
-4.856554865837097168e-01
-5.850973129272460938e-01
-5.930008888244628906e-01
-5.492995381355285645e-01
-4.971676170825958252e-01
-3.601716756820678711e-01
-4.234803915023803711e-01
-1.106251254677772522e-01
-3.432308137416839600e-01
-3.336187303066253662e-01
-4.623278379440307617e-01
-4.279990196228027344e-01
-3.935903906822204590e-01
-2.982520759105682373e-01
-3.975501656532287598e-01
-3.692249059677124023e-01
-3.361893892288208008e-01
-3.031219542026519775e-01
-3.965442478656768799e-01
-4.659363627433776855e-01
-2.535767257213592529e-01
-3.534122556447982788e-02
1.776092052459716797e-01
8.356422185897827148e-02
6.162142963148653507e-04
-1.567694544792175293e-01
-3.451787531375885010e-01
-3.348481953144073486e-01
-5.382504463195800781e-01
-7.167123556137084961e-01
-5.268979668617248535e-01
-5.892806053161621094e-01
-4.241829514503479004e-01
-5.501617193222045898e-01
-6.301079392433166504e-01
-4.027553796768188477e-01
-4.279192090034484863e-01
-5.213095545768737793e-01
-3.219788670539855957e-01
-3.681231737136840820e-01
-1.641301810741424561e-01
1.008882969617843628e-01
1.484271511435508728e-02
-4.314798116683959961e-01
-4.431196749210357666e-01
-3.406441509723663330e-01
-4.290528595447540283e-01
-4.207500517368316650e-01
-3.072254657745361328e-01
-6.511948257684707642e-02
-3.399735689163208008e-01
-5.549517869949340820e-01
-5.796046853065490723e-01
-9.120194315910339355e-01
-8.582109808921813965e-01
-5.705514550209045410e-01
-5.993716716766357422e-01
-6.353930234909057617e-01
-5.464733839035034180e-01
-3.512461781501770020e-01
-5.597258806228637695e-01
-3.323573470115661621e-01
-4.072740077972412109e-01
-4.079605937004089355e-01
-3.886246681213378906e-01
-3.365406692028045654e-01
-3.409315645694732666e-01
-3.652970492839813232e-01
-3.650096356868743896e-01
-3.021639585494995117e-01
-1.558753103017807007e-01
-1.784045845270156860e-01
-3.296110332012176514e-01
-4.171894490718841553e-01
-2.401645332574844360e-01
-2.400846928358078003e-01
-2.187369614839553833e-01
-5.243272781372070312e-01
-5.918991565704345703e-01
-4.873639345169067383e-01
-7.069406509399414062e-01
-6.439991593360900879e-01
-5.905898809432983398e-01
-3.289563953876495361e-01
-5.618654489517211914e-01
-3.086784482002258301e-01
-3.859901428222656250e-01
-3.265773355960845947e-01
-2.914820909500122070e-01
-2.542473375797271729e-01
-2.126216441392898560e-01
-5.144438147544860840e-01
-3.191527426242828369e-01
-5.192179083824157715e-01
-3.219469487667083740e-01
-2.967990934848785400e-01
-2.220101654529571533e-01
-1.974371224641799927e-01
-1.245961561799049377e-01
-1.135895494371652603e-02
-2.217866331338882446e-01
-1.547256857156753540e-01
-3.954265713691711426e-01
-3.314312696456909180e-01
-5.782315135002136230e-01
-5.240558385848999023e-01
-5.700245499610900879e-01
-5.598376393318176270e-01
-3.415063917636871338e-01
-6.098778843879699707e-01
-3.158635497093200684e-01
-2.876979410648345947e-01
-6.586992740631103516e-02
-8.718572556972503662e-02
-3.614650070667266846e-01
-4.504804313182830811e-01
-5.261634588241577148e-01
-5.568518638610839844e-01
-3.678198158740997314e-01
-6.336366534233093262e-01
-4.263544380664825439e-01
-1.234146058559417725e-01
-3.607943952083587646e-01
-2.026582956314086914e-01
-4.538654088973999023e-01
-4.062361717224121094e-01
-2.016204446554183960e-01
-2.971663177013397217e-01
-2.752916812896728516e-01
-4.051344394683837891e-01
-3.105784952640533447e-01
-2.302011847496032715e-01
-3.508629798889160156e-01
-3.417778015136718750e-01
-3.419853746891021729e-01
-1.360763609409332275e-01
7.178606931120157242e-03
-1.241969838738441467e-01
-3.060439229011535645e-01
-3.270563483238220215e-01
-5.206708908081054688e-01
-5.791256427764892578e-01
-5.890251398086547852e-01
-6.974563002586364746e-01
-5.155135989189147949e-01
-5.759003758430480957e-01
-5.983977317810058594e-01
-6.262918710708618164e-01
-4.733929038047790527e-01
-6.496833562850952148e-01
-5.065561532974243164e-01
-6.479908823966979980e-01
-5.607637166976928711e-01
-5.582888722419738770e-01
-3.609540462493896484e-01
-6.063492298126220703e-01
-4.997382760047912598e-01
-2.409788370132446289e-01
-3.820942044258117676e-01
-1.759137511253356934e-01
-2.799220681190490723e-01
-3.276630938053131104e-01
-4.342899918556213379e-01
-3.883053362369537354e-01
-3.131332099437713623e-01
-4.100362658500671387e-01
-4.333160221576690674e-01
-4.453869760036468506e-01
-3.758831024169921875e-01
-2.995453774929046631e-01
-4.367808103561401367e-01
-5.137412548065185547e-01
-4.389842450618743896e-01
-1.987943053245544434e-01
-2.267523407936096191e-01
-2.352946251630783081e-01
-2.770320773124694824e-01
-2.989865541458129883e-01
-4.136128723621368408e-01
-5.227465629577636719e-01
-3.575211763381958008e-01
-4.609866440296173096e-01
-5.699766278266906738e-01
-3.800025582313537598e-01
-2.933342754840850830e-01
-1.246919557452201843e-01
-2.680906057357788086e-01
-3.822059929370880127e-01
-2.801775336265563965e-01
-1.689841300249099731e-01
-4.041125476360321045e-01
-2.305843979120254517e-01
-3.017967045307159424e-01
-3.454342186450958252e-01
-3.595170378684997559e-01
-2.564667165279388428e-01
1.147954612970352173e-01
1.193674094974994659e-02
2.007985673844814301e-02
-1.285559386014938354e-01
-2.379451245069503784e-01
-3.456417918205261230e-01
-6.059181094169616699e-01
-6.317685246467590332e-01
-5.751180052757263184e-01
-5.096377730369567871e-01
-5.811374783515930176e-01
-5.930807590484619141e-01
-4.196483492851257324e-01
-5.448607206344604492e-01
-5.377394556999206543e-01
-5.241835713386535645e-01
-2.380409389734268188e-01
-2.523951530456542969e-01
-2.716352641582489014e-01
-3.141551017761230469e-01
-3.439173698425292969e-01
-3.442047834396362305e-01
-2.723058760166168213e-01
-2.357895970344543457e-01
-1.439161002635955811e-01
-1.604098975658416748e-01
-2.188487201929092407e-01
-2.505909204483032227e-01
-3.872195780277252197e-01
-3.987476825714111328e-01
-4.046394824981689453e-01
-2.572970092296600342e-01
-3.776554167270660400e-01
-5.299795866012573242e-01
-5.124638676643371582e-01
-5.451321601867675781e-01
-4.357429742813110352e-01
-7.337650060653686523e-01
-4.758996963500976562e-01
-6.538667082786560059e-01
-3.334271311759948730e-01
-3.242621421813964844e-01
-3.914508223533630371e-01
-2.152881175279617310e-01
-3.520285487174987793e-01
-2.820776104927062988e-01
-2.227127104997634888e-01
-2.312230616807937622e-01
-3.336347043514251709e-01
-2.749563753604888916e-01
-3.657281398773193359e-01
-3.696081042289733887e-01
-2.796666026115417480e-01
-5.001374483108520508e-01
-3.792042136192321777e-01
-4.693213403224945068e-01
-5.087116956710815430e-01
-3.886406421661376953e-01
-3.600599169731140137e-01
-2.109930217266082764e-01
-4.847453534603118896e-01
-2.258422225713729858e-01
-1.699900329113006592e-01
-2.728008329868316650e-01
-1.470296531915664673e-01
-2.509581446647644043e-01
-3.735998272895812988e-01
-3.925206065177917480e-01
-3.987955749034881592e-01
-2.554767727851867676e-01
-5.382344722747802734e-01
-4.351202547550201416e-01
-4.392876327037811279e-01
-4.273603558540344238e-01
-2.017801254987716675e-01
-3.144105672836303711e-01
-4.521569311618804932e-01
-2.172200977802276611e-01
-3.330119848251342773e-01
-3.093809783458709717e-01
-2.704217731952667236e-01
-1.952177286148071289e-01
-1.964471787214279175e-01
-2.827162742614746094e-01
-3.339061439037322998e-01
-3.759788870811462402e-01
-4.311604797840118408e-01
-3.306169509887695312e-01
-3.843615055084228516e-01
-4.153692126274108887e-01
-3.963047564029693604e-01
-1.720816940069198608e-01
-1.102419197559356689e-01
-1.547097265720367432e-01
-4.748299419879913330e-01
-1.267995834350585938e-01
3.234243020415306091e-02
-1.742531955242156982e-01
-2.639392018318176270e-01
-3.767932057380676270e-01
-3.549345433712005615e-01
-2.661107182502746582e-01
-4.561167359352111816e-01
-5.274887681007385254e-01
-3.280303180217742920e-01
-3.924886584281921387e-01
-4.567553997039794922e-01
-2.871710360050201416e-01
-1.941798776388168335e-01
-5.043526887893676758e-01
-3.383449316024780273e-01
-5.595183372497558594e-01
-3.608742058277130127e-01
-5.778642892837524414e-01
-3.820622861385345459e-01
-5.819517970085144043e-01
-3.132130503654479980e-01
-3.021160662174224854e-01
-3.349439799785614014e-01
-3.098759651184082031e-01
-3.431509733200073242e-01
-2.758824527263641357e-01
-3.033774495124816895e-01
-1.354217082262039185e-01
-2.150645703077316284e-01
-1.494246870279312134e-01
-1.299610286951065063e-01
-1.391420066356658936e-01
-2.177470177412033081e-01
-3.846010267734527588e-01
-3.250604867935180664e-01
-4.625513851642608643e-01
-5.827661156654357910e-01
-4.477341175079345703e-01
-5.200800895690917969e-01
-5.891209244728088379e-01
-4.284461140632629395e-01
-6.146041154861450195e-01
-4.316075444221496582e-01
-6.345627307891845703e-01
-4.248854815959930420e-01
-4.421297311782836914e-01
-3.369079232215881348e-01
-2.789161503314971924e-01
-2.817742228507995605e-01
-1.578073054552078247e-01
-3.679635226726531982e-01
-2.456252127885818481e-01
-3.237352371215820312e-01
-3.266252279281616211e-01
-2.967192530632019043e-01
-1.896772086620330811e-01
-4.702314734458923340e-01
-3.333632647991180420e-01
-3.364927768707275391e-01
-2.326600849628448486e-01
-5.169506072998046875e-01
-4.708382189273834229e-01
-4.029469788074493408e-01
-1.382797956466674805e-01
-4.093816280364990234e-01
-3.604431152343750000e-01
-3.199670314788818359e-01
-2.710125446319580078e-01
-2.558919191360473633e-01
-4.912065342068672180e-02
-1.593720465898513794e-01
-2.080231755971908569e-01
-4.466589167714118958e-02
-4.086950719356536865e-01
-5.150026082992553711e-01
-3.783739209175109863e-01
-6.685083508491516113e-01
-6.029003858566284180e-01
-5.493154525756835938e-01
-4.755643904209136963e-01
-3.820303380489349365e-01
-9.508933871984481812e-02
-2.233034968376159668e-01
-2.081349492073059082e-01
-1.758339256048202515e-01
-2.474773675203323364e-01
-8.562096953392028809e-02
-3.329481184482574463e-01
-3.489629030227661133e-01
-3.554135262966156006e-01
-2.673721015453338623e-01
-4.199676811695098877e-01
-4.180356860160827637e-01
-3.877944052219390869e-01
-3.345448076725006104e-01
-2.244690805673599243e-01
6.675108522176742554e-02
-5.319221317768096924e-02
-2.107854485511779785e-01
-2.205252498388290405e-01
-4.226501286029815674e-01
-4.491072595119476318e-01
-4.854319393634796143e-01
-5.567081570625305176e-01
-4.486601948738098145e-01
-5.043686628341674805e-01
-4.293881654739379883e-01
-3.414744436740875244e-01
-3.299782872200012207e-01
-3.113928139209747314e-01
-3.419215083122253418e-01
-4.230173528194427490e-01
-3.382650911808013916e-01
-3.914987146854400635e-01
-4.029150307178497314e-01
-3.320859074592590332e-01
-1.779255867004394531e-01
-4.185785651206970215e-01
-2.937973141670227051e-01
-4.251250028610229492e-01
-5.705514550209045410e-01
-4.487879276275634766e-01
-2.056281417608261108e-01
-2.092047184705734253e-01
-2.904921472072601318e-01
-2.579037547111511230e-01
-1.879048943519592285e-01
-4.861025512218475342e-01
-3.336666226387023926e-01
-4.152414798736572266e-01
-3.501125276088714600e-01
-4.059806764125823975e-01
-3.122550249099731445e-01
-2.550137341022491455e-01
-5.820156931877136230e-01
-5.208784341812133789e-01
-3.237991034984588623e-01
-5.845704078674316406e-01
-3.191527426242828369e-01
-5.206389427185058594e-01
-4.524123966693878174e-01
-2.836583256721496582e-01
-3.901574909687042236e-01
-5.056460499763488770e-01
-4.153532683849334717e-01
-2.611609995365142822e-01
-3.689853847026824951e-01
-4.805141389369964600e-01
-4.430558085441589355e-01
-3.008387088775634766e-01
-5.663042664527893066e-01
-4.296436309814453125e-01
-2.036642134189605713e-01
-4.796359539031982422e-01
-2.449386268854141235e-01
-3.001361489295959473e-01
-2.790119647979736328e-01
-1.094755083322525024e-01
4.085278138518333435e-02
-3.422354534268379211e-02
-1.775583475828170776e-01
-1.815340965986251831e-01
-5.357595682144165039e-01
-5.515189170837402344e-01
-5.103562474250793457e-01
-3.240864872932434082e-01
-4.038251638412475586e-01
-5.365898609161376953e-01
-4.443012177944183350e-01
-2.885601520538330078e-01
-3.954105973243713379e-01
-5.219641923904418945e-01
-2.703419327735900879e-01
-4.699280858039855957e-01
-4.571066796779632568e-01
-3.110096156597137451e-01
-4.108026921749114990e-01
-4.280948340892791748e-01
-2.187688946723937988e-01
-4.881143867969512939e-01
-4.341941773891448975e-01
-3.099398314952850342e-01
-5.941664576530456543e-01
-3.715241253376007080e-01
-5.683161020278930664e-01
-4.853680729866027832e-01
-4.229534864425659180e-01
-3.756276369094848633e-01
-1.751473397016525269e-01
-4.803065657615661621e-01
-4.129901528358459473e-01
-3.788529336452484131e-01
-1.786281317472457886e-01
-4.839629828929901123e-01
-2.128771096467971802e-01
-3.876028060913085938e-01
-1.716984957456588745e-01
-4.497459530830383301e-01
-1.935411989688873291e-01
-4.525561034679412842e-01
-4.097648561000823975e-01
-4.090303778648376465e-01
-2.365719825029373169e-01
-3.910676240921020508e-01
-5.591670274734497070e-01
-4.896152615547180176e-01
-4.423851966857910156e-01
-3.761225938796997070e-01
-2.843449115753173828e-01
-5.395862460136413574e-02
-2.048457562923431396e-01
-4.198878407478332520e-01
-2.165015935897827148e-01
-3.252361118793487549e-01
-3.197435140609741211e-01
-2.577919661998748779e-01
-2.113602608442306519e-01
-4.707689210772514343e-02
-2.422561943531036377e-01
-4.682515561580657959e-01
-5.903344154357910156e-01
-4.326933026313781738e-01
-7.114433050155639648e-01
-6.120973229408264160e-01
-5.354083180427551270e-01
-3.941971361637115479e-01
-1.389663666486740112e-01
1.700887978076934814e-01
-2.043667584657669067e-01
-8.932528644800186157e-02
-2.243413329124450684e-01
-2.516127824783325195e-01
1.654062303714454174e-03
-3.211486041545867920e-01
-2.867399454116821289e-01
-4.779913723468780518e-01
-6.542977690696716309e-01
-5.896638035774230957e-01
-5.359192490577697754e-01
-3.395105302333831787e-01
-1.253306269645690918e-01
3.585514426231384277e-02
-9.722889959812164307e-02
-1.503986567258834839e-01
-2.355979979038238525e-01
-3.916264474391937256e-01
-3.674845099449157715e-01
-3.099078834056854248e-01
-6.241682767868041992e-01
-6.316727399826049805e-01
-4.587193429470062256e-01
-5.997548699378967285e-01
-3.336187303066253662e-01
-4.242468178272247314e-01
-4.065714776515960693e-01
-3.979174196720123291e-01
-4.123834073543548584e-01
-3.924088180065155029e-01
-2.941645383834838867e-01
-2.630769908428192139e-01
-5.472238063812255859e-01
-4.215803444385528564e-01
-5.004248619079589844e-01
-5.345141887664794922e-01
-4.348328709602355957e-01
-3.769848048686981201e-01
-1.891822367906570435e-01
-4.271208643913269043e-01
-2.063147127628326416e-01
-2.981083691120147705e-01
-3.119835853576660156e-01
-3.873313665390014648e-01
-3.079279959201812744e-01
-2.093803584575653076e-01
-5.422102212905883789e-01
-3.900137841701507568e-01
-5.919790267944335938e-01
-3.687618672847747803e-01
-5.653941631317138672e-01
-3.624389767646789551e-01
-4.068748354911804199e-01
-4.622480273246765137e-01
-2.562591433525085449e-01
-2.981083691120147705e-01
-3.139155805110931396e-01
-2.274868190288543701e-01
-7.626437395811080933e-02
-2.400368005037307739e-01
-4.114413559436798096e-01
-3.042556047439575195e-01
-4.099723994731903076e-01
-4.931279718875885010e-01
-4.498577117919921875e-01
-3.436938524246215820e-01
-6.056626439094543457e-01
-4.669103622436523438e-01
-4.451953768730163574e-01
-4.841066896915435791e-01
-4.569629728794097900e-01
-2.027221620082855225e-01
-5.069553256034851074e-01
-1.764885634183883667e-01
-2.209882885217666626e-01
-2.312390357255935669e-01
-3.266571760177612305e-01
-1.456884294748306274e-01
-4.299310147762298584e-01
-4.963692724704742432e-01
-3.369558155536651611e-01
-5.743036866188049316e-01
-5.016703009605407715e-01
-4.623438119888305664e-01
-1.899805814027786255e-01
-4.642758071422576904e-01
-4.073538482189178467e-01
-3.626146018505096436e-01
-1.731993854045867920e-01
-4.235602319240570068e-01
-2.670846879482269287e-01
-2.451940923929214478e-01
-5.009463429450988770e-02
-3.636045455932617188e-01
-1.823803484439849854e-01
-4.289356619119644165e-02
-4.288931787014007568e-01
-2.712680101394653320e-01
-6.147318482398986816e-01
-5.775289535522460938e-01
-3.760268092155456543e-01
-6.472883224487304688e-01
-5.221877098083496094e-01
-2.129090428352355957e-01
-4.100522398948669434e-01
-2.903005480766296387e-01
-2.256506234407424927e-01
-4.540036991238594055e-02
-2.153519839048385620e-01
-2.783094048500061035e-01
-3.377381861209869385e-01
-1.573921591043472290e-01
-3.104667365550994873e-01
-3.537050783634185791e-01
-2.419208884239196777e-01
-5.294367074966430664e-01
-3.254756033420562744e-01
-5.454674363136291504e-01
-2.922804355621337891e-01
-2.774791419506072998e-01
-1.594997942447662354e-01
-3.132609426975250244e-01
-5.051351189613342285e-01
-5.355839729309082031e-01
-4.142355620861053467e-01
-5.256046652793884277e-01
-6.132469177246093750e-01
-3.646743297576904297e-01
-5.435354709625244141e-01
-4.977264404296875000e-01
-4.850647151470184326e-01
-3.179232776165008545e-01
-4.045915603637695312e-01
-3.825891911983489990e-01
-4.341941773891448975e-01
-3.742704391479492188e-01
-2.635081112384796143e-01
-5.351209044456481934e-01
-3.280941843986511230e-01
-4.409162402153015137e-01
-4.494425654411315918e-01
-5.077057480812072754e-01
-4.828453063964843750e-01
-2.359333038330078125e-01
-3.427198529243469238e-01
-3.675324022769927979e-01
-3.341935276985168457e-01
-3.503679931163787842e-01
-3.429753184318542480e-01
-3.084868490695953369e-01
-4.487240612506866455e-01
-4.690339565277099609e-01
-4.468399584293365479e-01
-3.685862123966217041e-01
-3.080238103866577148e-01
-3.018765449523925781e-01
-1.806080192327499390e-01
-3.675962686538696289e-01
-2.713797986507415771e-01
-5.004088878631591797e-01
-4.718760550022125244e-01
-5.039056539535522461e-01
-2.942284047603607178e-01
-3.209889233112335205e-01
-4.135490059852600098e-01
-1.847594082355499268e-01
-2.405637055635452271e-01
-3.360616564750671387e-01
-1.756263524293899536e-01
-3.784697353839874268e-01
-2.360291033983230591e-01
-3.535933196544647217e-01
-3.749889433383941650e-01
-3.452745676040649414e-01
-3.379617333412170410e-01
-2.989705801010131836e-01
-1.878410279750823975e-01
-3.061397075653076172e-01
-2.666695415973663330e-01
-5.492196679115295410e-01
-4.806897640228271484e-01
-4.715886414051055908e-01
-3.691131472587585449e-01
-1.046535074710845947e-01
-2.996038459241390228e-02
-6.495980918407440186e-02
-1.651840060949325562e-01
3.057010471820831299e-02
-3.256991505622863770e-01
-3.280941843986511230e-01
-3.453703522682189941e-01
-1.749557405710220337e-01
-3.370675742626190186e-01
-5.159766077995300293e-01
-3.056606948375701904e-01
-1.538634747266769409e-01
-2.760421335697174072e-01
-4.175247550010681152e-01
-2.693679630756378174e-01
-5.405017733573913574e-01
-3.979493379592895508e-01
-5.027400851249694824e-01
-5.084402561187744141e-01
-4.721315205097198486e-01
-3.855111300945281982e-01
-3.981090188026428223e-01
-3.688896000385284424e-01
-4.699440598487854004e-01
-5.204952359199523926e-01
-3.754999041557312012e-01
-4.978222548961639404e-01
-4.890244901180267334e-01
-5.216927528381347656e-01
-2.778942883014678955e-01
-4.262905716896057129e-01
-3.331556916236877441e-01
-1.931420266628265381e-01
-4.537217020988464355e-01
-2.427032589912414551e-01
-3.538966774940490723e-01
-3.021320104598999023e-01
-1.620385199785232544e-01
-4.448760449886322021e-01
-2.337618023157119751e-01
-3.133248090744018555e-01
-2.473496347665786743e-01
-1.306316405534744263e-01
-2.892148196697235107e-01
-3.300581276416778564e-01
-3.544555306434631348e-01
-4.180197119712829590e-01
-2.756589055061340332e-01
-4.208777844905853271e-01
-4.584798216819763184e-01
-4.674212932586669922e-01
-4.634934365749359131e-01
-4.625673592090606689e-01
-3.058044016361236572e-01
-4.705188572406768799e-01
-3.230965435504913330e-01
-4.474307298660278320e-01
-4.600765109062194824e-01
-4.475904107093811035e-01
-3.682828545570373535e-01
-3.519487380981445312e-01
-3.017647862434387207e-01
4.224732052534818649e-03
-1.131159588694572449e-01
-3.195998072624206543e-01
-1.265600770711898804e-01
-3.506234586238861084e-01
-1.873141080141067505e-01
-3.225057721138000488e-01
-3.200308978557586670e-01
-3.235915303230285645e-01
-3.372751474380493164e-01
-3.886566162109375000e-01
-3.631415069103240967e-01
-3.278866112232208252e-01
-4.811368584632873535e-01
-5.391286015510559082e-01
-4.563243091106414795e-01
-4.719558954238891602e-01
-2.966394126415252686e-01
-5.350410938262939453e-01
-2.785968184471130371e-01
-4.750215411186218262e-01
-3.756915032863616943e-01
-3.480527997016906738e-01
-3.512302041053771973e-01
-3.533537983894348145e-01
-1.081662252545356750e-01
-2.195193320512771606e-01
-2.278859913349151611e-01
-2.990663647651672363e-01
-6.494384258985519409e-02
-2.192957997322082520e-01
-1.968303769826889038e-01
-1.098906472325325012e-01
-2.216429263353347778e-01
-8.782440423965454102e-02
-8.548781275749206543e-03
-5.860498920083045959e-02
-1.976925879716873169e-01
-4.281267821788787842e-01
-5.870292782783508301e-01
-4.642279148101806641e-01
-6.786313652992248535e-01
-4.127346873283386230e-01
-4.992592632770538330e-01
-4.719558954238891602e-01
-4.793325960636138916e-01
-2.599954009056091309e-01
-4.929842948913574219e-01
-3.281101584434509277e-01
-4.619286656379699707e-01
-4.697364866733551025e-01
-4.507518410682678223e-01
-3.930794298648834229e-01
-2.698788940906524658e-01
-2.590693235397338867e-01
-3.056447505950927734e-01
-2.487387508153915405e-01
-4.910203516483306885e-01
-5.113940834999084473e-01
-5.740162730216979980e-01
-5.853368043899536133e-01
-5.601250529289245605e-01
-2.877298891544342041e-01
-2.750202417373657227e-01
-2.342248409986495972e-01
-1.538794487714767456e-01
-1.889107972383499146e-01
-2.778942883014678955e-01
-2.915779054164886475e-01
-1.048291400074958801e-01
-4.338429272174835205e-01
-3.608263134956359863e-01
-1.405151486396789551e-01
-2.814708650112152100e-01
-3.264815211296081543e-01
-1.967824846506118774e-01
-1.045896410942077637e-01
-3.782941102981567383e-01
-2.306801974773406982e-01
-3.050220310688018799e-01
-4.612900018692016602e-01
-3.185619413852691650e-01
-4.462970793247222900e-01
-4.818393886089324951e-01
-5.325821638107299805e-01
-4.170457422733306885e-01
-5.979346632957458496e-01
-5.265307426452636719e-01
-4.993391036987304688e-01
-4.775283336639404297e-01
-2.807842791080474854e-01
-5.182439088821411133e-01
-2.419049143791198730e-01
-3.027227818965911865e-01
-2.917056381702423096e-01
-2.458008378744125366e-01
-2.911467850208282471e-01
-1.195506155490875244e-01
-2.562910914421081543e-01
-2.778783142566680908e-01
-2.760580778121948242e-01
-3.204460442066192627e-01
-3.806571960449218750e-01
-4.165827035903930664e-01
-4.413952529430389404e-01
-3.848245441913604736e-01
-5.285744667053222656e-01
-5.871570110321044922e-01
-5.292610526084899902e-01
-4.939742386341094971e-01
-3.062195479869842529e-01
-5.411564111709594727e-01
-2.786127924919128418e-01
-3.065388798713684082e-01
-2.496488690376281738e-01
-2.205412238836288452e-01
-2.022271901369094849e-01
-2.383602708578109741e-01
-2.292112410068511963e-01
-1.643058210611343384e-01
-4.515661597251892090e-01
-4.349606037139892578e-01
-2.599315345287322998e-01
-3.803857564926147461e-01
-4.888009727001190186e-01
-2.288759350776672363e-01
-3.069061338901519775e-01
-3.319581747055053711e-01
-3.616566061973571777e-01
-2.356937974691390991e-01
6.007692217826843262e-02
-2.362686097621917725e-01
-1.977884024381637573e-01
-3.653449416160583496e-01
-3.689853847026824951e-01
-3.739351332187652588e-01
-3.636684119701385498e-01
-4.198878407478332520e-01
-3.041278719902038574e-01
-4.077689945697784424e-01
-4.063159823417663574e-01
-4.628228247165679932e-01
-3.373070955276489258e-01
-4.492030739784240723e-01
-4.687625169754028320e-01
-5.017980337142944336e-01
-3.367163240909576416e-01
-4.403574168682098389e-01
-4.377548098564147949e-01
-3.651373684406280518e-01
-3.655844628810882568e-01
-2.496967613697052002e-01
-4.562763869762420654e-01
-3.281580507755279541e-01
-5.424177646636962891e-01
-4.796998202800750732e-01
-3.072733581066131592e-01
-4.110102653503417969e-01
-5.141404271125793457e-01
-2.406914383172988892e-01
-3.153526186943054199e-01
-3.225856125354766846e-01
-1.504305899143218994e-01
-3.280622661113739014e-01
-1.784684509038925171e-01
-4.439339935779571533e-01
-4.261309206485748291e-01
-2.712520658969879150e-01
-3.585430383682250977e-01
-3.423845469951629639e-01
-4.127187132835388184e-01
-3.681231737136840820e-01
-2.539758980274200439e-01
-3.974384069442749023e-01
-4.909724593162536621e-01
-4.218996763229370117e-01
-4.604916572570800781e-01
-4.926170408725738525e-01
-4.630782902240753174e-01
-2.222975790500640869e-01
-5.121445655822753906e-01
-2.221059799194335938e-01
-4.645312726497650146e-01
-3.828127384185791016e-01
-1.623897999525070190e-01
-4.518216252326965332e-01
-2.203655838966369629e-01
-3.247251808643341064e-01
-4.417465329170227051e-01
-2.491059899330139160e-01
-4.710936844348907471e-01
-2.412183433771133423e-01
-2.881769537925720215e-01
-3.410752713680267334e-01
-3.493780493736267090e-01
-2.579516470432281494e-01
-3.371793627738952637e-01
-3.244537413120269775e-01
-4.179877936840057373e-01
-2.630290985107421875e-01
-3.643549978733062744e-01
-4.754526317119598389e-01
-4.650102853775024414e-01
-4.249174296855926514e-01
-2.657594382762908936e-01
-3.988754153251647949e-01
-4.137884974479675293e-01
-4.913556575775146484e-01
-4.286696314811706543e-01
-2.904921472072601318e-01
-5.524130463600158691e-01
-3.255235254764556885e-01
-5.367175936698913574e-01
-3.143307268619537354e-01
-3.789008259773254395e-01
-4.604916572570800781e-01
-2.356459051370620728e-01
-3.449073135852813721e-01
-4.592302739620208740e-01
-2.778304219245910645e-01
-2.053407430648803711e-01
-1.327712088823318481e-01
-4.771770536899566650e-01
-4.593580067157745361e-01
-4.135968983173370361e-01
-2.098913043737411499e-01
-5.269777774810791016e-01
-2.815187573432922363e-01
-5.425295233726501465e-01
-2.469025552272796631e-01
-4.754845798015594482e-01
-4.268653690814971924e-01
-2.647535204887390137e-01
-5.263710618019104004e-01
-2.930628359317779541e-01
-5.682522058486938477e-01
-3.308883905410766602e-01
-5.456750392913818359e-01
-3.212284147739410400e-01
-4.182592332363128662e-01
-4.228257536888122559e-01
-3.878103792667388916e-01
-3.528428673744201660e-01
-3.526991605758666992e-01
-3.522680699825286865e-01
-3.785814940929412842e-01
-3.973106741905212402e-01
-4.401019513607025146e-01
-4.092858433723449707e-01
-3.560362458229064941e-01
-5.023089647293090820e-01
-5.170144438743591309e-01
-4.968961775302886963e-01
-4.232568740844726562e-01
-4.496022462844848633e-01
-2.444117218255996704e-01
-2.119510322809219360e-01
-3.235116899013519287e-01
-1.555559635162353516e-01
-2.733596861362457275e-01
-2.525548338890075684e-01
-2.425116598606109619e-01
-2.641148567199707031e-01
-1.599787920713424683e-01
-3.324052393436431885e-01
-3.715081810951232910e-01
-4.311604797840118408e-01
-4.018452763557434082e-01
-4.621202945709228516e-01
-5.232734680175781250e-01
-3.464561104774475098e-01
-4.472391307353973389e-01
-5.568838119506835938e-01
-2.548221349716186523e-01
-3.026589155197143555e-01
-2.740143239498138428e-01
-2.483236044645309448e-01
-2.370988875627517700e-01
-2.755151987075805664e-01
-3.221704661846160889e-01
-3.410912454128265381e-01
-4.499056041240692139e-01
-5.142841339111328125e-01
-3.241503536701202393e-01
-4.364614784717559814e-01
-3.268168270587921143e-01
-3.826530575752258301e-01
-1.250911355018615723e-01
-4.230333268642425537e-01
-1.933176666498184204e-01
-3.681391477584838867e-01
-3.008706271648406982e-01
-3.025471568107604980e-01
-3.306648433208465576e-01
-1.446505784988403320e-01
-3.040640056133270264e-01
-5.044645071029663086e-01
-2.611929178237915039e-01
-5.270256996154785156e-01
-3.366364836692810059e-01
-5.907815098762512207e-01
-3.689534664154052734e-01
-6.135981678962707520e-01
-3.963366746902465820e-01
-4.959381520748138428e-01
-4.901900887489318848e-01
-5.382344722747802734e-01
-3.417139351367950439e-01
-4.245821237564086914e-01
-4.338908195495605469e-01
-4.915472567081451416e-01
-3.621835112571716309e-01
-2.651846408843994141e-01
-5.443497896194458008e-01
-3.591018915176391602e-01
-5.764272809028625488e-01
-3.462166190147399902e-01
-3.429593741893768311e-01
-2.532733380794525146e-01
-2.032331079244613647e-01
-2.539279758930206299e-01
-1.135789975523948669e-01
-1.842484772205352783e-01
-2.370350211858749390e-01
-3.042556047439575195e-01
-3.465998172760009766e-01
-4.060924649238586426e-01
-4.159280657768249512e-01
-5.346897840499877930e-01
-5.996590852737426758e-01
-5.991321802139282227e-01
-3.491225838661193848e-01
-6.034592390060424805e-01
-5.024366974830627441e-01
-2.076878696680068970e-01
-2.633165121078491211e-01
-2.677393257617950439e-01
-3.507192730903625488e-01
-2.728806734085083008e-01
-2.707411050796508789e-01
-1.079746186733245850e-01
-3.991308808326721191e-01
-3.830841779708862305e-01
-4.292444586753845215e-01
-4.649623930454254150e-01
-2.395418137311935425e-01
-3.504159152507781982e-01
-3.063153326511383057e-01
-4.091421365737915039e-01
-1.982035338878631592e-01
-4.540410339832305908e-01
-2.310314625501632690e-01
-3.414424955844879150e-01
-4.770652949810028076e-01
-4.586554765701293945e-01
-3.412988185882568359e-01
-4.924893081188201904e-01
-5.772256255149841309e-01
-3.491066098213195801e-01
-4.548234045505523682e-01
-5.366377830505371094e-01
-3.161349892616271973e-01
-5.010794997215270996e-01
-3.146181404590606689e-01
-4.159919321537017822e-01
-5.262273550033569336e-01
-4.666389226913452148e-01
-4.859588444232940674e-01
-3.220906257629394531e-01
-4.157683849334716797e-01
-4.997382760047912598e-01
-2.073366045951843262e-01
-2.692082822322845459e-01
-3.653609156608581543e-01
-3.359179794788360596e-01
-2.002951949834823608e-01
-4.168221950531005859e-01
-3.709173798561096191e-01
-2.018280178308486938e-01
-4.399901628494262695e-01
-3.769688308238983154e-01
-2.100988775491714478e-01
-2.941006720066070557e-01
-2.822053432464599609e-01
-1.673395335674285889e-01
-3.182851150631904602e-02
-3.626305758953094482e-01
-3.854632377624511719e-01
-1.994010508060455322e-01
-2.948511242866516113e-01
-3.633331060409545898e-01
-3.718754053115844727e-01
-3.271521329879760742e-01
-3.915306627750396729e-01
-4.188180565834045410e-01
-5.185472965240478516e-01
-4.182272851467132568e-01
-5.408689975738525391e-01
-5.024686455726623535e-01
-5.230339765548706055e-01
-4.315596520900726318e-01
-4.228577017784118652e-01
-2.598836421966552734e-01
-4.002326130867004395e-01
-5.679647922515869141e-01
-4.782628118991851807e-01
-3.007748425006866455e-01
-3.931273519992828369e-01
-3.670853376388549805e-01
-4.254762530326843262e-01
-3.745259046554565430e-01
-2.681704461574554443e-01
-5.167111158370971680e-01
-4.715886414051055908e-01
-5.300115346908569336e-01
-5.186750292778015137e-01
-4.676607847213745117e-01
-4.231610596179962158e-01
-1.388865262269973755e-01
-4.088228046894073486e-01
-3.037446737289428711e-01
-6.400179862976074219e-02
-3.677240014076232910e-01
-1.467741727828979492e-01
-2.556524276733398438e-01
-2.939250469207763672e-01
-3.857665956020355225e-01
-2.237665355205535889e-01
-3.710930347442626953e-01
-5.286383628845214844e-01
-3.783579766750335693e-01
-4.948364496231079102e-01
-5.135496258735656738e-01
-4.785821437835693359e-01
-5.182918310165405273e-01
-4.392397105693817139e-01
-3.732006549835205078e-01
-4.456424415111541748e-01
-5.160085558891296387e-01
-3.095566332340240479e-01
-3.956341445446014404e-01
-4.888169169425964355e-01
-1.645133942365646362e-01
-1.750994473695755005e-01
-9.475403279066085815e-02
-1.191195100545883179e-01
-1.071762740612030029e-01
-1.345754712820053101e-01
-2.252674251794815063e-01
-3.226494789123535156e-01
-3.763780593872070312e-01
-4.572503864765167236e-01
-4.978382289409637451e-01
-5.977590084075927734e-01
-4.887211322784423828e-01
-7.633676528930664062e-01
-6.683806180953979492e-01
-4.004880785942077637e-01
-6.353131532669067383e-01
-3.069700002670288086e-01
-4.966407120227813721e-01
-2.198706120252609253e-01
-4.397346973419189453e-01
-3.882574439048767090e-01
-3.850321173667907715e-01
-1.825879216194152832e-01
-2.864525318145751953e-01
-2.881769537925720215e-01
-2.669729292392730713e-01
-3.446997702121734619e-01
-3.058842420578002930e-01
-4.101480543613433838e-01
-3.080717027187347412e-01
-6.143805384635925293e-01
-3.528748154640197754e-01
-4.464727342128753662e-01
-4.217240512371063232e-01
-4.371001720428466797e-01
-2.558280527591705322e-01
-5.549198389053344727e-01
-4.732332527637481689e-01
-4.429280757904052734e-01
-2.111367136240005493e-01
-5.108512639999389648e-01
-2.446192950010299683e-01
-5.047359466552734375e-01
-2.544229626655578613e-01
-5.377714037895202637e-01
-3.043673932552337646e-01
-4.058210253715515137e-01
-4.035377502441406250e-01
-4.857512712478637695e-01
-4.354396164417266846e-01
-3.176678121089935303e-01
-4.762988686561584473e-01
-6.139973402023315430e-01
-3.812479674816131592e-01
-5.938791036605834961e-01
-3.549345433712005615e-01
-5.659050941467285156e-01
-3.440770506858825684e-01
-4.244863092899322510e-01
-4.128783941268920898e-01
-4.627110660076141357e-01
-3.887204825878143311e-01
-4.376909434795379639e-01
-2.370509803295135498e-01
-2.283809632062911987e-01
-1.292584836483001709e-01
-1.288273781538009644e-01
-1.712673902511596680e-01
-2.965276539325714111e-01
-2.122224718332290649e-01
-3.729771077632904053e-01
-5.133580565452575684e-01
-3.475897610187530518e-01
-4.680440127849578857e-01
-4.561327099800109863e-01
-4.078967273235321045e-01
-3.410433232784271240e-01
-3.734082281589508057e-01
-3.826530575752258301e-01
-3.336187303066253662e-01
-4.892001450061798096e-01
-5.018458962440490723e-01
-4.517577588558197021e-01
-3.860220611095428467e-01
-3.240545690059661865e-01
-2.196630388498306274e-01
-1.693353950977325439e-01
-2.088055461645126343e-01
-2.944519519805908203e-01
-3.359179794788360596e-01
-4.417305588722229004e-01
-5.281114578247070312e-01
-3.486595451831817627e-01
-5.692581534385681152e-01
-2.451142668724060059e-01
-4.771930277347564697e-01
-4.067630767822265625e-01
-1.882721334695816040e-01
-3.040001392364501953e-01
-3.051497638225555420e-01
-1.866115778684616089e-01
-4.504909738898277283e-02
-2.469025552272796631e-01
-4.574739038944244385e-01
-2.949788570404052734e-01
-4.327411949634552002e-01
-4.608429372310638428e-01
-4.406767487525939941e-01
-3.999771475791931152e-01
-4.372917711734771729e-01
-4.229375422000885010e-01
-5.196011066436767578e-01
-4.041125476360321045e-01
-6.470009088516235352e-01
-5.009198188781738281e-01
-2.598357498645782471e-01
-5.395437479019165039e-01
-2.711562514305114746e-01
-5.398631095886230469e-01
-4.663674831390380859e-01
-2.315424084663391113e-01
-3.275513052940368652e-01
-2.924880087375640869e-01
-3.580799996852874756e-01
-1.720976680517196655e-01
-3.894709348678588867e-01
-3.843774795532226562e-01
-2.623105943202972412e-01
-3.884650170803070068e-01
-3.295950889587402344e-01
-2.579196989536285400e-01
-2.294347733259201050e-01
-2.273431122303009033e-01
-4.308570921421051025e-01
-6.424822807312011719e-01
-6.001859903335571289e-01
-5.713018774986267090e-01
-5.665916800498962402e-01
-5.249180793762207031e-01
-2.596760690212249756e-01
-3.507032990455627441e-01
-4.921699762344360352e-01
-3.210687637329101562e-01
-4.004721045494079590e-01
-5.215330719947814941e-01
-2.884643673896789551e-01
-5.693699121475219727e-01
-2.555885314941406250e-01
-4.912119507789611816e-01
-4.361740946769714355e-01
-2.376896589994430542e-01
-5.188985466957092285e-01
-4.639085829257965088e-01
-4.808813929557800293e-01
-2.139468938112258911e-01
-5.005046725273132324e-01
-2.645778954029083252e-01
-3.740309476852416992e-01
-4.989399313926696777e-01
-4.163751304149627686e-01
-2.791716158390045166e-01
-5.371327400207519531e-01
-4.216442108154296875e-01
-3.036488890647888184e-01
-4.130221009254455566e-01
-2.249001860618591309e-01
-5.163917541503906250e-01
-2.663023173809051514e-01
-3.699114918708801270e-01
-3.746057450771331787e-01
-3.003118038177490234e-01
-1.208918318152427673e-01
-3.795554935932159424e-01
-2.940527796745300293e-01
-4.398464560508728027e-01
-4.896631836891174316e-01
-6.031079292297363281e-01
-5.681883692741394043e-01
-4.538494348526000977e-01
-5.697690844535827637e-01
-5.551274418830871582e-01
-4.887051582336425781e-01
-5.007601380348205566e-01
-3.465040028095245361e-01
-5.557181835174560547e-01
-3.619280457496643066e-01
-5.750061869621276855e-01
-4.748458862304687500e-01
-2.162620872259140015e-01
-2.878735959529876709e-01
-2.977091968059539795e-01
-2.783892452716827393e-01
-2.422402203083038330e-01
-2.447310537099838257e-01
-3.058842420578002930e-01
-3.419694304466247559e-01
-4.722752273082733154e-01
-3.776394426822662354e-01
-6.606206893920898438e-01
-3.983006179332733154e-01
-5.932244062423706055e-01
-3.253638446331024170e-01
-3.706619143486022949e-01
-4.782947301864624023e-01
-2.542792558670043945e-01
-3.401013016700744629e-01
-3.570741117000579834e-01
-3.215796947479248047e-01
-3.493461310863494873e-01
-2.143779993057250977e-01
