-6.588432312011718750e+01
-3.758835601806640625e+01
-1.961839103698730469e+01
-8.546462059020996094e+00
-2.378594398498535156e+00
1.002794146537780762e+00
2.302115917205810547e+00
2.558320760726928711e+00
2.347749471664428711e+00
1.917010545730590820e+00
1.442362666130065918e+00
6.672978401184082031e-01
2.529410123825073242e-01
-4.056240245699882507e-02
-2.886399924755096436e-01
-2.820616364479064941e-01
-5.078814029693603516e-01
-3.771125376224517822e-01
-2.744294703006744385e-01
-7.540216296911239624e-02
-5.840913653373718262e-01
-5.051031708717346191e-01
-7.416366934776306152e-01
-9.585309624671936035e-01
-9.800223708152770996e-01
-9.722465276718139648e-01
-7.597431540489196777e-01
-8.135196566581726074e-01
-7.872860431671142578e-01
-5.276165008544921875e-01
-6.454361677169799805e-01
-5.384739637374877930e-01
-4.076572060585021973e-01
-2.165654599666595459e-01
-3.362692296504974365e-01
-3.785495758056640625e-01
-5.762676000595092773e-01
-7.213587164878845215e-01
-8.348993062973022461e-01
-9.157556295394897461e-01
-5.599653720855712891e-01
-6.774338483810424805e-01
-6.069559454917907715e-01
-6.500665545463562012e-01
-5.108512639999389648e-01
-8.021193146705627441e-01
-7.774025201797485352e-01
-6.059820055961608887e-01
-8.279536962509155273e-01
-9.735717773437500000e-01
-7.660341262817382812e-01
-6.929855942726135254e-01
-5.503214001655578613e-01
-5.727548599243164062e-01
-8.581790328025817871e-01
-8.128969669342041016e-01
-9.901453852653503418e-01
-9.132967591285705566e-01
-9.429312944412231445e-01
-8.316739797592163086e-01
-6.543936133384704590e-01
-5.356478095054626465e-01
-7.022783160209655762e-01
-5.232574939727783203e-01
-6.714462637901306152e-01
-3.473502695560455322e-01
-5.801635384559631348e-01
-7.277614474296569824e-01
-9.619798064231872559e-01
-7.996923327445983887e-01
-1.084541678428649902e+00
-7.941517829895019531e-01
-4.817914962768554688e-01
-2.311432361602783203e-01
-7.868229746818542480e-01
-7.995964884757995605e-01
-1.124937891960144043e+00
-9.102151393890380859e-01
-4.303621351718902588e-01
-6.355047821998596191e-01
-8.838857412338256836e-01
-9.682867527008056641e-01
-1.303846955299377441e+00
-1.155019521713256836e+00
-1.126422882080078125e+00
-9.722944498062133789e-01
-8.004108071327209473e-01
-1.092972159385681152e+00
-9.162506461143493652e-01
-9.905126690864562988e-01
-4.436465799808502197e-01
7.385634630918502808e-02
-3.080557286739349365e-01
-4.764745235443115234e-01
-5.424976348876953125e-01
-1.000795364379882812e+00
-9.426438808441162109e-01
-6.775934696197509766e-01
-4.660640954971313477e-01
-6.913569569587707520e-01
-9.558325409889221191e-01
-9.582275748252868652e-01
-9.508509039878845215e-01
-1.098129510879516602e+00
-1.297476172447204590e+00
-1.006846785545349121e+00
-9.779307246208190918e-01
-5.402143597602844238e-01
-5.222835540771484375e-01
-6.635266542434692383e-01
-5.264030098915100098e-01
-6.158176064491271973e-01
-6.158016324043273926e-01
-9.076444506645202637e-01
-6.831818819046020508e-01
-9.472423791885375977e-01
-6.857046484947204590e-01
-5.173816680908203125e-01
-4.134212732315063477e-01
-8.291033506393432617e-01
-9.120832681655883789e-01
-8.615320920944213867e-01
-7.991334795951843262e-01
-3.667021393775939941e-01
-3.101419843733310699e-02
-7.636017352342605591e-02
-6.520145535469055176e-01
-1.118040204048156738e+00
-1.331373810768127441e+00
-1.349959373474121094e+00
-1.260305166244506836e+00
-8.813470005989074707e-01
-9.464440345764160156e-01
-5.178127884864807129e-01
-5.273929238319396973e-01
-5.101487040519714355e-01
-5.387134552001953125e-01
-5.108033418655395508e-01
-7.023900747299194336e-01
-8.386515378952026367e-01
-8.336379528045654297e-01
-8.171441555023193359e-01
-8.116675019264221191e-01
-7.423552274703979492e-01
-8.542032837867736816e-01
-5.994675159454345703e-01
-5.009198188781738281e-01
-5.617217421531677246e-01
-5.015584826469421387e-01
-4.422894120216369629e-01
-2.630450725555419922e-01
-5.370689034461975098e-01
-3.934786021709442139e-01
-5.943740606307983398e-01
-5.512953996658325195e-01
-5.412681698799133301e-01
-5.331569910049438477e-01
-5.019736289978027344e-01
-4.802267253398895264e-01
-4.020209014415740967e-01
-4.179558455944061279e-01
-5.104520916938781738e-01
-4.198559224605560303e-01
-6.424822807312011719e-01
-5.740641355514526367e-01
-7.053918242454528809e-01
-6.012877225875854492e-01
-5.603166818618774414e-01
-5.830056071281433105e-01
-3.613213002681732178e-01
-5.759482383728027344e-01
-6.337004899978637695e-01
-5.516785979270935059e-01
-5.566123723983764648e-01
-7.680459618568420410e-01
-7.200654149055480957e-01
-6.698176264762878418e-01
-6.459630727767944336e-01
-6.687797904014587402e-01
-5.823190212249755859e-01
-3.842337727546691895e-01
-1.765045225620269775e-01
-2.671325802803039551e-01
-3.413626849651336670e-01
-5.504970550537109375e-01
-2.405637055635452271e-01
-1.987623721361160278e-01
-3.269126415252685547e-01
-4.483727812767028809e-01
-4.866134822368621826e-01
-7.212789058685302734e-01
-6.055189371109008789e-01
-8.573168516159057617e-01
-7.462511062622070312e-01
-7.685728669166564941e-01
-4.243266582489013672e-01
-7.385710477828979492e-01
-6.636065244674682617e-01
-4.911161661148071289e-01
-6.751505732536315918e-01
-2.855424284934997559e-01
3.304497152566909790e-02
-3.806093037128448486e-01
-2.798901498317718506e-01
-5.035543441772460938e-01
-3.165022134780883789e-01
-5.956993103027343750e-01
-6.581298708915710449e-01
-6.124485731124877930e-01
-4.567075073719024658e-01
-5.946614742279052734e-01
-6.167596578598022461e-01
-4.029629528522491455e-01
-6.415721774101257324e-01
-6.044012308120727539e-01
-5.516306757926940918e-01
-3.955862522125244141e-01
-5.823509693145751953e-01
-5.229062438011169434e-01
-5.762835741043090820e-01
-5.034425854682922363e-01
-6.761404871940612793e-01
-5.295324921607971191e-01
-6.670393943786621094e-01
-5.233373641967773438e-01
-4.914514720439910889e-01
-3.592296242713928223e-01
-3.524277210235595703e-01
-4.109623730182647705e-01
-5.612108111381530762e-01
-5.697690844535827637e-01
-3.443804085254669189e-01
-4.822545349597930908e-01
-5.264189839363098145e-01
-6.319760680198669434e-01
-7.120181322097778320e-01
-6.490606665611267090e-01
-5.107873678207397461e-01
-7.468419075012207031e-01
-6.003456711769104004e-01
-7.021186351776123047e-01
-5.626478195190429688e-01
-6.976159811019897461e-01
-7.297573089599609375e-01
-6.830701231956481934e-01
-5.797164440155029297e-01
-3.895507454872131348e-01
-5.026602149009704590e-01
-1.302324682474136353e-01
-3.760587275028228760e-01
-2.992739379405975342e-01
-5.276005268096923828e-01
-5.318157672882080078e-01
-5.199044942855834961e-01
-3.835472166538238525e-01
-5.181161761283874512e-01
-5.151782631874084473e-01
-4.739198088645935059e-01
-3.697837293148040771e-01
-4.821906685829162598e-01
-5.607956647872924805e-01
-4.283502995967864990e-01
-1.370183974504470825e-01
-5.787051096558570862e-02
-1.376251429319381714e-01
-9.227916598320007324e-02
-2.674678862094879150e-01
-5.272811651229858398e-01
-4.256199598312377930e-01
-7.340524196624755859e-01
-8.409028649330139160e-01
-5.621209144592285156e-01
-5.975035429000854492e-01
-3.890717625617980957e-01
-5.933362245559692383e-01
-6.263238191604614258e-01
-4.210694134235382080e-01
-4.979978799819946289e-01
-5.689387917518615723e-01
-3.580161333084106445e-01
-4.983331859111785889e-01
-3.099877238273620605e-01
1.339876502752304077e-01
1.761402487754821777e-01
-3.978854715824127197e-01
-3.269126415252685547e-01
-2.893425524234771729e-01
-4.647228717803955078e-01
-5.151782631874084473e-01
-3.180350363254547119e-01
-8.101708255708217621e-03
-4.216601848602294922e-01
-5.856720805168151855e-01
-6.360316872596740723e-01
-9.757592678070068359e-01
-8.810755610466003418e-01
-6.914207935333251953e-01
-7.259891629219055176e-01
-6.280162930488586426e-01
-5.365260243415832520e-01
-4.066832363605499268e-01
-5.210700631141662598e-01
-3.561959266662597656e-01
-5.017181634902954102e-01
-5.246626138687133789e-01
-5.593107342720031738e-01
-4.719399213790893555e-01
-5.306980609893798828e-01
-5.608435869216918945e-01
-5.370369553565979004e-01
-4.324857294559478760e-01
-4.421616792678833008e-01
-1.910344064235687256e-01
-3.546790778636932373e-01
-4.673574268817901611e-01
-1.132436916232109070e-01
-2.871870100498199463e-01
-6.630103290081024170e-02
-5.671185851097106934e-01
-6.126561164855957031e-01
-5.321670174598693848e-01
-7.387945652008056641e-01
-7.017034888267517090e-01
-6.979512572288513184e-01
-5.265786051750183105e-01
-6.612753272056579590e-01
-5.478624701499938965e-01
-6.197294592857360840e-01
-5.803870558738708496e-01
-4.050067067146301270e-01
-3.733762800693511963e-01
-3.393189013004302979e-01
-6.090955138206481934e-01
-4.101959466934204102e-01
-5.818879604339599609e-01
-4.035696983337402344e-01
-4.476383030414581299e-01
-4.450197517871856689e-01
-3.914827406406402588e-01
-2.944519519805908203e-01
-9.726083278656005859e-02
-3.789487481117248535e-01
-1.710438579320907593e-01
-4.937506914138793945e-01
-3.425282537937164307e-01
-6.920115947723388672e-01
-5.692581534385681152e-01
-6.678057909011840820e-01
-7.014959454536437988e-01
-5.646596550941467285e-01
-7.792866230010986328e-01
-4.800511002540588379e-01
-5.017021894454956055e-01
-3.923768997192382812e-01
-4.732811450958251953e-01
-6.004095077514648438e-01
-6.246632337570190430e-01
-6.767632365226745605e-01
-7.183409929275512695e-01
-6.772741675376892090e-01
-6.946461200714111328e-01
-5.391445755958557129e-01
-4.105791449546813965e-01
-5.864225625991821289e-01
-5.773214101791381836e-01
-6.974243521690368652e-01
-6.570760607719421387e-01
-5.860393047332763672e-01
-7.474645972251892090e-01
-7.287993431091308594e-01
-7.346432209014892578e-01
-5.689547657966613770e-01
-5.245029330253601074e-01
-6.893131732940673828e-01
-6.735219359397888184e-01
-6.107560992240905762e-01
-3.533378541469573975e-01
-2.588138580322265625e-01
-2.403082251548767090e-01
-3.323413729667663574e-01
-4.128304719924926758e-01
-8.271872997283935547e-01
-9.019602537155151367e-01
-9.412388205528259277e-01
-9.419254064559936523e-01
-6.650275588035583496e-01
-7.131677269935607910e-01
-7.088885903358459473e-01
-6.848105192184448242e-01
-4.143154025077819824e-01
-5.813131332397460938e-01
-3.165341615676879883e-01
-5.234491229057312012e-01
-4.426726102828979492e-01
-4.667825996875762939e-01
-3.473023474216461182e-01
-5.800676941871643066e-01
-4.907489120960235596e-01
-3.125424385070800781e-01
-3.514856994152069092e-01
-2.593886554241180420e-01
-3.767133653163909912e-01
-5.150984525680541992e-01
-5.291173458099365234e-01
-4.530989825725555420e-01
-4.422574639320373535e-01
-5.631108880043029785e-01
-5.848258733749389648e-01
-5.301711559295654297e-01
-4.637648761272430420e-01
-3.838665485382080078e-01
-6.500505805015563965e-01
-6.145561933517456055e-01
-5.457548499107360840e-01
-3.999771475791931152e-01
-5.141084790229797363e-01
-5.753734707832336426e-01
-5.255727171897888184e-01
-5.381067395210266113e-01
-6.612274050712585449e-01
-7.586573958396911621e-01
-6.790305376052856445e-01
-8.532452583312988281e-01
-7.936568260192871094e-01
-6.039062738418579102e-01
-5.740482211112976074e-01
-5.514391064643859863e-01
-7.387147545814514160e-01
-6.578105092048645020e-01
-5.556383728981018066e-01
-5.702959895133972168e-01
-6.967697143554687500e-01
-6.176378130912780762e-01
-7.269790768623352051e-01
-7.491251826286315918e-01
-7.412694692611694336e-01
-5.740002989768981934e-01
-1.389503926038742065e-01
-2.526506483554840088e-01
-1.753229796886444092e-01
-4.864698052406311035e-01
-4.871723353862762451e-01
-5.919630527496337891e-01
-8.888035416603088379e-01
-9.090016484260559082e-01
-7.685249447822570801e-01
-6.670712828636169434e-01
-6.884030699729919434e-01
-6.881795525550842285e-01
-5.668471455574035645e-01
-7.294699549674987793e-01
-6.788868308067321777e-01
-5.470800995826721191e-01
-3.336347043514251709e-01
-4.094295501708984375e-01
-4.474945962429046631e-01
-4.957785010337829590e-01
-5.106436610221862793e-01
-5.710304379463195801e-01
-5.195053219795227051e-01
-4.879068136215209961e-01
-2.234791219234466553e-01
-3.356944322586059570e-01
-2.685057520866394043e-01
-2.659989297389984131e-01
-4.912598729133605957e-01
-5.238482952117919922e-01
-5.801795125007629395e-01
-5.501617193222045898e-01
-4.730895459651947021e-01
-6.211824417114257812e-01
-5.192977190017700195e-01
-5.675815939903259277e-01
-4.439499676227569580e-01
-6.891216039657592773e-01
-5.445253849029541016e-01
-5.960345864295959473e-01
-2.990504205226898193e-01
-4.178281128406524658e-01
-5.453556776046752930e-01
-5.547122955322265625e-01
-7.143492698669433594e-01
-5.611150264739990234e-01
-5.305703282356262207e-01
-6.071156263351440430e-01
-5.282391905784606934e-01
-4.363177716732025146e-01
-4.970718026161193848e-01
-4.717323482036590576e-01
-2.923922240734100342e-01
-5.614982247352600098e-01
-3.802739977836608887e-01
-5.590552687644958496e-01
-5.150984525680541992e-01
-4.202710688114166260e-01
-3.485956788063049316e-01
-2.448268681764602661e-01
-4.686986505985260010e-01
-4.047352671623229980e-01
-2.763454914093017578e-01
-2.718108892440795898e-01
-1.565299481153488159e-01
-3.005353212356567383e-01
-3.584951460361480713e-01
-3.641953170299530029e-01
-4.163751304149627686e-01
-3.342893421649932861e-01
-4.770493209362030029e-01
-3.901574909687042236e-01
-4.722912013530731201e-01
-4.991475045680999756e-01
-4.246459901332855225e-01
-5.490759611129760742e-01
-4.761551916599273682e-01
-4.017015695571899414e-01
-5.664160251617431641e-01
-4.396229386329650879e-01
-4.330445826053619385e-01
-4.274401962757110596e-01
-3.847606778144836426e-01
-4.416028261184692383e-01
-5.053905844688415527e-01
-5.638293623924255371e-01
-6.196815967559814453e-01
-3.606027662754058838e-01
-4.328529536724090576e-01
-5.093982219696044922e-01
-4.323101043701171875e-01
-3.265294432640075684e-01
-2.109451144933700562e-01
-1.693673282861709595e-01
-5.463137030601501465e-01
-2.121106982231140137e-01
2.994739636778831482e-02
-2.236228287220001221e-01
-3.358700573444366455e-01
-4.203988015651702881e-01
-4.253006279468536377e-01
-3.358860313892364502e-01
-5.808341503143310547e-01
-5.805467367172241211e-01
-4.114733040332794189e-01
-4.603160321712493896e-01
-4.932876527309417725e-01
-3.200628459453582764e-01
-2.375140190124511719e-01
-5.144757032394409180e-01
-3.999451994895935059e-01
-6.573155522346496582e-01
-4.498257637023925781e-01
-5.958110690116882324e-01
-4.654094576835632324e-01
-5.717968940734863281e-01
-3.491385579109191895e-01
-4.021805822849273682e-01
-3.259865641593933105e-01
-2.983957827091217041e-01
-3.606666624546051025e-01
-3.480208814144134521e-01
-4.010469317436218262e-01
-2.939250469207763672e-01
-4.191533625125885010e-01
-3.335388898849487305e-01
-3.363330960273742676e-01
-3.316707611083984375e-01
-4.002964794635772705e-01
-4.919943511486053467e-01
-3.287169039249420166e-01
-4.850167930126190186e-01
-6.197933554649353027e-01
-4.262745976448059082e-01
-5.190742015838623047e-01
-5.703917741775512695e-01
-3.227452933788299561e-01
-5.297241210937500000e-01
-3.586548268795013428e-01
-5.329813361167907715e-01
-4.097009599208831787e-01
-4.643236994743347168e-01
-4.333958327770233154e-01
-4.659044444561004639e-01
-3.965282738208770752e-01
-2.674519419670104980e-01
-4.951238334178924561e-01
-4.021805822849273682e-01
-4.732971191406250000e-01
-4.206702411174774170e-01
-4.204147458076477051e-01
-3.193283677101135254e-01
-5.889453291893005371e-01
-4.678683578968048096e-01
-4.508476555347442627e-01
-3.614650070667266846e-01
-5.342746973037719727e-01
-5.097655057907104492e-01
-4.118245840072631836e-01
-3.087742626667022705e-01
-4.753408730030059814e-01
-4.058529436588287354e-01
-4.529073834419250488e-01
-4.296915233135223389e-01
-4.697843790054321289e-01
-4.424011707305908203e-01
-4.758837521076202393e-01
-3.251882195472717285e-01
-3.120315074920654297e-01
-5.734574198722839355e-01
-6.741127371788024902e-01
-6.065089106559753418e-01
-7.573800683021545410e-01
-6.497951149940490723e-01
-6.539145708084106445e-01
-5.840275287628173828e-01
-5.851451754570007324e-01
-5.334922671318054199e-01
-6.834533214569091797e-01
-6.164722442626953125e-01
-6.150990724563598633e-01
-5.628394484519958496e-01
-4.183550179004669189e-01
-6.375006437301635742e-01
-5.757406949996948242e-01
-6.066046953201293945e-01
-5.948210954666137695e-01
-8.257822394371032715e-01
-7.929383516311645508e-01
-7.653155922889709473e-01
-6.860080361366271973e-01
-5.628394484519958496e-01
-1.930622011423110962e-01
-3.334909975528717041e-01
-4.441894590854644775e-01
-3.747015595436096191e-01
-6.196496486663818359e-01
-6.520783901214599609e-01
-6.952049732208251953e-01
-7.487579584121704102e-01
-4.252846539020538330e-01
-5.953959226608276367e-01
-5.149387717247009277e-01
-4.931439459323883057e-01
-4.825738668441772461e-01
-4.405649900436401367e-01
-5.595343112945556641e-01
-6.211345791816711426e-01
-4.228577017784118652e-01
-4.801948070526123047e-01
-5.121285915374755859e-01
-3.426719605922698975e-01
-1.238936111330986023e-01
-4.463130533695220947e-01
-3.037446737289428711e-01
-5.189783573150634766e-01
-5.898394584655761719e-01
-4.317991435527801514e-01
-3.161509633064270020e-01
-3.756755292415618896e-01
-3.464082181453704834e-01
-2.753555476665496826e-01
-2.837700843811035156e-01
-4.984130263328552246e-01
-4.180516600608825684e-01
-5.636058449745178223e-01
-5.483893752098083496e-01
-5.072746276855468750e-01
-3.923768997192382812e-01
-3.592296242713928223e-01
-6.580021381378173828e-01
-5.665916800498962402e-01
-5.354562401771545410e-01
-6.353131532669067383e-01
-5.068754553794860840e-01
-5.957950949668884277e-01
-5.378352999687194824e-01
-5.218524336814880371e-01
-6.602694392204284668e-01
-6.578264832496643066e-01
-5.457548499107360840e-01
-5.161043405532836914e-01
-7.048010826110839844e-01
-5.858157873153686523e-01
-5.771138668060302734e-01
-5.538820028305053711e-01
-6.845390796661376953e-01
-5.659370422363281250e-01
-4.808973371982574463e-01
-6.671032309532165527e-01
-5.362545847892761230e-01
-5.736809372901916504e-01
-6.316567659378051758e-01
-4.690339565277099609e-01
-2.590852975845336914e-01
-2.231917232275009155e-01
-2.681864202022552490e-01
-3.475258946418762207e-01
-6.099577546119689941e-01
-6.403267383575439453e-01
-6.171747446060180664e-01
-5.804668664932250977e-01
-6.752623319625854492e-01
-6.256212592124938965e-01
-5.641646981239318848e-01
-5.062847137451171875e-01
-6.699773073196411133e-01
-6.156579256057739258e-01
-4.964810311794281006e-01
-6.114585995674133301e-01
-5.806425213813781738e-01
-5.324384570121765137e-01
-6.902552247047424316e-01
-5.501297712326049805e-01
-4.370682239532470703e-01
-6.276011466979980469e-01
-5.839476585388183594e-01
-5.934000611305236816e-01
-7.392736077308654785e-01
-6.070836782455444336e-01
-6.890098452568054199e-01
-5.868536233901977539e-01
-5.663521289825439453e-01
-5.039376020431518555e-01
-4.537855684757232666e-01
-5.583686828613281250e-01
-5.070670843124389648e-01
-5.925378799438476562e-01
-5.797643661499023438e-01
-6.733143925666809082e-01
-5.945816040039062500e-01
-5.293089747428894043e-01
-5.277601480484008789e-01
-5.842350721359252930e-01
-4.776880145072937012e-01
-5.806584954261779785e-01
-5.135177373886108398e-01
-5.500020384788513184e-01
-4.892959296703338623e-01
-5.760919451713562012e-01
-6.283994913101196289e-01
-6.271061897277832031e-01
-6.284952759742736816e-01
-6.284474134445190430e-01
-5.892007946968078613e-01
-5.697690844535827637e-01
-7.236579656600952148e-01
-7.161056399345397949e-01
-6.809784770011901855e-01
-7.930181622505187988e-01
-7.635592222213745117e-01
-6.745278239250183105e-01
-5.873326659202575684e-01
-2.928073704242706299e-01
-3.354070186614990234e-01
-5.388411879539489746e-01
-6.675982475280761719e-01
-6.524935364723205566e-01
-8.054882884025573730e-01
-7.572044134140014648e-01
-7.487579584121704102e-01
-6.683007478713989258e-01
-4.720676541328430176e-01
-2.655838131904602051e-01
-4.970398843288421631e-01
-5.026921629905700684e-01
-6.866786479949951172e-01
-5.211020112037658691e-01
-3.523958027362823486e-01
-5.627755522727966309e-01
-5.136294960975646973e-01
-7.441115379333496094e-01
-7.965947389602661133e-01
-7.231949567794799805e-01
-6.711428761482238770e-01
-4.936868250370025635e-01
-2.988747656345367432e-01
-9.868188947439193726e-02
-2.017960846424102783e-01
-2.294667065143585205e-01
-3.411391377449035645e-01
-4.231291413307189941e-01
-5.328855514526367188e-01
-3.760906755924224854e-01
-6.200807690620422363e-01
-5.133740305900573730e-01
-4.023242592811584473e-01
-4.384573400020599365e-01
-1.230473667383193970e-01
-2.614963054656982422e-01
-2.009179145097732544e-01
-3.363011777400970459e-01
-3.676282167434692383e-01
-3.738872408866882324e-01
-2.243573069572448730e-01
-2.071609646081924438e-01
-5.261794328689575195e-01
-4.151456952095031738e-01
-5.308257937431335449e-01
-5.009517669677734375e-01
-4.319268763065338135e-01
-3.972787261009216309e-01
-2.336500436067581177e-01
-3.793958127498626709e-01
-2.591172158718109131e-01
-4.223786890506744385e-01
-4.836276769638061523e-01
-4.811208844184875488e-01
-4.351043105125427246e-01
-3.754999041557312012e-01
-6.597425341606140137e-01
-5.898554325103759766e-01
-6.813137531280517578e-01
-5.631747245788574219e-01
-6.899359226226806641e-01
-5.466969013214111328e-01
-6.099258065223693848e-01
-5.721161961555480957e-01
-4.434390068054199219e-01
-5.268021821975708008e-01
-4.416188001632690430e-01
-3.578245341777801514e-01
-1.504465639591217041e-01
-2.839936316013336182e-01
-4.385371804237365723e-01
-4.215643703937530518e-01
-5.610032677650451660e-01
-5.530198216438293457e-01
-4.641161561012268066e-01
-3.520604968070983887e-01
-5.157211422920227051e-01
-4.342420995235443115e-01
-4.472072124481201172e-01
-5.186910033226013184e-01
-5.159286856651306152e-01
-4.207021594047546387e-01
-5.743355751037597656e-01
-3.935903906822204590e-01
-4.530031979084014893e-01
-4.588789939880371094e-01
-3.849682509899139404e-01
-2.905081212520599365e-01
-5.171900987625122070e-01
-5.565644502639770508e-01
-5.035862922668457031e-01
-6.471925377845764160e-01
-5.377714037895202637e-01
-5.497785210609436035e-01
-4.126229286193847656e-01
-5.248861312866210938e-01
-5.271055102348327637e-01
-5.062048435211181641e-01
-4.714609086513519287e-01
-4.922817349433898926e-01
-3.662869930267333984e-01
-4.279032349586486816e-01
-3.571379780769348145e-01
-4.800670742988586426e-01
-2.915619313716888428e-01
-3.405323922634124756e-01
-5.148429870605468750e-01
-4.917229115962982178e-01
-6.590399742126464844e-01
-6.162806153297424316e-01
-5.366058349609375000e-01
-6.305710077285766602e-01
-4.815200567245483398e-01
-3.332834243774414062e-01
-4.134691655635833740e-01
-2.419049143791198730e-01
-2.556364536285400391e-01
-9.844238311052322388e-02
-1.705169379711151123e-01
-2.332348972558975220e-01
-2.855104804039001465e-01
-1.231431663036346436e-01
-2.600592672824859619e-01
-2.851592004299163818e-01
-2.061550468206405640e-01
-4.077370464801788330e-01
-2.450823336839675903e-01
-3.969913423061370850e-01
-3.105625510215759277e-01
-1.471893191337585449e-01
3.968720138072967529e-02
-5.646542459726333618e-02
-2.857659459114074707e-01
-3.372591733932495117e-01
-1.615116149187088013e-01
-2.979167699813842773e-01
-3.232083320617675781e-01
-9.925669431686401367e-02
-2.709007859230041504e-01
-1.844879686832427979e-01
-2.319415807723999023e-01
-1.148084476590156555e-01
-2.068895250558853149e-01
-2.703579068183898926e-01
-2.263212352991104126e-01
-2.060592472553253174e-01
-1.942916512489318848e-01
-3.709972202777862549e-01
-2.105299830436706543e-01
-3.798588514328002930e-01
-4.022603929042816162e-01
-3.397021293640136719e-01
-4.791569411754608154e-01
-2.042549848556518555e-01
-4.234963655471801758e-01
-3.400853276252746582e-01
-4.303142428398132324e-01
-3.976619243621826172e-01
-3.494419157505035400e-01
-3.432787060737609863e-01
-4.643236994743347168e-01
-5.143160820007324219e-01
-5.368932485580444336e-01
-4.746063947677612305e-01
-4.469357728958129883e-01
-4.749576747417449951e-01
-1.677866131067276001e-01
-4.980936944484710693e-01
-2.401006668806076050e-01
-4.598529934883117676e-01
-3.705022633075714111e-01
-4.429600238800048828e-01
-3.341775834560394287e-01
-3.526672422885894775e-01
-2.941326200962066650e-01
-9.036313742399215698e-02
-2.885282337665557861e-01
-3.335388898849487305e-01
-3.214679360389709473e-01
-4.462811350822448730e-01
-3.989712297916412354e-01
-5.734094977378845215e-01
-6.481824517250061035e-01
-5.993238091468811035e-01
-6.140292882919311523e-01
-5.316560864448547363e-01
-3.755637705326080322e-01
-4.978222548961639404e-01
-5.244869589805603027e-01
-7.189158201217651367e-01
-6.573315262794494629e-01
-7.104852795600891113e-01
-6.778489351272583008e-01
-4.219156503677368164e-01
-2.741740047931671143e-01
-3.587825596332550049e-01
-5.745112299919128418e-01
-5.179884433746337891e-01
-5.935597419738769531e-01
-5.414278507232666016e-01
-5.421463251113891602e-01
-4.758996963500976562e-01
-5.794609785079956055e-01
-4.603798985481262207e-01
-2.988907396793365479e-01
-2.079593092203140259e-01
-3.476696014404296875e-01
-2.380568981170654297e-01
-8.402428030967712402e-02
-3.164064288139343262e-01
-2.592290043830871582e-01
-3.673408031463623047e-01
-4.227299690246582031e-01
-4.404053092002868652e-01
-3.163265883922576904e-01
-3.337304890155792236e-01
-2.948191761970520020e-01
-4.205105602741241455e-01
-5.185313224792480469e-01
-4.541687667369842529e-01
-6.228270530700683594e-01
-6.503539681434631348e-01
-5.502894520759582520e-01
-3.704543411731719971e-01
-4.560049474239349365e-01
-3.865330219268798828e-01
-3.604111671447753906e-01
-5.000576376914978027e-01
-4.217240512371063232e-01
-4.104514122009277344e-01
-4.057890772819519043e-01
-3.737754523754119873e-01
-5.636856555938720703e-01
-4.941977560520172119e-01
-5.124638676643371582e-01
-3.241344094276428223e-01
-2.893904447555541992e-01
-4.481652081012725830e-01
-4.824621081352233887e-01
-4.488517940044403076e-01
-4.635094106197357178e-01
-3.704224228858947754e-01
-5.696253776550292969e-01
-6.309542059898376465e-01
-6.220606565475463867e-01
-6.292297840118408203e-01
-5.899991393089294434e-01
-3.923449516296386719e-01
-5.731859803199768066e-01
-4.029948711395263672e-01
-5.824467539787292480e-01
-6.039541959762573242e-01
-5.535786151885986328e-01
-4.603958427906036377e-01
-4.673734009265899658e-01
-4.837873578071594238e-01
-2.400368005037307739e-01
-3.359498977661132812e-01
-3.803538382053375244e-01
-3.300900459289550781e-01
-4.528754651546478271e-01
-3.506075143814086914e-01
-4.986205995082855225e-01
-4.145708680152893066e-01
-3.861657679080963135e-01
-4.577932655811309814e-01
-4.443970322608947754e-01
-4.218358099460601807e-01
-3.081994354724884033e-01
-4.843302369117736816e-01
-4.407086670398712158e-01
-3.459292054176330566e-01
-4.063798487186431885e-01
-3.399735689163208008e-01
-4.650901257991790771e-01
-3.259705901145935059e-01
-4.718600809574127197e-01
-3.764100074768066406e-01
-4.132615923881530762e-01
-4.949482083320617676e-01
-5.742078423500061035e-01
-3.937979638576507568e-01
-4.251888692378997803e-01
-4.317831993103027344e-01
-3.494259417057037354e-01
-3.467914164066314697e-01
-2.797783613204956055e-01
-1.778776794672012329e-01
-1.043501347303390503e-01
-2.674519419670104980e-01
-1.289551109075546265e-01
-1.332821547985076904e-01
-1.606973111629486084e-01
-2.050533294677734375e-01
-4.675011336803436279e-01
-6.250624060630798340e-01
-5.580653548240661621e-01
-6.501783132553100586e-01
-4.348168969154357910e-01
-5.606519579887390137e-01
-5.609393715858459473e-01
-4.625034928321838379e-01
-2.725453674793243408e-01
-4.613858163356781006e-01
-3.842976391315460205e-01
-5.627595782279968262e-01
-6.119536161422729492e-01
-5.777844786643981934e-01
-5.984615683555603027e-01
-5.241995453834533691e-01
-5.296761989593505859e-01
-5.269777774810791016e-01
-3.862775564193725586e-01
-6.687797904014587402e-01
-6.545851826667785645e-01
-7.221570611000061035e-01
-7.458360195159912109e-01
-7.580666542053222656e-01
-6.302196979522705078e-01
-7.274900078773498535e-01
-3.753242492675781250e-01
-2.496328949928283691e-01
-3.311917781829833984e-01
-4.698003530502319336e-01
-5.502415895462036133e-01
-5.667992234230041504e-01
-6.825591921806335449e-01
-6.338441967964172363e-01
-5.974556803703308105e-01
-7.044657468795776367e-01
-5.992599129676818848e-01
-3.472065627574920654e-01
-3.528588414192199707e-01
-5.052628517150878906e-01
-4.520291984081268311e-01
-5.490759611129760742e-01
-5.853368043899536133e-01
-5.073225498199462891e-01
-6.664007306098937988e-01
-7.059985995292663574e-01
-6.342114210128784180e-01
-5.377235412597656250e-01
-6.806750893592834473e-01
-5.786147117614746094e-01
-6.144763827323913574e-01
-6.364468336105346680e-01
-5.586880445480346680e-01
-6.410612463951110840e-01
-5.249021053314208984e-01
-5.931925177574157715e-01
-5.302510261535644531e-01
-4.544721543788909912e-01
-4.164549708366394043e-01
-2.522993683815002441e-01
-3.814236223697662354e-01
-4.043360948562622070e-01
-4.211651980876922607e-01
-4.685549437999725342e-01
-5.537063479423522949e-01
-6.606206893920898438e-01
-6.197614073753356934e-01
-5.004568099975585938e-01
-6.305869817733764648e-01
-6.692108511924743652e-01
-5.372924208641052246e-01
-5.569476485252380371e-01
-3.469351232051849365e-01
-5.598217248916625977e-01
-4.595017135143280029e-01
-5.546963214874267578e-01
-5.572031140327453613e-01
-5.242314934730529785e-01
-5.437909364700317383e-01
-4.959701001644134521e-01
-4.617849886417388916e-01
-4.186903238296508789e-01
-6.653947830200195312e-01
-6.186277866363525391e-01
-5.626797676086425781e-01
-7.330465316772460938e-01
-6.760606765747070312e-01
-5.565005540847778320e-01
-6.647720932960510254e-01
-6.606047153472900391e-01
-5.669269561767578125e-01
-5.041451454162597656e-01
-1.938126385211944580e-01
-3.618162572383880615e-01
-2.307759970426559448e-01
-4.718121886253356934e-01
-5.266744494438171387e-01
-5.577939152717590332e-01
-5.782954096794128418e-01
-5.964976549148559570e-01
-4.589109420776367188e-01
-5.789500474929809570e-01
-5.852409601211547852e-01
-6.092072725296020508e-01
-3.979174196720123291e-01
-5.812811851501464844e-01
-6.590878367424011230e-01
-6.227152943611145020e-01
-4.589109420776367188e-01
-6.545851826667785645e-01
-6.227951049804687500e-01
-7.194906473159790039e-01
-6.187874078750610352e-01
-3.240705430507659912e-01
-5.505608916282653809e-01
-3.824295103549957275e-01
-5.384420156478881836e-01
-5.179405212402343750e-01
-3.156240582466125488e-01
-4.536418616771697998e-01
-4.919624030590057373e-01
-3.428955078125000000e-01
-3.976778984069824219e-01
-3.020521998405456543e-01
-1.598510593175888062e-01
-3.908121287822723389e-01
-2.167251259088516235e-01
-4.772568941116333008e-01
-4.597731530666351318e-01
-4.178281128406524658e-01
-5.647873878479003906e-01
-5.805786848068237305e-01
-4.595496058464050293e-01
-4.286377131938934326e-01
-3.084229826927185059e-01
-4.822225868701934814e-01
-5.113462209701538086e-01
-4.385691285133361816e-01
-5.144597291946411133e-01
-5.791256427764892578e-01
-5.964177846908569336e-01
-5.723397135734558105e-01
-6.396082639694213867e-01
-5.714775323867797852e-01
-6.292936205863952637e-01
-5.603486299514770508e-01
-4.721953868865966797e-01
-5.792374610900878906e-01
-5.038098096847534180e-01
-6.672309637069702148e-01
-4.743509292602539062e-01
-4.338748455047607422e-01
-5.575863122940063477e-01
-4.221870899200439453e-01
-6.456437706947326660e-01
-4.367808103561401367e-01
-2.687931358814239502e-01
-2.243892401456832886e-01
-4.095093607902526855e-01
-3.921054601669311523e-01
-3.999930918216705322e-01
-2.058995813131332397e-01
-3.939256966114044189e-01
-4.808654189109802246e-01
-5.030274391174316406e-01
-4.785502254962921143e-01
-3.891835212707519531e-01
-4.959381520748138428e-01
-5.714935064315795898e-01
-5.024845600128173828e-01
-5.271214842796325684e-01
-5.015584826469421387e-01
-6.272339224815368652e-01
-5.182279348373413086e-01
-6.070517897605895996e-01
-5.378033518791198730e-01
-6.378199458122253418e-01
-5.808022022247314453e-01
-3.793798387050628662e-01
-3.985560834407806396e-01
-4.604118168354034424e-01
-3.586069047451019287e-01
-1.726724803447723389e-01
-1.101780533790588379e-01
-3.349280059337615967e-01
-2.102745026350021362e-01
-2.137872278690338135e-01
-1.665411889553070068e-01
-3.632852137088775635e-01
-2.423200607299804688e-01
-4.332521259784698486e-01
-2.644022405147552490e-01
-3.589901328086853027e-01
-3.835152685642242432e-01
-3.420013487339019775e-01
-4.899026751518249512e-01
-3.835951089859008789e-01
-5.229860544204711914e-01
-3.622473776340484619e-01
-4.602681100368499756e-01
-3.255873918533325195e-01
-4.804662466049194336e-01
-4.431037008762359619e-01
-4.986046254634857178e-01
-4.878269731998443604e-01
-5.215170979499816895e-01
-5.624881386756896973e-01
-6.258767247200012207e-01
-6.604610085487365723e-01
-6.247909665107727051e-01
-5.499382019042968750e-01
-4.065235555171966553e-01
-6.162327527999877930e-01
-5.930328369140625000e-01
-5.683161020278930664e-01
-4.121279418468475342e-01
-4.652817249298095703e-01
-2.886719405651092529e-01
-2.962402403354644775e-01
-1.249793618917465210e-01
-2.753341570496559143e-02
-2.678670585155487061e-01
-3.525554537773132324e-01
-3.883372843265533447e-01
-4.012704491615295410e-01
-3.518209755420684814e-01
-5.653622150421142578e-01
-6.543137431144714355e-01
-6.434882283210754395e-01
-5.908293724060058594e-01
-6.741925477981567383e-01
-7.360962033271789551e-01
-6.850659847259521484e-01
-7.918206453323364258e-01
-7.350742816925048828e-01
-5.898234844207763672e-01
-6.890417337417602539e-01
-6.587046384811401367e-01
-6.538826823234558105e-01
-6.369258165359497070e-01
-6.966100335121154785e-01
-6.349938511848449707e-01
-6.225396394729614258e-01
-6.964184641838073730e-01
-7.179098725318908691e-01
-6.255414485931396484e-01
-7.460275888442993164e-01
-4.421935975551605225e-01
-4.789493978023529053e-01
-3.059161603450775146e-01
-5.096537470817565918e-01
-4.421776235103607178e-01
-4.757240712642669678e-01
-4.266418516635894775e-01
-4.707424044609069824e-01
-4.821268022060394287e-01
-4.853201806545257568e-01
-6.150990724563598633e-01
-5.724355578422546387e-01
-4.887211322784423828e-01
-6.724681258201599121e-01
-5.954757928848266602e-01
-6.567886471748352051e-01
-5.057578086853027344e-01
-6.083450913429260254e-01
-5.056141018867492676e-01
-6.165999770164489746e-01
-6.229388117790222168e-01
-5.487885475158691406e-01
-4.006158113479614258e-01
-5.791416168212890625e-01
-6.329021453857421875e-01
-5.617057681083679199e-01
-4.588949680328369141e-01
-3.104028701782226562e-01
-5.136933326721191406e-01
-3.963366746902465820e-01
-5.242953896522521973e-01
-4.573940932750701904e-01
-5.176371932029724121e-01
-3.467754423618316650e-01
-4.022763669490814209e-01
-2.872349023818969727e-01
-2.959528267383575439e-01
-3.840900659561157227e-01
-2.043028920888900757e-01
-3.751007318496704102e-01
-5.073225498199462891e-01
-6.156738996505737305e-01
-6.126082539558410645e-01
-7.090642452239990234e-01
-8.049613833427429199e-01
-8.358413577079772949e-01
-6.953486800193786621e-01
-7.997721433639526367e-01
-7.135988473892211914e-01
-6.622173786163330078e-01
-7.194107770919799805e-01
-6.936880946159362793e-01
-6.200488209724426270e-01
-5.609393715858459473e-01
-5.866780281066894531e-01
-5.140446424484252930e-01
-6.684125065803527832e-01
-6.260523796081542969e-01
-6.221564412117004395e-01
-6.100695133209228516e-01
-4.714130163192749023e-01
-5.601889491081237793e-01
-5.072906017303466797e-01
-4.330286085605621338e-01
-3.009504675865173340e-01
-4.736004769802093506e-01
-2.909871339797973633e-01
-4.115052223205566406e-01
-5.157051682472229004e-01
-4.198239743709564209e-01
-3.713325262069702148e-01
-5.392084121704101562e-01
-5.319435000419616699e-01
-3.632532954216003418e-01
-4.547276198863983154e-01
-4.368925988674163818e-01
-1.766961365938186646e-01
-4.127187132835388184e-01
-2.780539393424987793e-01
-4.688583016395568848e-01
-4.344815909862518311e-01
-4.696885943412780762e-01
-5.143799185752868652e-01
-4.724668264389038086e-01
-5.842031240463256836e-01
-4.849210083484649658e-01
-3.462964594364166260e-01
-5.251096487045288086e-01
-4.256039857864379883e-01
-4.070025682449340820e-01
-3.875868320465087891e-01
-4.459777474403381348e-01
-4.227938354015350342e-01
-3.452266752719879150e-01
-4.592142999172210693e-01
-3.658878207206726074e-01
-2.829877138137817383e-01
-3.993065357208251953e-01
-1.651999652385711670e-01
1.554790884256362915e-01
2.166482657194137573e-01
3.994267061352729797e-02
-2.234417572617530823e-02
1.241201236844062805e-01
1.765288785099983215e-02
-1.652957648038864136e-01
-2.034406810998916626e-01
-2.593088448047637939e-01
-3.663508594036102295e-01
-3.969753682613372803e-01
-5.431043505668640137e-01
-4.738559424877166748e-01
-6.228430271148681641e-01
-6.010642051696777344e-01
-5.736011266708374023e-01
-4.640363156795501709e-01
-5.342267751693725586e-01
-3.740788400173187256e-01
-5.352486371994018555e-01
-5.494751334190368652e-01
-4.630942642688751221e-01
-3.868044614791870117e-01
-5.127353072166442871e-01
-4.858949780464172363e-01
-4.563562273979187012e-01
-4.000569581985473633e-01
-3.349918723106384277e-01
-4.987483322620391846e-01
-5.115857124328613281e-01
-6.088081002235412598e-01
-5.571552515029907227e-01
-5.130227208137512207e-01
-4.637329280376434326e-01
-3.703585565090179443e-01
-4.294839501380920410e-01
-2.868197858333587646e-01
-1.053400859236717224e-01
-2.359971702098846436e-01
-1.525222510099411011e-01
-2.120627909898757935e-01
-2.045264244079589844e-01
-2.186890542507171631e-01
-1.817097365856170654e-01
-3.408517241477966309e-01
-4.312722384929656982e-01
-3.184182643890380859e-01
-4.951398074626922607e-01
-5.228104591369628906e-01
-5.863107442855834961e-01
-5.911487340927124023e-01
-5.318636894226074219e-01
-4.321504235267639160e-01
-4.177323281764984131e-01
-4.430398344993591309e-01
-3.134365677833557129e-01
-3.618002831935882568e-01
-3.032976090908050537e-01
-6.497577577829360962e-02
-1.734069585800170898e-01
-9.251325391232967377e-03
1.279362142086029053e-01
-5.138795450329780579e-02
-1.158622652292251587e-01
-3.066187202930450439e-01
-4.788376092910766602e-01
-6.850979328155517578e-01
-7.593439817428588867e-01
-7.074515819549560547e-01
-8.125296831130981445e-01
-7.129760980606079102e-01
-9.037485718727111816e-01
-8.344043493270874023e-01
-7.445107102394104004e-01
-8.012570738792419434e-01
-6.511523127555847168e-01
-6.979353427886962891e-01
-5.698808431625366211e-01
-6.527969241142272949e-01
-6.057105660438537598e-01
-6.840760707855224609e-01
-7.846674919128417969e-01
-8.188046813011169434e-01
-6.986857652664184570e-01
-6.231623291969299316e-01
-5.158169269561767578e-01
-5.009038448333740234e-01
-5.031392574310302734e-01
-4.109942913055419922e-01
-5.964497327804565430e-01
-4.674851596355438232e-01
-3.080557286739349365e-01
-4.205265343189239502e-01
-4.849369823932647705e-01
-3.662869930267333984e-01
-4.752929806709289551e-01
-4.425289034843444824e-01
-4.688583016395568848e-01
-4.453231096267700195e-01
-5.210221409797668457e-01
-4.073698222637176514e-01
-5.079612135887145996e-01
-2.661107182502746582e-01
-5.302988886833190918e-01
-5.483415126800537109e-01
-7.059347033500671387e-01
-7.337490320205688477e-01
-6.835012435913085938e-01
-6.527330279350280762e-01
-7.065414786338806152e-01
-8.805167078971862793e-01
-8.344362974166870117e-01
-7.695947289466857910e-01
-8.335102200508117676e-01
-7.461712956428527832e-01
-8.163936734199523926e-01
-7.287673950195312500e-01
-8.457887172698974609e-01
-8.567899465560913086e-01
-8.033008575439453125e-01
-6.710630059242248535e-01
-7.166485190391540527e-01
-7.494924068450927734e-01
-8.940566778182983398e-01
-4.625194668769836426e-01
-3.046867251396179199e-01
-2.380249649286270142e-01
-4.698801934719085693e-01
-3.928718566894531250e-01
-5.713657736778259277e-01
-6.840441226959228516e-01
-5.848897099494934082e-01
-7.406626939773559570e-01
-7.687804102897644043e-01
-7.367348670959472656e-01
-7.582582235336303711e-01
-7.370222806930541992e-01
-7.199376821517944336e-01
-6.513279676437377930e-01
-8.170962333679199219e-01
-8.617237210273742676e-01
-8.638473153114318848e-01
-8.252713084220886230e-01
-8.193795084953308105e-01
-7.680299878120422363e-01
-7.245520949363708496e-01
-8.314025402069091797e-01
-8.953659534454345703e-01
-7.425787448883056641e-01
-7.252706289291381836e-01
-7.831985354423522949e-01
-5.917395353317260742e-01
-7.574120163917541504e-01
-3.982686698436737061e-01
-4.057252109050750732e-01
-3.348641395568847656e-01
-2.926157414913177490e-01
-3.992905616760253906e-01
-3.976300060749053955e-01
-1.678025722503662109e-01
-1.926630288362503052e-01
-4.907489120960235596e-01
-6.361434459686279297e-01
-5.576661825180053711e-01
-7.757579684257507324e-01
-8.184374570846557617e-01
-7.514403462409973145e-01
-7.968342304229736328e-01
-7.977762818336486816e-01
-6.951570510864257812e-01
-7.149560451507568359e-01
-5.950925350189208984e-01
-7.893617153167724609e-01
-6.269944310188293457e-01
-3.151450455188751221e-01
-3.810244500637054443e-01
-3.203023374080657959e-01
-4.538174867630004883e-01
-4.165507853031158447e-01
-3.529227077960968018e-01
-4.383136332035064697e-01
-5.191380381584167480e-01
-4.815519750118255615e-01
-4.243905246257781982e-01
-5.537862181663513184e-01
-4.253804683685302734e-01
-3.727535903453826904e-01
-4.806738197803497314e-01
-5.715892910957336426e-01
-3.690971732139587402e-01
9.124429523944854736e-02
1.667996197938919067e-01
-1.234465390443801880e-01
-3.409315645694732666e-01
-3.676601350307464600e-01
-4.355673491954803467e-01
-4.720037877559661865e-01
-4.136926829814910889e-01
-2.624063789844512939e-01
-3.335868120193481445e-01
-2.800498008728027344e-01
-2.273590862751007080e-01
-2.686334848403930664e-01
-3.497772216796875000e-01
-3.223940134048461914e-01
-4.388724863529205322e-01
-2.758505046367645264e-01
-3.548866212368011475e-01
-3.148576319217681885e-01
-4.728979468345642090e-01
-4.863899648189544678e-01
-3.495696485042572021e-01
-2.111526876688003540e-01
3.437022492289543152e-02
-6.307572126388549805e-02
8.934423327445983887e-02
2.320936694741249084e-02
-6.521528214216232300e-02
-1.341443657875061035e-01
1.952101476490497589e-02
-1.874897480010986328e-01
-1.060745567083358765e-01
6.316395010799169540e-03
-6.290008127689361572e-02
5.725078284740447998e-02
-4.785927012562751770e-02
1.303472071886062622e-01
3.967123106122016907e-02
3.611061722040176392e-02
-1.484027951955795288e-01
3.010492622852325439e-01
1.859119981527328491e-01
1.390970647335052490e-01
-1.970060169696807861e-01
-2.982839941978454590e-01
-4.794283807277679443e-01
-4.822864532470703125e-01
-5.091108679771423340e-01
-6.947259902954101562e-01
-7.062860131263732910e-01
-7.005379199981689453e-01
-6.284633874893188477e-01
-5.256844758987426758e-01
-7.188200354576110840e-01
-5.781836509704589844e-01
-7.386509180068969727e-01
-7.222369313240051270e-01
-4.591344594955444336e-01
-3.785655200481414795e-01
-5.307459831237792969e-01
-4.220114350318908691e-01
-3.838505744934082031e-01
-4.202870130538940430e-01
-4.438861012458801270e-01
-4.580806493759155273e-01
-6.025490760803222656e-01
-4.537217020988464355e-01
-6.332374811172485352e-01
-4.836915433406829834e-01
-5.295804142951965332e-01
-3.417618572711944580e-01
-4.696885943412780762e-01
-4.378346502780914307e-01
-3.882734179496765137e-01
-5.201918482780456543e-01
-5.075780153274536133e-01
-5.293409228324890137e-01
-5.270256996154785156e-01
-4.665750563144683838e-01
