-6.084974670410156250e+01
-3.048054695129394531e+01
-1.132700061798095703e+01
-1.472217798233032227e+00
1.712570428848266602e+00
3.129935503005981445e+00
2.917751550674438477e+00
2.251133680343627930e+00
1.771695852279663086e+00
1.259653568267822266e+00
8.523221611976623535e-01
-2.047020643949508667e-01
-7.479596138000488281e-01
-5.024686455726623535e-01
-2.865962386131286621e-01
3.168405294418334961e-01
-1.609208434820175171e-01
-1.312224268913269043e-01
-2.045104652643203735e-01
1.648356914520263672e-01
-3.856228888034820557e-01
-8.039979636669158936e-02
-3.108499348163604736e-01
-5.651546120643615723e-01
-4.532905817031860352e-01
-3.922491669654846191e-01
7.847078144550323486e-02
1.088717430830001831e-01
-2.227446436882019043e-01
-6.395124793052673340e-01
-1.147850394248962402e+00
-1.101051449775695801e+00
-3.444921970367431641e-01
5.268211364746093750e-01
1.903986930847167969e-01
-1.179006043821573257e-02
-7.578536123037338257e-02
-3.198552727699279785e-01
-5.379630327224731445e-01
-7.534521818161010742e-01
-2.694158554077148438e-01
-5.197767019271850586e-01
-6.904733926057815552e-02
-6.379157900810241699e-01
-2.874903678894042969e-01
-1.016570568084716797e+00
-7.569808959960937500e-01
-3.285412490367889404e-01
-6.496195197105407715e-01
-7.843321561813354492e-01
-3.451148867607116699e-01
-1.375293433666229248e-01
-5.194679647684097290e-02
2.352177500724792480e-01
-2.168368995189666748e-01
1.928256601095199585e-01
-4.425608515739440918e-01
-6.978874206542968750e-01
-9.665144085884094238e-01
-8.939927816390991211e-01
-7.781848907470703125e-01
-4.758996963500976562e-01
-8.046899437904357910e-01
-4.544082581996917725e-01
-4.019570350646972656e-01
1.685879081487655640e-01
9.641756862401962280e-02
-6.681410670280456543e-01
-1.122111797332763672e+00
-6.452445983886718750e-01
-3.268008828163146973e-01
-2.042814902961254120e-02
3.051048517227172852e-01
5.588027834892272949e-01
-1.274292230606079102e+00
-1.737874984741210938e+00
-1.428404688835144043e+00
-3.510226309299468994e-01
3.358570933341979980e-01
6.619169712066650391e-01
5.891239643096923828e-01
8.152790069580078125e-01
8.260620385408401489e-02
-6.526691913604736328e-01
-7.118584513664245605e-01
-6.361114978790283203e-01
3.809592686593532562e-03
4.192256554961204529e-02
-6.264994144439697266e-01
-1.663245677947998047e+00
-1.090162038803100586e+00
1.135819777846336365e-01
-3.527949750423431396e-01
-9.763819575309753418e-01
-1.557635366916656494e-01
-1.135028958320617676e+00
-2.432301789522171021e-01
-9.092411398887634277e-01
-3.520285487174987793e-01
-1.149574875831604004e+00
-1.902557492256164551e+00
-2.017774581909179688e+00
-1.532061696052551270e+00
-1.388200044631958008e+00
-1.290929675102233887e+00
-9.386681318283081055e-01
-8.437609672546386719e-01
-3.222822248935699463e-01
-1.323720365762710571e-01
-5.965880304574966431e-02
9.181910008192062378e-02
-2.666535973548889160e-01
-4.976625740528106689e-01
-2.234950959682464600e-01
-2.285246700048446655e-01
-4.461214542388916016e-01
-4.208937585353851318e-01
-1.198380216956138611e-01
4.073249101638793945e-01
1.466972976922988892e-01
-3.026110231876373291e-01
-4.060924649238586426e-01
-5.521575808525085449e-01
-5.715094804763793945e-01
-9.010766446590423584e-02
-7.864344120025634766e-02
-5.392403602600097656e-01
-7.056632637977600098e-01
-7.813782691955566406e-01
-8.355699181556701660e-01
-6.055828332901000977e-01
-6.500825285911560059e-01
-1.168522089719772339e-01
3.573964238166809082e-01
-1.545340865850448608e-01
-2.967298030853271484e-02
-1.795861423015594482e-01
1.725636720657348633e-01
2.505619525909423828e-01
-2.229681909084320068e-01
-3.150492310523986816e-01
-5.302190780639648438e-01
-9.702666401863098145e-01
-5.222036838531494141e-01
-5.131664276123046875e-01
-4.373556375503540039e-01
-1.597712188959121704e-01
1.825589388608932495e-01
-1.328510493040084839e-01
-5.083966068923473358e-03
-5.700829997658729553e-02
-3.048464059829711914e-01
-3.206801414489746094e-02
-5.764911174774169922e-01
-2.782934606075286865e-01
1.012076362967491150e-01
2.622816562652587891e-01
3.243822976946830750e-02
-3.719712197780609131e-01
-2.784052193164825439e-01
-2.159587144851684570e-01
-3.187854886054992676e-01
-1.596434861421585083e-01
-2.490900158882141113e-01
-3.503360748291015625e-01
2.221941947937011719e-02
-3.880338966846466064e-01
-2.737109661102294922e-01
-1.028971448540687561e-01
2.438239157199859619e-01
4.411906898021697998e-01
4.005389809608459473e-01
5.885331630706787109e-01
-4.774750396609306335e-02
-1.577753573656082153e-01
-6.032941490411758423e-02
2.003939598798751831e-01
2.336529940366744995e-01
1.484271511435508728e-02
1.432484537363052368e-01
1.452922224998474121e-01
5.273480415344238281e-01
4.297104775905609131e-01
3.378210067749023438e-01
2.064773440361022949e-01
4.305407702922821045e-01
7.382227778434753418e-01
1.111071109771728516e-01
-7.508282363414764404e-02
-3.631415069103240967e-01
-6.968601047992706299e-02
-1.702455133199691772e-01
-1.827635467052459717e-01
-4.136607646942138672e-01
-1.999439299106597900e-01
5.410530418157577515e-02
-4.370787739753723145e-02
1.261159926652908325e-01
1.012874692678451538e-01
1.552929170429706573e-02
2.513283491134643555e-01
6.431080102920532227e-01
1.284790933132171631e-01
-2.363005429506301880e-01
-2.230959236621856689e-01
1.253336071968078613e-01
1.078817993402481079e-01
-2.413780093193054199e-01
-2.488664835691452026e-01
-1.219456493854522705e-01
1.739847213029861450e-01
1.889137625694274902e-01
-2.168953418731689453e-02
2.208315879106521606e-01
-1.365872919559478760e-01
1.828463524580001831e-01
-2.203176766633987427e-01
-7.470813989639282227e-01
-9.270123243331909180e-01
-4.527956247329711914e-01
-1.528735309839248657e-01
-2.184176146984100342e-01
-3.283337056636810303e-01
-4.322941303253173828e-01
-1.209237724542617798e-01
-5.382184982299804688e-01
-9.013056159019470215e-01
-8.164895176887512207e-01
-2.235110551118850708e-01
1.636062413454055786e-01
4.426596462726593018e-01
4.911830127239227295e-01
2.072277963161468506e-01
-3.687937855720520020e-01
-3.777991235256195068e-01
-1.099385470151901245e-01
6.539389491081237793e-02
2.030604332685470581e-01
2.379959970712661743e-01
3.195548951625823975e-01
2.492526471614837646e-01
2.093354165554046631e-01
-5.743940547108650208e-02
-1.307753473520278931e-01
-2.592290043830871582e-01
-6.321942061185836792e-02
-3.029568865895271301e-02
-4.215909168124198914e-02
1.950131207704544067e-01
1.681089103221893311e-01
4.153935983777046204e-02
-9.556834399700164795e-02
-2.597239613533020020e-01
-6.963811069726943970e-02
-1.171396151185035706e-01
-2.745731770992279053e-01
2.006388828158378601e-02
7.995570451021194458e-02
1.827186197042465210e-01
-1.266558766365051270e-01
1.796849071979522705e-01
3.111084103584289551e-01
1.285110265016555786e-01
8.295747637748718262e-02
2.213105857372283936e-01
1.367339640855789185e-01
2.190008200705051422e-02
6.049206107854843140e-02
1.124483272433280945e-01
-2.693200707435607910e-01
-3.891515731811523438e-01
-4.064117968082427979e-01
-2.866281569004058838e-01
1.264991909265518188e-01
-2.946541085839271545e-02
-9.952813386917114258e-02
5.744238570332527161e-02
-1.830030530691146851e-01
-3.267370164394378662e-01
-1.947546899318695068e-01
-1.058190912008285522e-01
-5.930753052234649658e-02
3.189641237258911133e-01
5.477696657180786133e-01
1.083502545952796936e-02
-1.128604859113693237e-01
3.676311969757080078e-01
3.518239855766296387e-01
2.454046308994293213e-01
4.057601392269134521e-01
5.092415809631347656e-01
6.822003424167633057e-02
-3.693366646766662598e-01
-6.456277966499328613e-01
-9.267568588256835938e-01
-6.091594099998474121e-01
-1.403714567422866821e-01
-9.564817696809768677e-02
-1.101940199732780457e-01
-1.079426854848861694e-01
7.567657530307769775e-02
4.040570929646492004e-02
-7.848376780748367310e-02
-1.791390627622604370e-01
-2.820402570068836212e-02
-3.760852664709091187e-02
-1.513407081365585327e-01
-2.339853346347808838e-01
-3.567653149366378784e-02
1.609717011451721191e-01
1.546168774366378784e-01
2.138540595769882202e-01
2.205761075019836426e-01
7.990780472755432129e-02
2.416524142026901245e-01
4.504834115505218506e-01
3.209440112113952637e-01
4.883089661598205566e-01
4.709583893418312073e-02
-5.475696921348571777e-02
-4.047033488750457764e-01
-7.505142688751220703e-01
-5.003929138183593750e-01
-4.198878407478332520e-01
-1.658386439085006714e-01
-7.776525616645812988e-02
-5.855708941817283630e-02
-4.676607847213745117e-01
-2.959688007831573486e-01
-8.787230402231216431e-02
-1.406907886266708374e-01
3.063662350177764893e-01
1.444938778877258301e-01
2.248233109712600708e-01
3.062385022640228271e-01
3.866956830024719238e-01
1.250621676445007324e-01
1.698971986770629883e-01
2.909581959247589111e-01
-6.107985600829124451e-02
-1.423992514610290527e-01
-2.186251878738403320e-01
2.429137974977493286e-01
-4.881728440523147583e-02
6.540986150503158569e-02
-3.217393755912780762e-01
-3.214359879493713379e-01
-5.793811678886413574e-01
-5.605082511901855469e-01
-4.473988115787506104e-01
-4.398943781852722168e-01
-2.780060470104217529e-01
-1.273264884948730469e-01
1.849060803651809692e-01
-1.698942333459854126e-01
2.440688386559486389e-02
-2.945317924022674561e-01
-2.582869529724121094e-01
-2.504258230328559875e-02
-6.997341662645339966e-02
-2.544229626655578613e-01
-1.465027332305908203e-01
-1.309030801057815552e-01
-8.742523193359375000e-02
9.424606710672378540e-02
5.118878092616796494e-03
8.344190195202827454e-03
-1.547735929489135742e-01
-5.328376293182373047e-01
-7.465171813964843750e-02
-1.801928877830505371e-01
-7.457187771797180176e-02
5.375987887382507324e-01
1.692904531955718994e-01
-1.378486901521682739e-01
-2.683939635753631592e-01
-5.109151005744934082e-01
-8.693398833274841309e-01
-5.771457552909851074e-01
-6.622014045715332031e-01
-1.753814145922660828e-02
-7.888294011354446411e-02
-4.441734850406646729e-01
-2.964637875556945801e-01
-4.866134822368621826e-01
-2.049735039472579956e-01
-1.184329316020011902e-01
-2.872987687587738037e-01
-5.724780261516571045e-02
-9.299225173890590668e-03
-3.958842158317565918e-02
-1.376995537430047989e-02
-2.330592572689056396e-01
-1.545819789171218872e-01
-6.315555423498153687e-02
4.182676225900650024e-02
-4.476169496774673462e-02
1.621692180633544922e-01
3.252870142459869385e-01
5.984166860580444336e-01
4.311794340610504150e-01
2.517115473747253418e-01
1.958433985710144043e-01
4.054248332977294922e-01
-1.541508734226226807e-01
-4.473509192466735840e-01
-4.886093437671661377e-01
-3.750528097152709961e-01
-2.638434171676635742e-01
6.394091248512268066e-02
6.329210996627807617e-01
2.725962698459625244e-01
5.553858876228332520e-01
5.155644416809082031e-01
3.653319776058197021e-01
-2.946754693984985352e-01
-2.801615893840789795e-01
1.749427318572998047e-01
1.568841785192489624e-01
-2.125098705291748047e-01
-7.993675768375396729e-02
-3.534496128559112549e-01
-5.374041795730590820e-01
-3.956980109214782715e-01
-1.300354488193988800e-02
4.179109632968902588e-01
5.794479846954345703e-01
7.599058151245117188e-01
3.894260227680206299e-01
1.612271815538406372e-01
1.604023203253746033e-02
-1.537038087844848633e-01
1.280000805854797363e-01
2.215555123984813690e-02
-2.018439918756484985e-01
-5.213839933276176453e-02
2.329025566577911377e-01
4.043550491333007812e-01
3.752314448356628418e-01
3.383798599243164062e-01
4.747530817985534668e-01
3.849712610244750977e-01
5.273215100169181824e-02
9.783861786127090454e-02
1.482939869165420532e-01
3.255265057086944580e-01
1.598220914602279663e-01
1.819362342357635498e-01
-1.011248230934143066e-01
2.056630402803421021e-01
-6.616787519305944443e-03
4.554491043090820312e-01
3.298216164112091064e-01
5.922534465789794922e-01
3.366234898567199707e-01
2.480072379112243652e-01
3.148606419563293457e-01
4.390511214733123779e-01
1.269462704658508301e-01
2.283839285373687744e-01
3.496844172477722168e-01
3.816022276878356934e-01
6.804440170526504517e-02
2.783283889293670654e-01
2.975525259971618652e-01
3.336431086063385010e-02
3.855939507484436035e-01
3.963237106800079346e-01
7.724133133888244629e-02
1.439564209431409836e-02
-2.507345974445343018e-01
-2.014927119016647339e-01
-3.635886013507843018e-01
-5.788647755980491638e-02
1.011278033256530762e-01
-1.388172339648008347e-02
-1.279332339763641357e-01
1.644205600023269653e-01
6.188659928739070892e-03
-4.902220070362091064e-01
-1.055636182427406311e-01
-4.297873377799987793e-01
-4.073803499341011047e-02
2.039919421076774597e-02
-8.996396511793136597e-02
-1.391739398241043091e-01
-1.994914188981056213e-02
-2.524749934673309326e-01
2.723302319645881653e-02
4.737631380558013916e-01
5.279601737856864929e-02
1.506625209003686905e-02
-2.028498947620391846e-01
1.253974735736846924e-01
-1.104335188865661621e-01
-2.262094616889953613e-01
-2.314252033829689026e-02
-2.207487821578979492e-01
2.215555123984813690e-02
2.195382714271545410e-01
2.969617545604705811e-01
8.530566692352294922e-01
3.795424997806549072e-01
2.809629142284393311e-01
9.373512864112854004e-02
-1.513886004686355591e-01
-4.153637960553169250e-02
-2.180130220949649811e-02
-1.082300916314125061e-01
-2.947393357753753662e-01
-3.796193599700927734e-01
-1.078309193253517151e-01
-1.225683614611625671e-01
1.167753562331199646e-01
-3.965228796005249023e-02
-5.517210811376571655e-02
2.870197780430316925e-02
-3.550089523196220398e-02
1.166530419141054153e-02
2.353614568710327148e-01
1.365902572870254517e-01
2.004258930683135986e-01
1.998031884431838989e-01
1.848316751420497894e-02
-8.552516996860504150e-02
4.307218268513679504e-02
1.476233899593353271e-01
7.783210277557373047e-02
1.145080551505088806e-01
2.392893135547637939e-01
2.575713992118835449e-01
-2.729391306638717651e-02
-1.433412879705429077e-01
2.686843872070312500e-01
1.355364471673965454e-01
2.632077336311340332e-01
1.315926164388656616e-01
2.310024946928024292e-01
2.419931441545486450e-02
-4.899292066693305969e-02
-1.609847098588943481e-01
-3.280249238014221191e-02
1.235932186245918274e-01
-5.459729954600334167e-02
-1.629272475838661194e-02
6.539931520819664001e-03
-1.809912323951721191e-01
-3.136760890483856201e-01
-3.446997702121734619e-01
1.468304637819528580e-02
4.013427346944808960e-02
3.609889745712280273e-01
3.627133965492248535e-01
1.530680954456329346e-01
2.421633452177047729e-01
3.808198571205139160e-01
4.170806705951690674e-01
3.004425168037414551e-01
1.597582250833511353e-01
4.421327412128448486e-01
3.388269245624542236e-01
4.632249772548675537e-01
4.030457735061645508e-01
7.029359340667724609e-01
4.877661168575286865e-01
5.671215653419494629e-01
2.718298435211181641e-01
7.237143069505691528e-02
9.264937788248062134e-02
9.983447939157485962e-02
2.738097608089447021e-01
2.138700187206268311e-01
3.358890116214752197e-01
5.060162544250488281e-01
1.569320857524871826e-01
1.572354584932327271e-01
5.235159993171691895e-01
5.026631951332092285e-01
3.959564864635467529e-01
4.102787673473358154e-01
3.370067179203033447e-01
3.773550391197204590e-01
2.596949934959411621e-01
3.250634670257568359e-01
3.729162514209747314e-01
2.731870412826538086e-01
1.191224902868270874e-01
2.107884138822555542e-01
2.755980491638183594e-01
7.553287595510482788e-02
-1.227599605917930603e-01
-2.608097195625305176e-01
-8.608400821685791016e-02
-1.290349513292312622e-01
-2.082190476357936859e-03
1.476288121193647385e-02
1.362709254026412964e-01
7.194573991000652313e-03
4.401049315929412842e-01
5.076768398284912109e-01
2.245199382305145264e-01
1.899835467338562012e-01
8.843412250280380249e-02
3.467359393835067749e-02
1.899675875902175903e-01
2.225879430770874023e-01
2.192508578300476074e-01
-7.702536415308713913e-03
-2.578398883342742920e-01
-4.885774254798889160e-01
-3.481166660785675049e-01
-1.780852526426315308e-01
-1.626452654600143433e-01
-3.329746425151824951e-02
4.053130745887756348e-01
1.163602173328399658e-01
1.563412994146347046e-01
5.475994572043418884e-02
-9.667006134986877441e-02
1.586459577083587646e-02
-7.846238091588020325e-03
7.146131247282028198e-02
-7.477945089340209961e-02
1.823354065418243408e-01
-1.081608049571514130e-02
-1.560349762439727783e-01
-2.210681289434432983e-01
-1.049249395728111267e-01
5.808106064796447754e-02
1.999468952417373657e-01
5.466414615511894226e-02
1.664164215326309204e-01
7.909349352121353149e-02
-1.163093373179435730e-01
-5.905206128954887390e-02
-3.250764310359954834e-01
-9.483386576175689697e-02
2.531326115131378174e-01
-8.782440423965454102e-02
-8.804252371191978455e-03
-1.074317470192909241e-01
7.484629750251770020e-02
1.672786325216293335e-01
2.389699667692184448e-01
5.282102227210998535e-01
6.471635699272155762e-01
4.249683320522308350e-01
2.070042490959167480e-01
3.168884217739105225e-01
3.179422318935394287e-01
1.317842304706573486e-01
4.010234028100967407e-02
-3.037925660610198975e-01
-1.334258466958999634e-01
1.158173456788063049e-01
3.476406633853912354e-01
1.443821042776107788e-01
1.073389202356338501e-01
4.930351674556732178e-01
1.074666604399681091e-01
-6.334715336561203003e-02
3.122474625706672668e-02
-6.802545487880706787e-02
6.609643995761871338e-02
-2.534595318138599396e-02
5.643646791577339172e-02
1.665281802415847778e-01
-8.962865918874740601e-02
-1.698984997346997261e-03
8.672566711902618408e-02
-1.164690032601356506e-01
-1.030887514352798462e-01
-6.510351598262786865e-02
7.815144211053848267e-02
2.376127839088439941e-01
-1.320047974586486816e-01
-2.741899490356445312e-01
-2.596760690212249756e-01
7.179661840200424194e-02
-9.069844335317611694e-02
-1.579509973526000977e-01
-3.339700102806091309e-01
-2.332987636327743530e-01
-4.183550179004669189e-01
-3.988913893699645996e-01
-9.985801763832569122e-03
-1.820929348468780518e-01
-6.029747799038887024e-02
-1.892620772123336792e-01
-2.036961466073989868e-01
-4.889711737632751465e-02
1.819681674242019653e-01
3.090965747833251953e-01
3.127849400043487549e-01
5.444060638546943665e-02
-3.783898949623107910e-01
-5.428329110145568848e-01
-5.728507041931152344e-01
-3.591817319393157959e-01
-4.442054331302642822e-01
-2.560356259346008301e-01
7.436729222536087036e-02
1.890734285116195679e-01
3.002722933888435364e-02
7.660265266895294189e-02
2.482202276587486267e-02
-1.292265504598617554e-01
-2.400846928358078003e-01
-1.323081701993942261e-01
-2.389670163393020630e-01
-1.148084476590156555e-01
1.280479878187179565e-01
-5.515614151954650879e-02
-1.632041037082672119e-01
-3.527735918760299683e-02
-3.320699334144592285e-01
-9.997520595788955688e-02
-1.316375583410263062e-01
-1.743809282779693604e-01
-3.795075714588165283e-01
-2.921367585659027100e-01
-1.744288355112075806e-01
1.006008908152580261e-01
3.350801393389701843e-02
-1.650402992963790894e-01
-1.751952469348907471e-01
-2.905400693416595459e-01
-2.234791219234466553e-01
-3.853355050086975098e-01
7.872625440359115601e-02
-1.624536663293838501e-01
-1.291626840829849243e-01
-2.044465839862823486e-01
1.369309891015291214e-02
-8.490245789289474487e-02
5.809702724218368530e-02
-1.344317644834518433e-01
-2.408191710710525513e-01
-2.981722354888916016e-01
-9.603138267993927002e-02
-1.686168909072875977e-01
-3.772881925106048584e-01
-1.781331449747085571e-01
-2.442839890718460083e-01
-2.901089489459991455e-01
-2.355979979038238525e-01
-3.959694504737854004e-01
-3.229368925094604492e-01
-3.568505644798278809e-01
-2.426074594259262085e-01
-2.218450792133808136e-02
-5.905206128954887390e-02
-1.254583597183227539e-01
-2.655838131904602051e-01
-1.922638565301895142e-01
-3.831959366798400879e-01
-3.354070186614990234e-01
-2.494891881942749023e-01
-4.316714107990264893e-01
-5.371007919311523438e-01
5.744238570332527161e-02
-1.042064353823661804e-01
-4.892905056476593018e-02
-2.663502097129821777e-01
-3.725460171699523926e-01
-6.275638192892074585e-02
-7.966531813144683838e-02
-1.343678981065750122e-01
-4.327731430530548096e-01
-3.434543311595916748e-01
-3.090137541294097900e-01
-2.793632447719573975e-01
-3.498091697692871094e-01
-1.383436620235443115e-01
2.569167613983154297e-01
1.478628814220428467e-01
3.218817757442593575e-03
9.718398004770278931e-02
-3.498995676636695862e-02
-3.240385949611663818e-01
-1.411580946296453476e-03
-2.472219020128250122e-01
-5.653357366099953651e-04
4.441339895129203796e-02
-3.422354534268379211e-02
2.890262007713317871e-01
1.690669208765029907e-01
1.382508128881454468e-01
1.235133856534957886e-01
7.751277089118957520e-02
8.677356690168380737e-02
1.360314190387725830e-01
1.912768632173538208e-01
-1.331544220447540283e-01
1.795571744441986084e-01
1.845665043219923973e-03
8.716845186427235603e-04
1.781797502189874649e-03
3.111297823488712311e-02
1.705837696790695190e-01
-1.399563103914260864e-01
-1.019551008939743042e-01
-1.576635986566543579e-01
-2.762656509876251221e-01
-2.256825566291809082e-01
1.189149171113967896e-01
3.103739321231842041e-01
-2.015565782785415649e-01
-2.483715116977691650e-01
-3.916583955287933350e-01
-2.067458182573318481e-01
-4.057731330394744873e-01
-3.026110231876373291e-01
-3.108180165290832520e-01
-1.991136521100997925e-01
1.636701077222824097e-01
-5.978112109005451202e-03
-1.173312216997146606e-01
-8.924545347690582275e-02
1.240083575248718262e-01
3.612284958362579346e-01
1.425778418779373169e-01
1.551332511007785797e-02
-7.843586802482604980e-02
-7.016501575708389282e-02
-1.773348003625869751e-01
5.789487622678279877e-03
-2.247245460748672485e-01
-1.621662527322769165e-01
-2.883525788784027100e-01
-2.112963944673538208e-01
-1.545500457286834717e-01
-2.908220514655113220e-02
-7.458784431219100952e-02
-2.558545581996440887e-02
5.764995515346527100e-02
2.143809646368026733e-01
5.833652988076210022e-02
-1.749397665262222290e-01
-2.949149906635284424e-01
-1.557954698801040649e-01
-1.399563103914260864e-01
-1.495843529701232910e-01
-1.249314621090888977e-01
-4.149061739444732666e-01
-1.971018165349960327e-01
-1.785482913255691528e-01
-2.545772120356559753e-02
-6.409759819507598877e-02
-4.136074706912040710e-02
-1.727203726768493652e-01
-1.369545310735702515e-01
6.445185095071792603e-02
2.619517594575881958e-02
-2.590054571628570557e-01
-6.250090897083282471e-02
5.840039625763893127e-02
-1.216901764273643494e-01
5.456834286451339722e-02
-2.050213962793350220e-01
-1.132277250289916992e-01
-1.550929248332977295e-01
-2.985714077949523926e-01
-3.831639885902404785e-01
-5.038204044103622437e-02
-7.984095811843872070e-02
1.918676346540451050e-01
8.637439459562301636e-02
2.198735773563385010e-01
1.635583490133285522e-01
1.734951697289943695e-02
-4.602307826280593872e-02
2.225240767002105713e-01
1.633028686046600342e-01
2.710634469985961914e-01
1.776092052459716797e-01
-1.178581267595291138e-01
-8.985219895839691162e-02
-7.982499152421951294e-02
-8.772318251430988312e-03
2.427381575107574463e-01
6.773729324340820312e-01
4.306046366691589355e-01
1.287664920091629028e-01
1.656819432973861694e-01
8.701306581497192383e-02
1.040391903370618820e-02
5.367419868707656860e-02
3.939127027988433838e-01
2.247275114059448242e-01
2.762367129325866699e-01
6.020465493202209473e-02
3.539635539054870605e-01
1.452762484550476074e-01
1.100053936243057251e-01
2.827831506729125977e-01
3.989422917366027832e-01
3.665933609008789062e-01
1.190107241272926331e-01
4.214875400066375732e-01
2.227795422077178955e-01
8.814671635627746582e-02
1.969770491123199463e-01
3.655768930912017822e-02
1.300917416810989380e-01
-9.107623249292373657e-03
1.542975455522537231e-01
1.906541585922241211e-01
2.835974395275115967e-01
2.740652263164520264e-01
3.075318336486816406e-01
1.934537850320339203e-02
-3.186044469475746155e-02
9.718398004770278931e-02
3.571090400218963623e-01
1.981905251741409302e-01
1.273773759603500366e-01
2.697062492370605469e-01
-1.580627709627151489e-01
1.519983112812042236e-01
1.648037582635879517e-01
4.712777212262153625e-02
-4.549616947770118713e-02
2.421528100967407227e-02
2.076908349990844727e-01
3.620268404483795166e-01
4.610215723514556885e-01
3.898465633392333984e-02
-4.287759959697723389e-02
1.581669598817825317e-02
6.348328664898872375e-03
2.268351316452026367e-01
-2.348954528570175171e-01
-4.854319393634796143e-01
-2.968629598617553711e-01
-1.849669814109802246e-01
-1.168362423777580261e-01
-1.153672933578491211e-01
-1.180018261075019836e-01
-2.350231856107711792e-01
-4.540410339832305908e-01
-3.463124036788940430e-01
-4.843941032886505127e-01
-4.276956617832183838e-01
-2.002951949834823608e-01
7.441519200801849365e-02
-8.688235282897949219e-02
-4.133254587650299072e-01
-1.010449901223182678e-01
-2.208924889564514160e-01
-1.325476765632629395e-01
-1.053560525178909302e-01
1.037198584526777267e-02
-4.324483871459960938e-02
-1.448102444410324097e-01
-1.625015586614608765e-01
1.838203221559524536e-01
7.583624124526977539e-02
3.347873091697692871e-01
2.450054585933685303e-01
7.473453134298324585e-02
2.767636179924011230e-01
1.362389922142028809e-01
2.390019148588180542e-01
2.352496832609176636e-01
2.920918464660644531e-01
3.087452948093414307e-01
1.909734904766082764e-01
6.330223381519317627e-02
-2.254111170768737793e-01
1.089889276772737503e-02
-3.550303280353546143e-01
-2.945158183574676514e-01
-2.350870519876480103e-01
-1.876494139432907104e-01
-1.817097365856170654e-01
-1.017155945301055908e-01
4.514787718653678894e-02
1.972858421504497528e-02
9.807812422513961792e-02
-6.957424432039260864e-02
1.372503302991390228e-02
9.286236949265003204e-03
-2.857340276241302490e-01
2.107245475053787231e-01
3.062065839767456055e-01
1.973283141851425171e-01
1.550000905990600586e-01
-5.014253780245780945e-02
-1.534483432769775391e-01
-7.645597308874130249e-02
-7.869134098291397095e-02
1.246364880353212357e-02
-2.492816299200057983e-01
-2.241976410150527954e-01
-2.668717131018638611e-02
4.158725962042808533e-02
-2.477114461362361908e-02
-1.213548779487609863e-01
-1.963992714881896973e-01
-2.021633237600326538e-01
-1.152555197477340698e-01
-1.746523678302764893e-01
-2.251716107130050659e-01
-1.642898619174957275e-01
-8.364107459783554077e-02
-2.535447776317596436e-01
3.093734197318553925e-02
1.906701177358627319e-01
6.044416129589080811e-02
1.299161016941070557e-01
6.667666602879762650e-03
5.560619011521339417e-02
1.474691368639469147e-02
-4.361207783222198486e-02
7.974813133478164673e-02
1.535630673170089722e-01
2.747358381748199463e-01
1.327103078365325928e-01
3.916454017162322998e-01
5.518050398677587509e-03
3.872918710112571716e-02
3.200712427496910095e-02
-1.127806529402732849e-01
3.917625918984413147e-02
-1.763448566198348999e-01
1.691467612981796265e-01
-8.004852384328842163e-02
-3.696985170245170593e-02
-3.665051236748695374e-02
-6.253284215927124023e-02
-3.443325161933898926e-01
3.208695724606513977e-02
1.680450439453125000e-01
2.078984081745147705e-01
-6.973391026258468628e-02
3.377944976091384888e-02
3.041149079799652100e-01
4.722462892532348633e-01
2.626009881496429443e-01
2.162810266017913818e-01
3.288795650005340576e-01
3.772911727428436279e-01
4.486472308635711670e-01
4.240262806415557861e-01
7.227562367916107178e-02
-2.069374322891235352e-01
-1.449699103832244873e-01
-2.135956138372421265e-01
9.448557347059249878e-02
-5.825371667742729187e-02
-3.260504305362701416e-01
-5.245773494243621826e-02
2.630161345005035400e-01
-1.265760511159896851e-01
-8.855887502431869507e-02
-1.701496988534927368e-01
-1.270550489425659180e-01
-1.342082321643829346e-01
-1.167244762182235718e-01
-6.060085073113441467e-02
-1.083897575736045837e-01
9.274518489837646484e-02
2.053916007280349731e-01
-5.852515622973442078e-02
-1.464867740869522095e-01
-3.543756902217864990e-01
-4.202391207218170166e-01
-3.373549878597259521e-01
-1.728481054306030273e-01
-2.394619882106781006e-01
-1.439266465604305267e-02
2.321680784225463867e-01
-3.013602085411548615e-02
-1.151597201824188232e-01
-2.463596761226654053e-01
-4.214312136173248291e-02
-2.344803214073181152e-01
1.750704646110534668e-01
2.256376147270202637e-01
-1.206203997135162354e-01
-7.533828914165496826e-02
1.415399909019470215e-01
-1.463430672883987427e-01
-4.487400352954864502e-01
-3.149374723434448242e-01
-4.399262964725494385e-01
-1.384234875440597534e-01
1.399646978825330734e-02
-4.793910309672355652e-02
5.115142837166786194e-02
4.905976727604866028e-02
-5.710409954190254211e-02
-2.281254976987838745e-01
-1.978842020034790039e-01
-3.231444656848907471e-01
-3.039362728595733643e-01
-1.096032410860061646e-01
-2.891668975353240967e-01
1.146357953548431396e-01
1.247428357601165771e-01
1.114903166890144348e-01
6.545776128768920898e-02
-2.237611077725887299e-02
9.023837745189666748e-02
-1.353099495172500610e-01
-1.404991894960403442e-01
-2.019397914409637451e-01
-3.459292054176330566e-01
-6.189311146736145020e-01
-4.292923510074615479e-01
-1.787398904561996460e-01
9.199474006891250610e-02
-4.672561958432197571e-02
-3.363810181617736816e-01
-3.984123766422271729e-01
-5.185472965240478516e-01
-1.459279358386993408e-01
-2.154477834701538086e-01
-8.814373612403869629e-02
-2.866706624627113342e-02
1.473679095506668091e-01
1.668634861707687378e-01
6.200891360640525818e-02
7.492613047361373901e-02
2.825490571558475494e-02
3.936786204576492310e-02
-2.868357300758361816e-01
-8.798407018184661865e-02
-8.468947373330593109e-03
-3.200628459453582764e-01
-8.977236598730087280e-02
1.805311441421508789e-01
-2.805607616901397705e-01
-5.925378799438476562e-01
-4.174768626689910889e-01
-2.541196048259735107e-01
7.130164653062820435e-02
1.866783946752548218e-01
2.756938338279724121e-01
-8.380074799060821533e-02
-4.886518418788909912e-02
-4.833827540278434753e-02
-8.121410757303237915e-02
1.366116572171449661e-02
6.284461356699466705e-03
7.336137443780899048e-02
-2.473920956254005432e-02
-2.646363526582717896e-02
1.150349676609039307e-01
-2.298818528652191162e-01
-3.308245241641998291e-01
-2.653283476829528809e-01
-2.236014418303966522e-02
-1.879527866840362549e-01
-1.135630309581756592e-01
-6.456063687801361084e-02
1.761083155870437622e-01
2.634472250938415527e-01
1.396559029817581177e-01
2.333017289638519287e-01
-8.472682535648345947e-02
1.169030889868736267e-01
4.329677224159240723e-01
1.124642938375473022e-01
-5.673686414957046509e-02
1.276967078447341919e-01
1.441585719585418701e-01
1.253176480531692505e-01
3.077394068241119385e-01
3.086814284324645996e-01
3.273307681083679199e-01
-9.526497125625610352e-02
-2.330911904573440552e-01
-7.509879022836685181e-02
2.899522781372070312e-01
5.197477936744689941e-01
1.941189765930175781e-01
1.539303064346313477e-01
-1.069208011031150818e-01
-3.346725404262542725e-01
1.901432126760482788e-01
3.146051466464996338e-01
1.338972803205251694e-02
-3.767133653163909912e-01
-3.365566432476043701e-01
-2.542578615248203278e-02
-1.504625231027603149e-01
-3.845477104187011719e-02
-2.044306248426437378e-01
-4.856181517243385315e-02
3.780310600996017456e-02
-1.898847818374633789e-01
-1.273903548717498779e-01
-1.911621391773223877e-01
-9.007573127746582031e-02
8.247847110033035278e-02
-7.583326846361160278e-02
-1.959787122905254364e-02
-1.301366686820983887e-01
1.135660111904144287e-01
3.996927142143249512e-01
3.932101726531982422e-01
2.768274843692779541e-01
3.816341757774353027e-01
1.118575558066368103e-01
2.051520943641662598e-01
2.930871956050395966e-02
1.876683533191680908e-01
8.000360429286956787e-02
-1.463111340999603271e-01
5.589359626173973083e-02
9.871680289506912231e-02
1.889297366142272949e-01
-9.124131500720977783e-02
-4.029948711395263672e-01
-3.026110231876373291e-01
-3.046228587627410889e-01
-1.089591439813375473e-02
-9.829868376255035400e-02
2.343290299177169800e-02
2.506152726709842682e-02
-4.704495891928672791e-02
2.000107616186141968e-01
1.222200691699981689e-01
1.284685358405113220e-02
2.058227062225341797e-01
3.242332041263580322e-01
3.490776717662811279e-01
1.442383974790573120e-01
1.394163966178894043e-01
7.178065180778503418e-02
2.843638658523559570e-01
8.872152864933013916e-02
1.323590278625488281e-01
-1.400840431451797485e-01
3.014644086360931396e-01
9.921177476644515991e-02
-3.355293348431587219e-02
1.569320857524871826e-01
-2.592075988650321960e-02
2.921397387981414795e-01
-5.557128041982650757e-02
2.931775748729705811e-01
-4.769960045814514160e-02
1.626641899347305298e-01
3.627028316259384155e-02
1.549362242221832275e-01
5.426497384905815125e-02
1.116978824138641357e-01
2.167440652847290039e-01
-2.816667547449469566e-03
-5.601835250854492188e-02
6.454765051603317261e-02
3.175590336322784424e-01
4.173096269369125366e-02
7.756067067384719849e-02
-9.721293300390243530e-02
4.815507214516401291e-03
1.540101468563079834e-01
1.449409425258636475e-01
-5.403304006904363632e-03
3.608931899070739746e-01
5.698040127754211426e-01
8.579265475273132324e-01
7.923026680946350098e-01
2.352496832609176636e-01
2.894148044288158417e-02
4.626821279525756836e-01
8.330874890089035034e-02
7.769382093101739883e-03
-6.017028689384460449e-01
-7.534202933311462402e-01
-7.134551405906677246e-01
-1.706127524375915527e-01
1.304749548435211182e-01
-1.701976060867309570e-01
-1.681857854127883911e-01
-4.588949680328369141e-01
-4.997063577175140381e-01
-4.269452095031738281e-01
-3.046547770500183105e-01
-3.272958397865295410e-01
-5.185791850090026855e-01
-3.553975820541381836e-01
-5.311237648129463196e-02
8.140868693590164185e-02
-1.541828066110610962e-01
-2.893904447555541992e-01
-3.282698094844818115e-01
3.012249171733856201e-01
3.649923717603087425e-03
3.382734954357147217e-02
-3.997855484485626221e-01
-3.608742058277130127e-01
-6.351374983787536621e-01
-1.844241023063659668e-01
-2.950267493724822998e-01
-2.710125446319580078e-01
-4.515501856803894043e-01
-2.060911804437637329e-01
4.187572002410888672e-01
8.388356119394302368e-02
-2.269599139690399170e-01
-1.753868460655212402e-01
-3.276151716709136963e-01
3.108104504644870758e-02
-1.522508263587951660e-01
-2.922590635716915131e-02
-3.417564556002616882e-02
3.343562185764312744e-01
1.424341499805450439e-01
1.871095150709152222e-01
-2.425435930490493774e-01
-2.581751942634582520e-01
-4.466962516307830811e-01
-3.102112710475921631e-01
-1.351502835750579834e-01
2.648363411426544189e-01
5.363852977752685547e-01
-8.665882050991058350e-02
-6.753048300743103027e-02
-2.485790848731994629e-01
3.321687281131744385e-01
2.649002373218536377e-01
4.710487723350524902e-01
3.875259459018707275e-01
1.858321577310562134e-01
-2.485471516847610474e-01
-3.331716656684875488e-01
-3.076406121253967285e-01
-4.290209114551544189e-01
-5.329493880271911621e-01
-4.338269531726837158e-01
-1.440598070621490479e-01
-1.441875398159027100e-01
-3.509587645530700684e-01
-5.460262894630432129e-01
-4.957625269889831543e-01
-6.750547289848327637e-01
-1.083258911967277527e-01
-1.487381011247634888e-01
-4.281906485557556152e-01
-5.568678379058837891e-01
-6.080417037010192871e-01
-3.949156403541564941e-01
-3.807689547538757324e-01
-3.646946046501398087e-03
-1.935836859047412872e-02
1.403744071722030640e-01
9.186700731515884399e-02
9.395866841077804565e-02
3.360646665096282959e-01
2.857689559459686279e-01
1.561656743288040161e-01
7.508579641580581665e-02
3.113000094890594482e-01
1.238965913653373718e-01
2.249989360570907593e-01
1.277126818895339966e-01
-1.257243845611810684e-02
2.287032604217529297e-01
1.661769151687622070e-01
4.754291102290153503e-02
2.123531699180603027e-01
3.448943495750427246e-01
2.381875962018966675e-01
8.319698274135589600e-02
4.463000893592834473e-01
1.390810906887054443e-01
2.536914348602294922e-01
2.763219550251960754e-02
1.759805828332901001e-01
1.618977785110473633e-01
-3.869427368044853210e-02
2.184844464063644409e-01
5.126319825649261475e-02
2.360853925347328186e-02
1.854010522365570068e-01
-5.025430396199226379e-02
1.759646236896514893e-01
2.107245475053787231e-01
1.206233799457550049e-01
-1.293862164020538330e-01
-8.640334755182266235e-02
1.142845228314399719e-01
-1.895654499530792236e-01
2.085051387548446655e-01
2.965306341648101807e-01
2.839860692620277405e-02
2.087925523519515991e-01
8.928781151771545410e-01
6.034941673278808594e-01
4.891232848167419434e-01
2.921397387981414795e-01
4.098476767539978027e-01
4.310197830200195312e-01
3.663378953933715820e-01
5.322338938713073730e-01
5.328246951103210449e-01
2.692591845989227295e-01
4.580251872539520264e-02
-7.683917880058288574e-02
-1.087410300970077515e-01
-1.378806233406066895e-01
-9.522762149572372437e-03
7.224369049072265625e-02
2.306991219520568848e-01
-1.170757487416267395e-01
2.570125758647918701e-01
1.547286510467529297e-01
-1.509574949741363525e-01
-1.998640894889831543e-01
-1.003105118870735168e-01
2.105169743299484253e-01
-3.347310051321983337e-02
-5.162745714187622070e-02
-1.539857871830463409e-02
3.392740190029144287e-01
2.502905130386352539e-01
-6.756241619586944580e-02
-2.069214582443237305e-01
-4.706945121288299561e-01
-4.883858263492584229e-01
-3.037286996841430664e-01
9.526795148849487305e-02
9.536375105381011963e-02
2.559906840324401855e-01
5.522084832191467285e-01
2.583857178688049316e-01
5.585952401161193848e-01
4.657317996025085449e-01
3.980002403259277344e-01
1.921071410179138184e-01
4.443042278289794922e-01
4.032852649688720703e-01
4.566625952720642090e-01
3.704733252525329590e-01
9.006274491548538208e-02
-3.248315304517745972e-02
-5.464519932866096497e-02
1.408374607563018799e-01
1.904625594615936279e-01
1.263395249843597412e-01
1.408214867115020752e-01
1.797764329239726067e-03
1.166530419141054153e-02
2.724898979067802429e-02
6.903434544801712036e-02
5.204503536224365234e-01
4.806608259677886963e-01
6.718324422836303711e-01
9.347432851791381836e-01
6.860110163688659668e-01
6.615816950798034668e-01
5.799270272254943848e-01
2.792544662952423096e-01
-8.692483417689800262e-03
-1.507382374256849289e-03
-4.613484442234039307e-02
-2.669409811496734619e-01
-1.497440189123153687e-01
-2.705973982810974121e-01
-2.654347009956836700e-02
2.093992829322814941e-01
-3.111213743686676025e-01
-1.380083560943603516e-01
-2.304885983467102051e-01
-4.857778176665306091e-02
-5.347696542739868164e-01
-4.112018644809722900e-01
-6.107720732688903809e-01
-4.771930277347564697e-01
-4.721794128417968750e-01
-2.177310436964035034e-01
4.118808731436729431e-02
2.558948695659637451e-01
2.120976895093917847e-01
1.586405336856842041e-01
6.111582517623901367e-01
2.104371339082717896e-01
1.860237568616867065e-01
-3.384033963084220886e-02
-1.644175946712493896e-01
-3.164224028587341309e-01
-3.882201015949249268e-02
-2.283170968294143677e-01
-2.017641514539718628e-01
-1.213069781661033630e-01
2.135506868362426758e-01
7.133357971906661987e-02
1.476393491029739380e-01
-1.059468239545822144e-01
3.466986119747161865e-01
-1.182572990655899048e-01
4.700003564357757568e-02
-1.222490221261978149e-01
-2.492337226867675781e-01
-1.719060689210891724e-01
-1.921680569648742676e-01
-4.919145107269287109e-01
-2.517884373664855957e-01
-3.938298821449279785e-01
-5.860872268676757812e-01
-7.017992734909057617e-01
-5.465851426124572754e-01
-5.895839929580688477e-01
-3.748133182525634766e-01
-5.520298480987548828e-01
-4.651699662208557129e-01
-3.177157044410705566e-01
-1.806559264659881592e-01
-2.680746316909790039e-01
-3.253638446331024170e-01
-3.097801506519317627e-01
9.675287455320358276e-02
2.916288077831268311e-01
3.105655312538146973e-01
1.554631292819976807e-01
2.295654714107513428e-01
5.215734243392944336e-02
-7.136253267526626587e-02
-3.000828437507152557e-02
-5.196276307106018066e-02
-3.158156573772430420e-01
-5.196011066436767578e-01
-4.131019115447998047e-01
-3.328523337841033936e-01
-3.626305758953094482e-01
-2.985394597053527832e-01
-4.807855784893035889e-01
-4.836276769638061523e-01
-3.701669573783874512e-01
-3.961770236492156982e-01
-1.840728372335433960e-01
-3.367482423782348633e-01
-3.135962486267089844e-01
-6.043214201927185059e-01
-1.055162549018859863e+00
-1.090513348579406738e+00
-9.739709496498107910e-01
-1.094520926475524902e+00
-6.968814730644226074e-01
-5.708388686180114746e-01
-6.521528214216232300e-02
-3.245121985673904419e-02
1.246310696005821228e-01
9.886050224304199219e-02
-1.271987557411193848e-01
4.430163279175758362e-02
3.768441081047058105e-01
2.651397287845611572e-01
1.028841584920883179e-01
5.438216030597686768e-03
3.250209987163543701e-02
-1.461834013462066650e-01
-2.237984687089920044e-01
-1.353578418493270874e-01
-1.613998562097549438e-01
-1.311585605144500732e-01
5.346662923693656921e-02
-1.837215572595596313e-01
-2.114665880799293518e-02
-2.596760690212249756e-01
-1.380722224712371826e-01
4.195874631404876709e-01
1.033152639865875244e-01
2.454046308994293213e-01
-2.663927152752876282e-02
-2.751744911074638367e-02
5.832056328654289246e-02
4.463693499565124512e-02
-3.751272335648536682e-02
1.793655604124069214e-01
1.552555561065673828e-01
-9.587171673774719238e-02
-1.266399174928665161e-01
-4.870551452040672302e-02
-9.448259323835372925e-02
-8.245410397648811340e-03
2.242484986782073975e-01
5.978738069534301758e-01
5.326170921325683594e-01
2.917725145816802979e-01
2.530847191810607910e-01
3.603503108024597168e-01
2.995643317699432373e-01
2.745442390441894531e-01
1.594867855310440063e-01
1.741284281015396118e-01
-7.308696210384368896e-02
-3.131811022758483887e-01
-9.794741123914718628e-02
1.491083055734634399e-01
4.197471439838409424e-01
2.702970206737518311e-01
-1.794903427362442017e-01
1.499385833740234375e-01
7.216385751962661743e-02
3.219818770885467529e-01
2.096387892961502075e-01
1.720846593379974365e-01
1.988825388252735138e-02
5.801719054579734802e-02
4.086341857910156250e-01
1.241360902786254883e-01
5.419098138809204102e-01
3.727725446224212646e-01
1.909575313329696655e-01
1.881633251905441284e-01
7.127715349197387695e-01
4.647897481918334961e-01
4.369594454765319824e-01
2.573319077491760254e-01
4.924763441085815430e-01
3.709682822227478027e-01
-1.449858844280242920e-01
3.304922282695770264e-01
4.181185066699981689e-01
4.451664388179779053e-01
1.145240217447280884e-01
8.950655460357666016e-01
1.077391505241394043e+00
9.826759099960327148e-01
5.713368058204650879e-01
5.150535106658935547e-01
7.235546410083770752e-02
-4.685335606336593628e-02
2.443348467350006104e-01
1.355364471673965454e-01
-1.455606967210769653e-01
-1.771591752767562866e-01
3.047430329024791718e-02
-9.437082707881927490e-02
-1.707564443349838257e-01
-1.073998138308525085e-01
-3.610498607158660889e-01
-6.433764696121215820e-01
-1.910822987556457520e-01
1.561337411403656006e-01
-8.752103149890899658e-02
7.535723596811294556e-02
2.472567856311798096e-01
4.812196791172027588e-01
6.640565395355224609e-01
5.643911957740783691e-01
3.985271453857421875e-01
2.048327624797821045e-01
-6.200593709945678711e-02
3.574602901935577393e-01
-1.485624611377716064e-01
1.424980163574218750e-01
6.205681711435317993e-02
-8.338560909032821655e-02
5.669194087386131287e-02
-1.741254627704620361e-01
-7.428447902202606201e-02
4.606543183326721191e-01
-1.666689217090606689e-01
-4.441415667533874512e-01
