-4.661800003051757812e+01
-1.510183715820312500e+01
-5.520937442779541016e-01
1.886625528335571289e+00
2.039221048355102539e+00
2.895621299743652344e+00
2.251293420791625977e+00
9.096114039421081543e-01
3.387311398983001709e-01
1.561523675918579102e+00
1.251829743385314941e+00
6.836479306221008301e-01
-1.506700962781906128e-01
-2.876819968223571777e-01
-3.700871169567108154e-01
6.469240784645080566e-01
1.353522896766662598e+00
-4.860971495509147644e-02
8.627805113792419434e-01
4.991504848003387451e-01
6.237561106681823730e-01
1.168786048889160156e+00
1.303131461143493652e+00
-1.554282307624816895e-01
4.383166432380676270e-01
9.551010727882385254e-01
8.572559356689453125e-01
7.455515861511230469e-01
2.425305843353271484e-01
2.213265597820281982e-01
-7.933055758476257324e-01
-4.174928069114685059e-01
1.520462185144424438e-01
5.004438161849975586e-01
1.468149304389953613e+00
9.651336818933486938e-02
3.009375035762786865e-01
1.182602792978286743e-01
-1.905553936958312988e-01
-6.577306985855102539e-01
1.406618207693099976e-01
2.111770398914813995e-02
-4.758358299732208252e-01
1.256284594535827637e+00
-5.387613773345947266e-01
1.971553444862365723e+00
-4.002006649971008301e-01
6.767662167549133301e-01
-4.916590452194213867e-01
-1.219366073608398438e+00
7.478243112564086914e-02
-2.135423012077808380e-02
1.998989880084991455e-01
1.251899003982543945e-01
5.010665059089660645e-01
9.078230857849121094e-01
6.205787062644958496e-01
-9.684623479843139648e-01
-2.406115978956222534e-01
-4.843621551990509033e-01
6.167361140251159668e-02
-1.604258716106414795e-01
-1.280769407749176025e-01
3.128168582916259766e-01
4.327601492404937744e-01
5.422291755676269531e-01
1.139790058135986328e+00
4.587382972240447998e-01
1.446375697851181030e-01
4.871912896633148193e-01
-1.817853093147277832e+00
-7.810270190238952637e-01
-7.908785939216613770e-01
5.598565936088562012e-01
-1.793466359376907349e-01
-8.458312600851058960e-02
-7.924912571907043457e-01
1.248226687312126160e-01
9.651601910591125488e-01
-5.795089006423950195e-01
-1.319249719381332397e-01
1.271245598793029785e+00
3.591847121715545654e-01
-3.617204725742340088e-01
-3.633490800857543945e-01
-2.984436750411987305e-01
-2.526187002658843994e-01
2.723302319645881653e-02
4.254313707351684570e-01
-7.476562261581420898e-01
-7.787437438964843750e-01
-6.840324029326438904e-03
-7.260051369667053223e-01
1.287824511528015137e-01
3.870469629764556885e-01
-3.019404113292694092e-01
-1.576476246118545532e-01
8.264079093933105469e-01
-7.038909792900085449e-01
-1.213618040084838867e+00
-1.384367942810058594e+00
-1.411910891532897949e+00
-5.098293423652648926e-01
-1.249256134033203125e+00
-1.225816726684570312e+00
-3.064909875392913818e-01
-9.561678767204284668e-01
-5.339553356170654297e-01
-2.599155604839324951e-01
-9.703783988952636719e-01
7.208402454853057861e-02
-1.804164201021194458e-01
-3.543437719345092773e-01
-7.608873397111892700e-02
-2.421444207429885864e-01
-4.024200737476348877e-01
2.230350226163864136e-01
-6.125549226999282837e-02
-2.620870471000671387e-01
2.144128978252410889e-01
6.165710091590881348e-01
5.710334181785583496e-01
-5.891528725624084473e-01
-5.235449075698852539e-01
-2.647375464439392090e-01
-2.520758211612701416e-01
-2.410107702016830444e-01
-8.334622979164123535e-01
-2.400048524141311646e-01
-1.760734170675277710e-01
-3.208292424678802490e-01
-6.012557744979858398e-01
5.770050883293151855e-01
7.436729222536087036e-02
-2.691923081874847412e-01
-7.282564640045166016e-01
2.454525381326675415e-01
-3.134206235408782959e-01
-5.391072109341621399e-02
2.596630752086639404e-01
2.174466103315353394e-01
1.994998157024383545e-01
-5.895680189132690430e-01
-5.646916031837463379e-01
2.549263276159763336e-02
-4.757719635963439941e-01
-8.594030886888504028e-02
-6.218211650848388672e-01
5.392593145370483398e-01
5.430754423141479492e-01
5.675047636032104492e-01
-2.161662876605987549e-01
6.342996656894683838e-02
-1.542786210775375366e-01
-5.432001352310180664e-01
4.307802617549896240e-01
-4.295743629336357117e-02
4.843651652336120605e-01
-2.793153226375579834e-01
-4.024999141693115234e-01
-4.168541431427001953e-01
-2.506547868251800537e-01
2.589180506765842438e-02
-5.005845427513122559e-01
-4.326134622097015381e-01
-4.564200937747955322e-01
-5.469309911131858826e-02
1.041934415698051453e-01
-1.419521719217300415e-01
6.617254018783569336e-01
1.009521633386611938e-01
3.016879558563232422e-01
7.811950892210006714e-02
1.338972803205251694e-02
-2.454016655683517456e-01
-1.264004111289978027e-01
4.096996970474720001e-03
-3.562597930431365967e-01
5.681967362761497498e-02
-4.875341802835464478e-02
3.884041309356689453e-01
2.714306712150573730e-01
5.070860385894775391e-01
6.222552657127380371e-01
4.443042278289794922e-01
5.845254659652709961e-01
1.275051087141036987e-01
5.986561775207519531e-01
-4.587193429470062256e-01
-4.722752273082733154e-01
-4.557654559612274170e-01
-3.997216522693634033e-01
-4.553982317447662354e-01
-9.491903185844421387e-01
-2.723697423934936523e-01
1.506625209003686905e-02
-7.088352739810943604e-02
5.763398483395576477e-02
-1.611708849668502808e-02
1.700887978076934814e-01
8.363233804702758789e-01
2.000267207622528076e-01
1.457073539495468140e-01
3.695312738418579102e-01
2.220610380172729492e-01
-1.178740933537483215e-01
8.072753436863422394e-03
-6.798447966575622559e-01
-7.545006275177001953e-02
2.848747968673706055e-01
9.389480203390121460e-02
-5.834409967064857483e-03
2.708558738231658936e-01
3.785046637058258057e-01
6.934515833854675293e-01
8.787528425455093384e-02
2.993727326393127441e-01
-4.982533454895019531e-01
-6.277129054069519043e-01
1.216612234711647034e-01
-2.786606848239898682e-01
1.739368289709091187e-01
-7.950565218925476074e-02
-6.282024830579757690e-02
1.475914567708969116e-01
-4.512148797512054443e-01
-6.188513040542602539e-01
-5.276005268096923828e-01
-1.748918741941452026e-01
2.119539976119995117e-01
3.424248844385147095e-02
1.189590811729431152e+00
-8.027206361293792725e-02
-7.003728300333023071e-02
1.031715646386146545e-01
-1.772974431514739990e-02
2.776737511157989502e-01
2.461870163679122925e-01
4.107258617877960205e-01
7.710187435150146484e-01
6.694533824920654297e-01
5.196998715400695801e-01
2.429137974977493286e-01
-5.866885557770729065e-02
-2.308238893747329712e-01
7.700182497501373291e-02
4.230577126145362854e-02
3.846199810504913330e-01
4.446714520454406738e-01
2.067328244447708130e-01
4.131847620010375977e-01
4.668335020542144775e-01
-2.636038959026336670e-01
1.013248227536678314e-02
-1.793945431709289551e-01
-2.591331899166107178e-01
1.246151030063629150e-01
7.740099728107452393e-02
4.075698181986808777e-02
3.162816762924194336e-01
8.290903568267822266e-01
5.850683450698852539e-01
6.573504805564880371e-01
5.282795056700706482e-02
7.055120170116424561e-02
4.611493051052093506e-01
2.809469401836395264e-01
-2.473655939102172852e-01
2.219971716403961182e-01
-1.518516540527343750e-01
-2.684418857097625732e-01
-8.191665261983871460e-02
-1.891982108354568481e-01
-1.826996803283691406e-01
-4.294146597385406494e-02
-2.343206405639648438e-01
3.386512994766235352e-01
-2.999285757541656494e-01
-1.767600029706954956e-01
1.703283041715621948e-01
-2.584146857261657715e-01
-3.470309078693389893e-01
5.709855556488037109e-01
7.591608166694641113e-02
1.631751358509063721e-01
6.529276371002197266e-01
4.532456696033477783e-01
1.861355304718017578e-01
9.715204685926437378e-02
5.196520090103149414e-01
-7.867537438869476318e-02
1.883070319890975952e-01
2.463626414537429810e-01
-1.832585185766220093e-01
-9.025670289993286133e-01
-1.685530096292495728e-01
-4.162473976612091064e-01
-4.209735989570617676e-01
-6.111178919672966003e-02
2.444625794887542725e-01
4.510103166103363037e-01
2.812982201576232910e-01
8.932826668024063110e-02
8.396339416503906250e-02
-1.128764525055885315e-01
1.647133752703666687e-02
6.259968876838684082e-02
-2.213235944509506226e-01
-1.763288974761962891e-01
-1.113541796803474426e-02
2.462987750768661499e-01
5.736254900693893433e-02
4.916779994964599609e-01
2.259729206562042236e-01
1.510722339153289795e-01
6.822747588157653809e-01
4.206732213497161865e-01
2.486992441117763519e-02
4.202421307563781738e-01
5.392114520072937012e-01
-2.447629868984222412e-01
-7.458040714263916016e-01
-3.634608685970306396e-01
-3.339540362358093262e-01
-4.435507953166961670e-01
-4.187168553471565247e-02
1.041774749755859375e-01
-5.556064248085021973e-01
-1.968782842159271240e-01
-1.773507744073867798e-01
-3.040745668113231659e-02
5.283379554748535156e-01
4.519842863082885742e-01
6.956071257591247559e-01
7.380630970001220703e-01
8.845912814140319824e-01
6.491754055023193359e-01
8.477770537137985229e-02
1.424660831689834595e-01
-1.714951940812170506e-03
-2.104980498552322388e-01
5.709111317992210388e-02
1.396453659981489182e-02
9.391076862812042236e-02
-2.691284418106079102e-01
2.382993698120117188e-01
-4.054697453975677490e-01
8.899296075105667114e-02
-2.574087679386138916e-01
-2.130846828222274780e-01
-2.604265213012695312e-01
-8.507809787988662720e-02
-5.563728213310241699e-01
-3.123773634433746338e-02
5.710707977414131165e-02
-4.252048134803771973e-01
5.384769439697265625e-01
1.574270576238632202e-01
1.283673197031021118e-01
3.635011985898017883e-02
-2.331390976905822754e-01
-1.694471687078475952e-01
1.052737206919118762e-04
-4.312722384929656982e-01
-1.653222739696502686e-02
2.450214326381683350e-01
-1.619150629267096519e-03
-2.071928977966308594e-01
-5.580972433090209961e-01
4.669293165206909180e-01
-1.510852426290512085e-01
-3.249911963939666748e-02
6.868413090705871582e-01
5.594893693923950195e-01
-4.420339167118072510e-01
-3.160870969295501709e-01
-4.357110559940338135e-01
-4.118086099624633789e-01
-2.657594382762908936e-01
6.512511372566223145e-01
6.952718496322631836e-01
3.462355732917785645e-01
-5.586720705032348633e-01
-4.904615283012390137e-01
-7.273568958044052124e-02
-1.694950610399246216e-01
1.776571124792098999e-01
-7.053759098052978516e-01
-2.609694004058837891e-01
-3.069486096501350403e-02
-2.215631008148193359e-01
-2.743761613965034485e-02
8.056244254112243652e-02
1.585287749767303467e-01
7.676337957382202148e-01
-2.608097195625305176e-01
4.387052729725837708e-02
4.486791491508483887e-01
5.775319933891296387e-01
2.338126748800277710e-01
6.502292156219482422e-01
5.104231238365173340e-01
7.923719286918640137e-02
4.168092310428619385e-01
-1.438841670751571655e-01
-4.654254317283630371e-01
-2.897896170616149902e-01
-4.197122156620025635e-01
-1.621502935886383057e-01
-3.670214712619781494e-01
4.851475358009338379e-01
-9.207159280776977539e-02
7.672665715217590332e-01
1.062797784805297852e+00
6.070068478584289551e-01
7.599163218401372433e-04
-2.430810406804084778e-02
7.428212165832519531e-01
-4.214312136173248291e-02
2.614673376083374023e-01
1.000260859727859497e-01
-3.246293663978576660e-01
-3.580799996852874756e-01
-2.263158001005649567e-02
-1.017794683575630188e-01
-6.658843159675598145e-02
3.778021037578582764e-01
1.232877135276794434e+00
7.514433860778808594e-01
1.623927652835845947e-01
-5.626840516924858093e-03
-1.929450035095214844e-02
1.390012651681900024e-01
1.452922224998474121e-01
-1.973253637552261353e-01
5.710707977414131165e-02
1.875565797090530396e-01
3.601587116718292236e-01
-1.109923645853996277e-01
-8.392848074436187744e-02
-5.136135220527648926e-01
-3.641633987426757812e-01
-3.072137944400310516e-03
-5.132303237915039062e-01
-3.694963455200195312e-01
3.911504447460174561e-01
4.262510687112808228e-02
1.762839555740356445e-01
-9.271027147769927979e-02
-1.994329839944839478e-01
1.860237568616867065e-01
2.928263247013092041e-01
3.910386860370635986e-01
2.686524391174316406e-01
5.521605610847473145e-01
-1.227759271860122681e-01
2.170154899358749390e-01
-3.522042036056518555e-01
-7.960358858108520508e-01
-8.660507202148437500e-01
-3.465040028095245361e-01
-1.191674098372459412e-01
4.940570592880249023e-01
3.673757314682006836e-01
5.681274533271789551e-01
1.895205080509185791e-01
-2.582709789276123047e-01
-1.659504175186157227e-01
-3.475258946418762207e-01
-2.793258801102638245e-02
-3.944526016712188721e-01
2.160095870494842529e-01
-2.064584195613861084e-01
-1.990018784999847412e-01
3.257500529289245605e-01
4.141587316989898682e-01
1.197451949119567871e-01
1.662886738777160645e-01
-3.938298821449279785e-01
-4.204307198524475098e-01
-1.548534184694290161e-01
-3.972627520561218262e-01
4.427394568920135498e-01
-2.746050953865051270e-01
1.308102458715438843e-01
-1.121525280177593231e-02
-1.794264763593673706e-01
-4.243745505809783936e-01
-4.924838989973068237e-02
2.157221734523773193e-01
1.492839455604553223e-01
5.339263677597045898e-01
9.121236205101013184e-02
2.976962327957153320e-01
2.248871773481369019e-01
2.631438672542572021e-01
1.342166215181350708e-02
-2.173638045787811279e-01
1.209640968590974808e-02
2.249085716903209686e-02
-1.419681459665298462e-01
8.427739739418029785e-01
4.030936658382415771e-01
4.290398657321929932e-01
2.434301562607288361e-02
1.143483892083168030e-01
1.945714652538299561e-02
2.503064572811126709e-01
3.879251182079315186e-01
1.905797421932220459e-02
-1.964950710535049438e-01
-2.183058559894561768e-01
-4.576760903000831604e-02
2.363993078470230103e-01
1.135660111904144287e-01
-2.034289762377738953e-03
-4.635838419198989868e-02
5.741586908698081970e-03
2.106926143169403076e-01
7.205209136009216309e-02
2.223538607358932495e-02
3.148765861988067627e-01
5.773520562797784805e-03
-8.046366274356842041e-02
1.789025217294692993e-01
5.276408419013023376e-02
-1.390142589807510376e-01
6.362157315015792847e-02
5.900713801383972168e-02
2.270427048206329346e-01
1.629570312798023224e-02
2.071798890829086304e-01
1.227948740124702454e-01
1.080893650650978088e-01
-3.228091597557067871e-01
-2.237984687089920044e-01
-2.861651182174682617e-01
2.914905175566673279e-02
2.370434068143367767e-02
-1.517079472541809082e-01
-6.673213839530944824e-02
7.454292476177215576e-02
-2.204134762287139893e-01
-1.555719375610351562e-01
1.330775469541549683e-01
-2.296688593924045563e-02
-9.847431629896163940e-02
-2.761059999465942383e-01
-2.176033109426498413e-01
-2.689687907695770264e-01
3.253189325332641602e-01
-1.723052412271499634e-01
2.717500329017639160e-01
3.233230710029602051e-01
1.009681299328804016e-01
3.267773240804672241e-02
-2.703844383358955383e-02
3.949824869632720947e-01
8.639036118984222412e-02
2.958281040191650391e-01
4.956856966018676758e-01
3.959884047508239746e-01
5.234840512275695801e-01
5.390677452087402344e-01
1.991804838180541992e-01
4.204975962638854980e-01
8.151832222938537598e-01
2.955566644668579102e-01
3.402639627456665039e-01
-3.061556816101074219e-01
9.865293651819229126e-02
3.390983641147613525e-01
-4.731693565845489502e-01
-9.166073868982493877e-04
2.272981703281402588e-01
-1.094755083322525024e-01
2.394649535417556763e-01
8.680550009012222290e-02
3.097991347312927246e-01
5.659878849983215332e-01
4.129612147808074951e-01
1.667836606502532959e-01
3.831350505352020264e-01
4.468429684638977051e-01
3.628571033477783203e-01
3.745448589324951172e-01
8.904086053371429443e-02
4.220463633537292480e-01
5.309565663337707520e-01
9.558729082345962524e-02
3.569547832012176514e-02
-7.622702047228813171e-03
-3.918383270502090454e-03
1.832295507192611694e-01
3.664496541023254395e-01
2.497795671224594116e-01
-1.660621762275695801e-01
-1.707724183797836304e-01
4.639594554901123047e-01
6.427407860755920410e-01
1.054548323154449463e-01
4.666419029235839844e-01
7.282115221023559570e-01
2.148120701313018799e-01
4.057282209396362305e-01
6.967567801475524902e-01
4.866803586483001709e-01
7.035267353057861328e-01
1.219645962119102478e-01
-2.626618742942810059e-01
4.963457211852073669e-02
1.756931841373443604e-01
-4.059487581253051758e-01
1.478948146104812622e-01
5.117803215980529785e-01
2.016713172197341919e-01
4.051533937454223633e-01
2.616589367389678955e-01
3.339624404907226562e-02
1.798445731401443481e-01
5.232605338096618652e-01
-1.012844890356063843e-01
3.136311769485473633e-01
-2.186517044901847839e-02
2.815696597099304199e-01
4.604627192020416260e-01
1.063330098986625671e-01
9.621541947126388550e-03
7.182855159044265747e-02
2.019162476062774658e-02
-2.699747085571289062e-01
-2.882089018821716309e-01
2.309066951274871826e-01
-2.148250639438629150e-01
-5.593906044960021973e-01
-3.216914534568786621e-01
-1.271827965974807739e-01
1.454199552536010742e-01
-1.532567292451858521e-01
-9.823481738567352295e-02
-4.212610125541687012e-01
-1.480355560779571533e-01
2.205974981188774109e-02
-2.160969935357570648e-02
1.170787289738655090e-01
5.358583927154541016e-01
1.237528845667839050e-01
-3.417778015136718750e-01
1.606363952159881592e-01
1.976476609706878662e-01
-2.365400493144989014e-01
1.230982467532157898e-01
-6.168659776449203491e-02
1.733896788209676743e-03
4.792717099189758301e-01
3.098524361848831177e-02
-3.105944693088531494e-01
-2.781018614768981934e-01
4.923006892204284668e-01
-2.338097095489501953e-01
3.167447149753570557e-01
4.224295914173126221e-01
2.201929092407226562e-01
-4.478937685489654541e-01
-4.602681100368499756e-01
-2.587286010384559631e-02
2.168558239936828613e-01
-1.025723945349454880e-02
2.797653973102569580e-01
4.079955220222473145e-01
-1.408025622367858887e-01
5.405740439891815186e-02
-5.850377026945352554e-03
-2.261296361684799194e-01
2.800528109073638916e-01
-3.602035939693450928e-01
4.140615419601090252e-05
2.250308841466903687e-01
-3.732112050056457520e-02
-2.875861823558807373e-01
1.558942347764968872e-01
-3.501444756984710693e-01
-3.360776305198669434e-01
-6.418915390968322754e-01
-7.211351990699768066e-01
-8.809957504272460938e-01
-7.853859663009643555e-01
-1.413719356060028076e-02
-6.912930607795715332e-01
-7.995272427797317505e-02
-1.604098975658416748e-01
2.226198762655258179e-01
5.004917383193969727e-01
1.334139108657836914e+00
8.238531947135925293e-01
1.255571395158767700e-01
4.228287637233734131e-01
-1.922478824853897095e-01
-6.763161420822143555e-01
-9.393547177314758301e-01
-8.080589771270751953e-01
9.432590752840042114e-02
1.415878981351852417e-01
-1.268634498119354248e-01
5.927857756614685059e-02
3.295501768589019775e-01
2.559427917003631592e-01
-2.489887923002243042e-02
-7.913841307163238525e-02
-5.467607975006103516e-01
-4.974336549639701843e-02
-6.001007556915283203e-02
-9.825078397989273071e-02
2.648258022964000702e-02
-2.346399873495101929e-01
-2.080072015523910522e-01
2.210870534181594849e-01
-2.289760159328579903e-03
2.710634469985961914e-01
-8.084686845541000366e-02
-6.583799421787261963e-02
-2.717789709568023682e-01
5.159636139869689941e-01
9.001484513282775879e-02
6.053996086120605469e-02
-4.015259146690368652e-01
-5.828564986586570740e-02
-3.772402703762054443e-01
-2.989226877689361572e-01
-4.493190906941890717e-03
-1.576955318450927734e-01
1.126079931855201721e-01
-1.166232582181692123e-02
2.713508605957031250e-01
2.948860526084899902e-01
-9.408342093229293823e-02
5.359436199069023132e-02
1.150988340377807617e-01
-4.220699146389961243e-02
2.083029970526695251e-02
-3.489309847354888916e-01
3.400404155254364014e-01
-1.562211476266384125e-02
-1.882561594247817993e-01
-1.134991645812988281e-01
1.267386972904205322e-01
-6.671192049980163574e-01
-4.508157074451446533e-01
-4.406448006629943848e-01
-2.750841081142425537e-01
5.439270660281181335e-02
1.994678825139999390e-01
7.030796408653259277e-01
4.272356033325195312e-01
-2.334584295749664307e-01
-1.596275269985198975e-01
-3.281420767307281494e-01
-9.160855412483215332e-02
-5.206549167633056641e-01
-3.816790878772735596e-01
-2.297381460666656494e-01
-2.695860899984836578e-02
4.447353184223175049e-01
-2.720504105091094971e-01
-3.534336388111114502e-01
-1.671160012483596802e-01
-3.927122056484222412e-01
3.092137537896633148e-02
-4.241829514503479004e-01
-3.058363497257232666e-01
-1.392378062009811401e-01
-2.174755781888961792e-01
-3.768835961818695068e-02
5.169056653976440430e-01
3.484549820423126221e-01
4.941528737545013428e-01
5.015295743942260742e-01
3.468423187732696533e-01
-1.482111960649490356e-01
2.418334782123565674e-02
-2.153360098600387573e-01
-4.355513751506805420e-01
3.884360790252685547e-01
-1.468006800860166550e-02
1.044968143105506897e-01
3.108848631381988525e-01
1.193460226058959961e-01
3.057010471820831299e-02
8.669373393058776855e-02
1.519504040479660034e-01
1.002336516976356506e-01
2.453886717557907104e-01
3.718039765954017639e-02
-7.319331169128417969e-03
4.138872921466827393e-01
-1.530172377824783325e-01
9.606629610061645508e-02
2.767636179924011230e-01
2.083933800458908081e-01
3.378210067749023438e-01
6.053996086120605469e-02
4.007305800914764404e-01
1.097818538546562195e-01
-5.352646112442016602e-01
-9.674989432096481323e-02
1.160887777805328369e-01
1.337162256240844727e-01
-1.489456743001937866e-01
5.533475428819656372e-02
-1.332288235425949097e-02
-2.609374523162841797e-01
-1.905713677406311035e-01
-5.866885557770729065e-02
-4.388724863529205322e-01
-3.513419926166534424e-01
1.784554570913314819e-01
-9.456243366003036499e-02
-2.769841551780700684e-01
1.951248943805694580e-01
1.246630027890205383e-01
3.673438131809234619e-01
4.836466610431671143e-01
3.294863104820251465e-01
-1.276458352804183960e-01
-2.171242982149124146e-01
9.759911894798278809e-02
3.413976132869720459e-01
-9.801127761602401733e-02
5.196573957800865173e-02
-8.929335325956344604e-02
-9.903316199779510498e-02
1.101011931896209717e-01
-4.214312136173248291e-02
-6.701954454183578491e-02
2.624892294406890869e-01
-8.037840947508811951e-03
-1.323401033878326416e-01
2.747837305068969727e-01
-2.087736129760742188e-01
5.777768790721893311e-02
-8.360914140939712524e-02
-1.685689836740493774e-01
-3.925311565399169922e-02
5.509525164961814880e-02
-4.623064771294593811e-02
-3.073372244834899902e-01
-1.332821547985076904e-01
3.136790692806243896e-01
-6.147902831435203552e-02
-3.328203856945037842e-01
1.952366530895233154e-01
2.077387273311614990e-01
3.535643815994262695e-01
6.030045822262763977e-02
3.082557395100593567e-02
6.373439431190490723e-01
-6.633296608924865723e-02
2.928742170333862305e-01
2.458517104387283325e-01
4.011830687522888184e-02
1.617540866136550903e-01
-3.821101784706115723e-01
-2.571373283863067627e-01
-6.984568387269973755e-02
-2.924401164054870605e-01
-1.822685748338699341e-01
5.374231338500976562e-01
4.010499119758605957e-01
3.156909048557281494e-01
3.107731044292449951e-01
2.952532768249511719e-01
3.512172400951385498e-01
1.973400125280022621e-03
2.534359693527221680e-01
3.647252321243286133e-01
1.125121936202049255e-01
2.639102637767791748e-01
8.918998762965202332e-03
1.355683803558349609e-01
-7.431641221046447754e-02
4.238506257534027100e-01
7.064486742019653320e-01
5.838868021965026855e-01
2.478315979242324829e-01
8.783162832260131836e-01
6.517036259174346924e-02
-1.631562113761901855e-01
1.918516755104064941e-01
4.615484774112701416e-01
9.502844512462615967e-02
4.772439301013946533e-01
3.813946545124053955e-01
1.533395349979400635e-01
1.369255632162094116e-01
3.110924363136291504e-01
3.056637048721313477e-01
4.640712440013885498e-01
1.729309111833572388e-01
3.740020096302032471e-01
5.937064290046691895e-01
-3.920521587133407593e-02
1.596145182847976685e-01
2.732030153274536133e-01
2.006813734769821167e-01
3.987985849380493164e-01
-2.456252127885818481e-01
-1.271614059805870056e-02
2.287990599870681763e-01
3.027098178863525391e-01
4.006667137145996094e-01
6.230854988098144531e-01
5.793735757470130920e-02
9.049385040998458862e-02
9.177120029926300049e-02
1.888498961925506592e-01
5.769785493612289429e-02
2.610042989253997803e-01
2.785359621047973633e-01
-4.278180003166198730e-02
3.488541543483734131e-01
1.504654884338378906e-01
1.565169394016265869e-01
1.371970027685165405e-01
-2.050693035125732422e-01
-3.261088952422142029e-02
1.744956672191619873e-01
3.780735433101654053e-01
2.058386653661727905e-01
9.103672206401824951e-02
-2.868038117885589600e-01
7.566060870885848999e-02
-9.006405016407370567e-04
-4.104673862457275391e-01
-1.702135801315307617e-01
-3.631255626678466797e-01
-3.233839571475982666e-01
-1.388067007064819336e-01
-9.780371189117431641e-02
1.336044520139694214e-01
-1.166286766529083252e-01
2.493379078805446625e-02
7.753415498882532120e-03
-4.105632007122039795e-01
-2.245968133211135864e-01
-6.647666543722152710e-02
4.246543720364570618e-02
5.916945934295654297e-01
1.924105137586593628e-01
-5.609818547964096069e-02
-3.317665755748748779e-01
2.173827290534973145e-01
3.341645896434783936e-01
-3.893272280693054199e-01
-1.159101650118827820e-01
1.072590872645378113e-01
3.051208257675170898e-01
-2.028339356184005737e-01
-8.959672600030899048e-02
5.186460614204406738e-01
3.782012760639190674e-01
6.536142230033874512e-01
4.012894034385681152e-01
6.441991776227951050e-02
2.292940318584442139e-01
3.287358582019805908e-01
3.720700144767761230e-01
5.934190154075622559e-01
4.429630041122436523e-01
5.358264446258544922e-01
1.756772100925445557e-01
5.528685450553894043e-02
-5.433917641639709473e-01
-6.780191510915756226e-02
-3.366684019565582275e-01
-1.518197208642959595e-01
-3.610763698816299438e-02
-9.839448332786560059e-02
-2.548540830612182617e-01
1.327582001686096191e-01
8.702903240919113159e-02
-6.425185129046440125e-03
1.001538187265396118e-01
-2.672443687915802002e-01
-7.980902493000030518e-02
9.429939091205596924e-03
-1.001773588359355927e-02
8.662453293800354004e-01
3.144933879375457764e-01
1.570119112730026245e-01
1.665760874748229980e-01
5.437674000859260559e-02
1.374365091323852539e-01
4.140615419601090252e-05
-4.470954239368438721e-01
-3.067304790019989014e-01
-3.034253418445587158e-01
-2.569722384214401245e-02
7.184451818466186523e-02
-5.911592766642570496e-02
4.765467718243598938e-02
5.498348176479339600e-02
-2.301478572189807892e-02
-3.844253718852996826e-01
1.287664920091629028e-01
-2.445075213909149170e-01
-3.646946046501398087e-03
-2.130048424005508423e-01
1.164240837097167969e-01
-2.686280757188796997e-02
2.063017189502716064e-01
5.984326601028442383e-01
6.882677972316741943e-02
6.012482196092605591e-02
-6.269251555204391479e-02
8.691726624965667725e-02
1.015908420085906982e-01
-1.162454709410667419e-01
2.692591845989227295e-01
2.290864735841751099e-01
4.611013829708099365e-01
-9.354054927825927734e-02
3.254147469997406006e-01
3.096394538879394531e-01
2.017511427402496338e-01
-1.325796097517013550e-01
-1.161337047815322876e-01
3.596691414713859558e-02
-2.143779993057250977e-01
1.595985591411590576e-01
-1.422395855188369751e-01
-7.730221748352050781e-02
3.767536953091621399e-02
9.190435521304607391e-03
-1.225683614611625671e-01
3.131361901760101318e-01
3.508340418338775635e-01
-5.895626172423362732e-02
2.027570605278015137e-01
6.986567974090576172e-01
5.717519521713256836e-01
3.952220082283020020e-01
2.857050895690917969e-01
1.792378276586532593e-01
3.321847021579742432e-01
6.902422904968261719e-01
5.209772586822509766e-01
3.606376945972442627e-01
-1.683614104986190796e-01
1.377877742052078247e-01
2.424188256263732910e-01
-1.792029291391372681e-01
-4.163751304149627686e-01
1.861674636602401733e-01
-2.145536392927169800e-01
-9.500950574874877930e-02
1.469368040561676025e-01
-4.236081242561340332e-01
-2.438209503889083862e-01
-2.974856495857238770e-01
-2.336819767951965332e-01
-2.010296732187271118e-01
4.326378181576728821e-02
-1.116949021816253662e-01
2.668801248073577881e-01
9.215440601110458374e-02
1.209427118301391602e-01
-1.721615344285964966e-01
-2.611929178237915039e-01
-1.112158969044685364e-01
-5.755490660667419434e-01
-5.706951618194580078e-01
-3.321657478809356689e-01
3.525265157222747803e-01
3.696270585060119629e-01
8.888119459152221680e-02
-3.042236864566802979e-01
-4.246779084205627441e-01
-2.209403961896896362e-01
2.665767371654510498e-01
-4.693373143672943115e-01
-4.463130533695220947e-01
7.162098586559295654e-02
1.227310076355934143e-01
1.762095466256141663e-02
8.145658671855926514e-02
-1.567055881023406982e-01
-4.519972801208496094e-01
-1.972934156656265259e-01
-2.918812632560729980e-01
-2.311432361602783203e-01
-2.622467279434204102e-01
3.681315854191780090e-02
-1.244843825697898865e-01
8.686936646699905396e-02
-2.671910449862480164e-02
-3.798907995223999023e-01
-7.038855552673339844e-02
-2.823649942874908447e-01
-1.585896760225296021e-01
2.705844342708587646e-01
-2.577280998229980469e-01
2.591521143913269043e-01
1.480385214090347290e-01
8.567727170884609222e-03
1.379953473806381226e-01
-3.804336488246917725e-01
-2.002153694629669189e-01
-1.628209054470062256e-01
-1.963673382997512817e-01
-2.840894460678100586e-01
-4.696885943412780762e-01
-1.929184943437576294e-01
-1.027534455060958862e-01
3.951156511902809143e-02
-1.368587315082550049e-01
1.527647227048873901e-01
-3.639877736568450928e-01
-1.079586520791053772e-01
-5.426413416862487793e-01
-6.329383701086044312e-03
-1.151437535881996155e-01
-3.627583086490631104e-01
3.646188601851463318e-02
-2.378652989864349365e-01
1.297245025634765625e-01
1.491402387619018555e-01
-1.461674273014068604e-01
-2.470622211694717407e-01
2.652994096279144287e-01
-3.654567301273345947e-01
-4.954272210597991943e-01
1.760923564434051514e-01
-1.101940199732780457e-01
-5.554148554801940918e-01
-5.446850657463073730e-01
-2.349273860454559326e-01
-3.041598200798034668e-01
-9.028330445289611816e-02
2.803561687469482422e-01
6.719601750373840332e-01
3.106772899627685547e-01
-8.884086273610591888e-03
-2.047499567270278931e-01
-1.058829575777053833e-01
-2.465395955368876457e-03
-2.933767624199390411e-02
7.307396829128265381e-02
-2.310633957386016846e-01
-8.081493526697158813e-02
2.014797180891036987e-01
-2.907156944274902344e-01
-1.550769656896591187e-01
-2.777824997901916504e-01
-1.752271801233291626e-01
-3.437417447566986084e-01
-3.712367415428161621e-01
-2.334424704313278198e-01
-1.754826456308364868e-01
1.194258630275726318e-01
3.608772158622741699e-01
2.904632091522216797e-01
-6.489594280719757080e-02
3.987826108932495117e-01
-1.021147668361663818e-01
3.935189545154571533e-02
1.757889837026596069e-01
-1.415316108614206314e-02
-2.181302160024642944e-01
-8.480665832757949829e-02
4.857861995697021484e-01
3.921084403991699219e-01
5.893315076828002930e-01
-6.632754579186439514e-03
2.023419290781021118e-01
-2.566423714160919189e-01
-1.705488711595535278e-01
-3.648499846458435059e-01
5.098164081573486328e-01
3.884999454021453857e-01
-3.616566061973571777e-01
-4.773207604885101318e-01
-2.912585735321044922e-01
-3.679475486278533936e-01
1.482460945844650269e-01
-2.738546431064605713e-01
-3.482124805450439453e-01
-6.631115078926086426e-01
-3.225217461585998535e-01
-6.002604216337203979e-02
-1.314619332551956177e-01
-2.098699100315570831e-02
-2.003431022167205811e-01
-9.526497125625610352e-02
-5.704023316502571106e-02
-2.432301789522171021e-01
-1.932218670845031738e-01
2.443667799234390259e-01
1.154341399669647217e-01
9.384689480066299438e-02
-1.684252768754959106e-01
-1.718422025442123413e-01
6.688945293426513672e-01
5.877348184585571289e-01
4.621871411800384521e-01
3.139505088329315186e-01
-5.379895493388175964e-02
7.425019145011901855e-01
9.534778445959091187e-02
7.612364739179611206e-02
1.028043255209922791e-01
-3.368066996335983276e-02
-5.343171581625938416e-02
2.113951444625854492e-01
2.598865926265716553e-01
-3.535719215869903564e-02
-1.274861693382263184e-01
-2.216748744249343872e-01
-1.487167086452245712e-02
8.607102185487747192e-02
-9.666464291512966156e-03
-4.969546198844909668e-02
-9.997520595788955688e-02
-1.093797087669372559e-01
3.499239385128021240e-01
6.853937357664108276e-02
-1.092839017510414124e-01
3.937051296234130859e-01
1.307623535394668579e-01
3.366873562335968018e-01
6.189660429954528809e-01
4.222699105739593506e-01
2.949179708957672119e-01
2.920120060443878174e-01
9.185103327035903931e-02
5.634066835045814514e-02
1.090473830699920654e-01
1.104843989014625549e-01
-3.459078446030616760e-02
8.613488823175430298e-02
2.363993078470230103e-01
-3.343575168401002884e-03
3.106932640075683594e-01
2.927678637206554413e-02
6.974912285804748535e-01
1.382667869329452515e-01
1.343389302492141724e-01
-2.754938416182994843e-02
1.741284281015396118e-01
9.389480203390121460e-02
1.382827460765838623e-01
-4.557058680802583694e-03
3.406685218214988708e-02
6.843302398920059204e-03
8.041874319314956665e-02
1.827345788478851318e-01
3.383319675922393799e-01
6.536196172237396240e-02
-3.854515729472041130e-03
5.592552945017814636e-02
-1.081183180212974548e-01
2.747198641300201416e-01
2.156583070755004883e-01
5.193965435028076172e-01
5.205780863761901855e-01
4.979370236396789551e-01
6.899069547653198242e-01
5.680476427078247070e-01
-1.432774215936660767e-01
3.587111085653305054e-02
3.044821619987487793e-01
-4.204945862293243408e-01
-2.826045155525207520e-01
-5.021173357963562012e-01
-9.023594260215759277e-01
-3.618747368454933167e-02
1.179888397455215454e-01
3.774987459182739258e-01
2.775993198156356812e-02
-7.893083989620208740e-02
-5.924899578094482422e-01
-4.158322513103485107e-01
-6.375964283943176270e-01
-1.051282644271850586e+00
-4.042722284793853760e-01
-9.913110136985778809e-01
-1.114394366741180420e-01
-3.007109761238098145e-01
-3.213242292404174805e-01
2.809523604810237885e-02
-5.589061602950096130e-02
5.350121259689331055e-01
5.722948312759399414e-01
6.964374184608459473e-01
2.282082885503768921e-01
3.284803926944732666e-01
-5.475591421127319336e-01
-3.505755662918090820e-01
-3.737914264202117920e-01
-5.359511971473693848e-01
-2.502236664295196533e-01
1.611313670873641968e-01
2.915808856487274170e-01
2.516636550426483154e-01
1.517109125852584839e-01
2.608126699924468994e-01
-9.028330445289611816e-02
1.539782136678695679e-01
-1.065695360302925110e-01
3.069570064544677734e-01
2.931137084960937500e-01
4.880056083202362061e-01
2.310823351144790649e-01
5.058405995368957520e-01
3.508340418338775635e-01
9.178716689348220825e-02
-1.278374344110488892e-01
-3.937979638576507568e-01
-1.204926595091819763e-01
3.720700144767761230e-01
2.967860996723175049e-01
1.213897839188575745e-01
6.460618972778320312e-01
1.389214247465133667e-01
5.186994001269340515e-02
2.073235958814620972e-01
1.610994338989257812e-01
8.776776194572448730e-01
4.666099846363067627e-01
5.444485545158386230e-01
1.111071109771728516e-01
-8.255532383918762207e-02
3.786697238683700562e-02
1.036825031042098999e-01
-6.435680389404296875e-01
-9.045893698930740356e-02
4.971440881490707397e-02
-8.606804162263870239e-02
5.408933758735656738e-02
-4.310007989406585693e-01
-5.817602276802062988e-01
3.745448589324951172e-01
-3.365246951580047607e-01
-4.675809442996978760e-01
-6.536750793457031250e-01
-5.553509593009948730e-01
-3.053253889083862305e-01
-3.322455883026123047e-01
1.877322196960449219e-01
-4.228682443499565125e-02
2.835974395275115967e-01
3.434573411941528320e-01
4.686697125434875488e-01
4.603509604930877686e-01
3.205767869949340820e-01
2.059025466442108154e-01
-3.597990423440933228e-02
6.366893053054809570e-01
1.243117302656173706e-01
3.731876909732818604e-01
8.029101043939590454e-02
-5.371911823749542236e-02
6.382540464401245117e-01
5.986935272812843323e-02
1.213099509477615356e-01
2.763644456863403320e-01
3.430741131305694580e-01
-2.050256822258234024e-03
1.294051706790924072e-01
6.577177047729492188e-01
2.013040781021118164e-01
4.460605680942535400e-01
2.336903661489486694e-02
-1.528575569391250610e-01
5.373806506395339966e-02
4.132326543331146240e-01
4.711180552840232849e-02
3.801067546010017395e-02
7.561270892620086670e-02
7.974813133478164673e-02
-4.172533154487609863e-01
1.704879701137542725e-01
3.410143852233886719e-01
6.885871291160583496e-02
1.254348270595073700e-02
-3.278652578592300415e-02
1.437967550009489059e-02
-2.892467379570007324e-01
5.416064858436584473e-01
2.030764073133468628e-01
4.850092530250549316e-02
1.181485056877136230e-01
4.625384211540222168e-01
4.692764580249786377e-01
4.071333110332489014e-01
2.840445339679718018e-01
5.856750607490539551e-01
-1.006937175989151001e-01
-9.536077827215194702e-02
5.310044288635253906e-01
2.348664849996566772e-01
-9.893735498189926147e-02
2.009208649396896362e-01
2.346429526805877686e-01
1.800681054592132568e-01
1.607801020145416260e-01
-5.648139119148254395e-02
7.966829836368560791e-02
2.399439513683319092e-01
1.367339640855789185e-01
3.597754836082458496e-01
2.345950454473495483e-01
2.177340090274810791e-01
1.522697508335113525e-01
-2.186517044901847839e-02
-2.413301169872283936e-01
-2.605223059654235840e-01
9.589607827365398407e-03
1.046405211091041565e-01
7.447905838489532471e-02
3.606057763099670410e-01
-1.157824322581291199e-01
1.056783646345138550e-01
1.592846401035785675e-02
-2.800700720399618149e-03
-1.179539263248443604e-01
-1.112957298755645752e-01
-6.055295094847679138e-02
3.700102865695953369e-01
4.173840582370758057e-01
3.027098178863525391e-01
6.252410411834716797e-01
2.966583669185638428e-01
9.930757433176040649e-02
2.265796661376953125e-01
6.714332699775695801e-01
9.333595633506774902e-02
3.395933508872985840e-01
6.566798686981201172e-01
2.436323016881942749e-01
-7.300712913274765015e-02
-2.687877416610717773e-02
-6.358665972948074341e-02
1.061254367232322693e-01
4.641510844230651855e-01
3.257181048393249512e-01
5.250967144966125488e-01
3.214070498943328857e-01
-1.410420686006546021e-01
-6.282024830579757690e-02
4.524313807487487793e-01
-9.676586091518402100e-02
9.039805084466934204e-02
4.170966446399688721e-01
2.222845703363418579e-01
2.128960341215133667e-01
6.098703294992446899e-02
8.318101614713668823e-02
-1.259214133024215698e-01
-1.236221715807914734e-01
-1.299610286951065063e-01
-4.322887212038040161e-02
-1.233667060732841492e-01
-2.173957377672195435e-01
-4.407511651515960693e-02
-2.149687707424163818e-01
-2.309516370296478271e-01
6.357367336750030518e-02
-3.103016689419746399e-02
-1.270550489425659180e-01
-2.017801254987716675e-01
-2.368274480104446411e-01
-5.072906017303466797e-01
-4.536258876323699951e-01
-6.680772304534912109e-01
-6.525574326515197754e-01
-2.592609226703643799e-01
-1.146807149052619934e-01
1.131189391016960144e-01
6.491488963365554810e-02
3.634159564971923828e-01
4.960848689079284668e-01
3.676152527332305908e-01
1.108835712075233459e-01
-2.287960946559906006e-01
1.895045489072799683e-01
-1.272147297859191895e-01
-1.520272791385650635e-01
7.209999114274978638e-02
2.981965988874435425e-02
-1.777499467134475708e-01
-3.273862227797508240e-02
2.510728836059570312e-01
3.010706417262554169e-02
6.547372788190841675e-02
-1.857972592115402222e-01
-9.986343979835510254e-02
-6.325189471244812012e-01
-5.495868921279907227e-01
-2.919451296329498291e-01
-1.325317025184631348e-01
-6.373409628868103027e-01
-6.649263203144073486e-02
-3.188972473144531250e-01
-5.959707498550415039e-01
-4.701516330242156982e-01
-7.673434019088745117e-01
-7.171594500541687012e-01
-5.937513709068298340e-01
-8.469862341880798340e-01
-5.965774655342102051e-01
-6.663368344306945801e-01
-3.359179794788360596e-01
-2.226009517908096313e-01
-1.632360368967056274e-01
-4.392876327037811279e-01
-4.548393785953521729e-01
1.003613919019699097e-01
-3.475045040249824524e-02
-2.969747185707092285e-01
-6.077648699283599854e-02
-4.396868050098419189e-01
-5.192657709121704102e-01
-2.861172258853912354e-01
-4.906690716743469238e-01
-5.267382860183715820e-01
-3.929676711559295654e-01
-7.805480360984802246e-01
-7.393853664398193359e-01
-5.127672553062438965e-01
-3.011580407619476318e-01
-5.933840870857238770e-01
-6.100854873657226562e-01
-5.347536802291870117e-01
-7.773865461349487305e-01
-5.041770935058593750e-01
-4.173171818256378174e-01
-8.199862241744995117e-01
-2.546784281730651855e-01
-8.295983076095581055e-01
-6.021658778190612793e-01
-2.577440738677978516e-01
-7.953333854675292969e-01
-1.231271997094154358e-01
-7.625852823257446289e-01
1.550799161195755005e-01
-2.721781432628631592e-01
5.565951112657785416e-03
5.145480111241340637e-02
-6.290062665939331055e-01
-4.578571319580078125e-01
-2.131166160106658936e-01
-2.406435310840606689e-01
-2.269279807806015015e-01
-2.658233046531677246e-01
3.269370272755622864e-02
-4.339546859264373779e-01
-7.792866230010986328e-01
-5.084562301635742188e-01
-4.782149195671081543e-01
-4.291326701641082764e-01
-2.072088569402694702e-01
-1.347191780805587769e-01
-2.841159515082836151e-02
-3.259546160697937012e-01
1.228268072009086609e-01
2.700735032558441162e-01
-2.404679059982299805e-01
1.123046278953552246e-01
9.302203543484210968e-03
-1.286198049783706665e-01
-1.141538098454475403e-01
-3.772562444210052490e-01
-4.124632477760314941e-01
-1.387907266616821289e-01
1.001059189438819885e-01
-9.109761565923690796e-02
-1.748120337724685669e-01
6.991253048181533813e-02
-2.378493249416351318e-01
-4.391279518604278564e-01
-5.885142087936401367e-01
-5.242580175399780273e-02
5.452628731727600098e-01
-4.433058574795722961e-02
-5.230978727340698242e-01
-2.377215921878814697e-01
-1.301686018705368042e-01
2.605093121528625488e-01
4.545709490776062012e-01
3.264046907424926758e-01
-1.568812131881713867e-01
-4.880345463752746582e-01
6.448378413915634155e-02
-3.052455782890319824e-01
2.431852370500564575e-01
3.362722396850585938e-01
-2.373383939266204834e-01
3.570089349523186684e-03
-2.170125395059585571e-01
1.799403727054595947e-01
1.678374707698822021e-01
3.772911727428436279e-01
5.977301001548767090e-01
7.394202947616577148e-01
8.208993673324584961e-01
1.335405856370925903e-01
7.261996865272521973e-01
4.033012390136718750e-01
1.658096760511398315e-01
5.778353214263916016e-01
5.207217931747436523e-01
4.099594354629516602e-01
8.908982276916503906e-01
7.120211124420166016e-01
1.076082229614257812e+00
1.144468426704406738e+00
1.894566416740417480e-01
1.143095254898071289e+00
5.602717399597167969e-01
-1.742637343704700470e-02
1.168072894215583801e-01
3.772113323211669922e-01
4.278104305267333984e-01
6.838714480400085449e-01
3.514727056026458740e-01
2.067008912563323975e-01
4.019813984632492065e-02
2.638304531574249268e-01
-1.273210719227790833e-02
-2.220261394977569580e-01
1.017505079507827759e-01
4.575461894273757935e-02
-3.031165525317192078e-02
2.703449428081512451e-01
1.489805728197097778e-01
1.482674852013587952e-02
1.375163346529006958e-01
-3.335548639297485352e-01
6.983269006013870239e-02
-4.295478165149688721e-01
-1.766801625490188599e-01
1.069237813353538513e-01
-8.688235282897949219e-02
9.237794578075408936e-02
1.337002515792846680e-01
4.752799868583679199e-01
4.391948282718658447e-01
3.124656081199645996e-01
2.939280271530151367e-01
5.497655272483825684e-01
2.913308329880237579e-02
2.837730944156646729e-01
1.724359393119812012e-01
-9.106568247079849243e-02
3.563106954097747803e-01
-1.356133222579956055e-01
2.649426460266113281e-04
-4.265406355261802673e-02
3.986229598522186279e-01
-6.596626639366149902e-01
