-6.457906341552734375e+01
-3.718634033203125000e+01
-1.881433868408203125e+01
-7.250332832336425781e+00
-5.700724124908447266e-01
2.815132141113281250e+00
4.110702037811279297e+00
4.161508560180664062e+00
3.567923307418823242e+00
2.720767974853515625e+00
1.850316762924194336e+00
1.068769335746765137e+00
4.346762001514434814e-01
-3.259492293000221252e-02
-3.368440568447113037e-01
-5.169026851654052734e-01
-5.810576677322387695e-01
-5.662243962287902832e-01
-5.209103822708129883e-01
-4.588311016559600830e-01
-4.134372174739837646e-01
-3.509907126426696777e-01
-2.754034399986267090e-01
-2.113442867994308472e-01
-1.716346293687820435e-01
-1.629167050123214722e-01
-1.733590513467788696e-01
-1.875376552343368530e-01
-1.804483532905578613e-01
-1.533205956220626831e-01
-1.282366067171096802e-01
-1.073678806424140930e-01
-8.715379238128662109e-02
-3.867830708622932434e-02
2.876584604382514954e-02
4.492434114217758179e-02
2.656241506338119507e-02
-1.124176895245909691e-03
-2.817209251224994659e-02
-5.437376350164413452e-02
-7.511475682258605957e-02
-8.115024119615554810e-02
-8.558903634548187256e-02
-9.203965961933135986e-02
-8.397638052701950073e-02
-7.567359507083892822e-02
-6.658843159675598145e-02
-4.667771980166435242e-02
-4.084980487823486328e-02
-4.399528354406356812e-02
-3.645890951156616211e-02
-3.291425853967666626e-02
-3.190834447741508484e-02
-3.500592336058616638e-02
-4.680545628070831299e-02
-6.282024830579757690e-02
-6.571025401353836060e-02
-6.369842588901519775e-02
-6.023361161351203918e-02
-5.534774437546730042e-02
-4.425075277686119080e-02
-3.179657831788063049e-02
-1.164635922759771347e-02
2.271439321339130402e-02
4.728744179010391235e-02
6.277532875537872314e-02
6.780489534139633179e-02
6.507997866719961166e-03
-6.018571183085441589e-02
-1.045098006725311279e-01
-1.300568282604217529e-01
-1.160378977656364441e-01
-6.171853467822074890e-02
-2.237611077725887299e-02
-3.305796161293983459e-02
-4.958369582891464233e-02
-5.354348570108413696e-02
-5.232999846339225769e-02
-4.704495891928672791e-02
-3.596393391489982605e-02
-3.158900886774063110e-02
-3.160497546195983887e-02
-4.013129323720932007e-02
-6.687583774328231812e-02
-8.220405876636505127e-02
-8.586047589778900146e-02
-8.373687416315078735e-02
-7.923421263694763184e-02
-8.126200735569000244e-02
-5.474100261926651001e-02
9.493806399405002594e-03
7.428745180368423462e-02
1.025648191571235657e-01
8.003553748130798340e-02
2.867004461586475372e-02
-9.059722535312175751e-03
-3.203608095645904541e-02
-2.236014418303966522e-02
1.348552946001291275e-02
1.407630462199449539e-02
-6.888224743306636810e-03
-2.711827680468559265e-02
-5.782261118292808533e-02
-7.742995768785476685e-02
-8.151748031377792358e-02
-5.134005472064018250e-02
1.366658252663910389e-03
7.450044155120849609e-03
2.165002748370170593e-03
-3.891780972480773926e-02
-7.356596738100051880e-02
-1.021946072578430176e-01
-1.220893487334251404e-01
-1.287156194448471069e-01
-1.256659328937530518e-01
-1.090124696493148804e-01
-8.134184032678604126e-02
-3.803963214159011841e-02
7.370209787040948868e-03
2.324130013585090637e-02
1.291072182357311249e-02
-1.223713345825672150e-02
-2.735778130590915680e-02
1.637553796172142029e-02
1.201922670006752014e-01
1.156896054744720459e-01
4.652103036642074585e-02
-2.335009165108203888e-02
-9.012363106012344360e-02
-9.930459409952163696e-02
-3.597990423440933228e-02
6.076891440898180008e-03
1.881847158074378967e-02
4.854882508516311646e-02
8.599118888378143311e-02
1.032833307981491089e-01
8.918456733226776123e-02
9.957901388406753540e-02
7.427148520946502686e-02
3.553580865263938904e-02
1.703017950057983398e-02
-1.726670563220977783e-02
-2.988054975867271423e-02
-3.511768952012062073e-02
-3.947665169835090637e-02
-1.830455288290977478e-02
2.477412298321723938e-02
4.513191059231758118e-02
6.552163511514663696e-02
9.410236775875091553e-02
1.039379760622978210e-01
1.177652999758720398e-01
1.125600934028625488e-01
9.017451107501983643e-02
6.863517314195632935e-02
4.094858467578887939e-02
2.178831398487091064e-02
2.273035980761051178e-02
2.900534868240356445e-02
5.731464922428131104e-02
8.413902670145034790e-02
8.147255331277847290e-02
4.867656156420707703e-02
1.048375386744737625e-02
-8.208060171455144882e-04
2.899479819461703300e-03
1.926554366946220398e-02
1.896217279136180878e-02
1.184093952178955078e-02
-1.785748079419136047e-02
-4.480959475040435791e-02
-6.125549226999282837e-02
-7.530635595321655273e-02
-9.654232114553451538e-02
-9.646248817443847656e-02
-8.083090186119079590e-02
-6.494384258985519409e-02
-5.172325670719146729e-02
-4.605501145124435425e-02
-5.049380660057067871e-02
-2.616026438772678375e-02
1.995212025940418243e-02
3.627028316259384155e-02
4.422179609537124634e-02
5.672387406229972839e-02
1.493637710809707642e-01
1.761402487754821777e-01
8.038681000471115112e-02
3.985228482633829117e-03
-4.182378575205802917e-02
-5.015850439667701721e-02
-1.287580933421850204e-02
4.639329388737678528e-02
1.017824411392211914e-01
1.137576103210449219e-01
1.118894889950752258e-01
9.715204685926437378e-02
1.032034978270530701e-01
7.117391377687454224e-02
3.353994712233543396e-02
4.861269146203994751e-02
8.720467239618301392e-02
4.364698752760887146e-02
2.079836651682853699e-02
2.969192527234554291e-02
3.189535811543464661e-02
1.862686872482299805e-02
3.373154997825622559e-02
2.365643903613090515e-02
5.581917706876993179e-03
-5.323469638824462891e-03
-1.151862367987632751e-02
-2.880535088479518890e-03
7.130706682801246643e-03
2.803678391501307487e-03
-5.962145049124956131e-03
-1.848018914461135864e-02
7.918500923551619053e-04
6.837970763444900513e-02
8.878539502620697021e-02
4.904379695653915405e-02
8.855130523443222046e-03
-1.747427508234977722e-02
-3.294619172811508179e-02
-4.423478618264198303e-02
-3.813543170690536499e-02
-1.461620070040225983e-02
-1.581371761858463287e-02
-1.215729955583810806e-02
-3.439376363530755043e-03
-8.687067311257123947e-04
9.573641233146190643e-03
-5.467171315103769302e-03
-4.041869938373565674e-02
-6.219753995537757874e-02
-7.551392912864685059e-02
-5.675283074378967285e-02
-4.362804442644119263e-02
-5.188292637467384338e-02
-4.316500574350357056e-02
-1.962980441749095917e-02
-2.740568108856678009e-02
-4.115317389369010925e-02
-5.704023316502571106e-02
-6.200593709945678711e-02
-5.969073623418807983e-02
-5.962686985731124878e-02
-4.765170067548751831e-02
8.168554864823818207e-03
7.591608166694641113e-02
4.669666662812232971e-02
-9.650497697293758392e-03
-5.571497976779937744e-02
-7.390127331018447876e-02
-6.282024830579757690e-02
-5.086104571819305420e-02
-3.982792422175407410e-02
-2.456357516348361969e-02
-2.352572605013847351e-02
-3.626730665564537048e-02
-4.134477674961090088e-02
-2.489887923002243042e-02
2.627501077950000763e-02
7.320170849561691284e-02
1.495074778795242310e-01
1.713661551475524902e-01
1.408374607563018799e-01
8.080194890499114990e-02
2.231522090733051300e-02
-1.651626080274581909e-02
-2.287108451128005981e-02
-1.755410805344581604e-02
-6.010045763105154037e-03
-1.584565080702304840e-02
-2.983264997601509094e-02
-4.485749453306198120e-02
-4.354820773005485535e-02
-2.325429022312164307e-02
-2.103489078581333160e-02
-2.387699857354164124e-02
-9.570662863552570343e-03
3.454586118459701538e-02
1.415559649467468262e-01
2.464744150638580322e-01
2.335731685161590576e-01
1.755654513835906982e-01
1.051674261689186096e-01
5.246071517467498779e-02
2.657838165760040283e-02
1.955294795334339142e-02
2.728092484176158905e-02
6.347786635160446167e-02
3.644591942429542542e-02
6.002473528496921062e-04
-2.368539571762084961e-02
-3.299409523606300354e-02
-3.106210008263587952e-02
6.539931520819664001e-03
2.678595110774040222e-02
3.850565105676651001e-02
5.127916485071182251e-02
6.390897184610366821e-02
3.611061722040176392e-02
8.887064643204212189e-03
-1.145475637167692184e-02
-1.223713345825672150e-02
4.304566420614719391e-03
1.054762117564678192e-02
2.983562648296356201e-02
5.202960595488548279e-02
5.594149604439735413e-02
5.541458725929260254e-02
1.212460845708847046e-01
1.588800400495529175e-01
1.655861437320709229e-01
1.168232560157775879e-01
1.005210578441619873e-01
1.128953993320465088e-01
4.152339324355125427e-02
5.039043724536895752e-03
-1.456829998642206192e-02
-3.277055546641349792e-02
-5.007866770029067993e-02
-4.611887782812118530e-02
-2.743761613965034485e-02
-2.290301769971847534e-02
-1.934240013360977173e-02
-1.635659113526344299e-02
-1.444056537002325058e-02
1.685996074229478836e-03
1.021231710910797119e-02
1.565702632069587708e-02
1.034005172550678253e-02
9.525740519165992737e-03
-1.235945150256156921e-03
-1.557421404868364334e-02
-3.147723898291587830e-02
-1.083204708993434906e-02
2.662628144025802612e-02
3.655768930912017822e-02
4.770258069038391113e-02
6.443588435649871826e-02
6.777296215295791626e-02
6.164167821407318115e-02
2.595567330718040466e-02
-1.447249855846166611e-02
-2.344589307904243469e-02
-4.819457605481147766e-02
-5.464519932866096497e-02
-5.041397362947463989e-02
-6.630103290081024170e-02
-4.412301629781723022e-02
-7.090377621352672577e-04
1.795625872910022736e-02
5.752221867442131042e-02
1.174459680914878845e-01
1.215973570942878723e-01
9.940337389707565308e-02
4.123598709702491760e-02
-2.593131037428975105e-03
-2.780485339462757111e-02
-1.007096841931343079e-01
-1.496801525354385376e-01
-1.677706390619277954e-01
-1.535281687974929810e-01
-1.274063289165496826e-01
-1.070006415247917175e-01
-9.338088333606719971e-02
-8.016029000282287598e-02
-5.954703688621520996e-02
-4.069013521075248718e-02
-3.179657831788063049e-02
-3.109403327107429504e-02
-3.409580886363983154e-02
-4.254229366779327393e-02
-6.007394194602966309e-02
-6.676407158374786377e-02
-2.266351506114006042e-02
5.523895099759101868e-02
4.760677739977836609e-02
-5.483138374984264374e-03
-4.128091037273406982e-02
-3.170077502727508545e-02
-1.485570427030324936e-02
8.040819317102432251e-03
2.003195509314537048e-02
5.076822265982627869e-02
6.652754545211791992e-02
7.744889706373214722e-02
9.073335677385330200e-02
1.165358498692512512e-01
9.341578930616378784e-02
3.895272314548492432e-02
4.703738726675510406e-03
-6.680655293166637421e-03
-1.763394288718700409e-02
-1.062447763979434967e-02
1.859493553638458252e-02
6.628803908824920654e-02
8.867362886667251587e-02
7.875818759202957153e-02
3.724426403641700745e-02
-1.878356002271175385e-02
-3.519752621650695801e-02
-4.155234619975090027e-02
-5.236193537712097168e-02
-5.185099318623542786e-02
-5.232999846339225769e-02
-5.964283645153045654e-02
-5.303254351019859314e-02
-6.622119992971420288e-02
-8.343350887298583984e-02
-8.241162449121475220e-02
-9.398762136697769165e-02
-9.659022837877273560e-02
-8.948495984077453613e-02
-7.837200164794921875e-02
-7.289535552263259888e-02
-6.749854981899261475e-02
-4.495329782366752625e-02
-2.809225767850875854e-02
-5.462923273444175720e-02
-9.451452642679214478e-02
-1.155748590826988220e-01
-1.291467249393463135e-01
-1.344317644834518433e-01
-1.288593113422393799e-01
-1.155748590826988220e-01
-1.058829575777053833e-01
-1.047972068190574646e-01
-1.074157804250717163e-01
-1.069846749305725098e-01
-1.070006415247917175e-01
-1.001668125391006470e-01
-9.825078397989273071e-02
-1.024660393595695496e-01
-7.546602934598922729e-02
-8.979887701570987701e-03
4.976230859756469727e-02
1.838736608624458313e-02
-4.070610180497169495e-02
-7.771735638380050659e-02
-7.939388602972030640e-02
-5.903609469532966614e-02
-4.500119760632514954e-02
-2.806032449007034302e-02
-1.645239256322383881e-02
-1.954455394297838211e-03
-7.569384761154651642e-04
6.220593582838773727e-03
2.580141881480813026e-03
-9.682430885732173920e-03
-3.604377061128616333e-02
-5.368718504905700684e-02
-5.145182088017463684e-02
-3.585216775536537170e-02
-2.405263483524322510e-02
-2.798048965632915497e-02
-3.534122556447982788e-02
-1.388172339648008347e-02
1.888233982026576996e-02
4.098051786422729492e-02
6.857130676507949829e-02
9.849326312541961670e-02
6.916208565235137939e-02
4.698406904935836792e-02
1.252751611173152924e-02
-2.874690108001232147e-02
-3.678879700601100922e-03
1.681727766990661621e-01
1.811857968568801880e-01
1.680131107568740845e-01
1.194577962160110474e-01
8.214316517114639282e-02
1.420404016971588135e-02
-3.158900886774063110e-02
-4.674158617854118347e-02
-6.863220036029815674e-02
-7.481138408184051514e-02
-6.076052039861679077e-02
-3.877411037683486938e-02
-9.490828029811382294e-03
1.465111318975687027e-02
1.640747115015983582e-02
3.258193284273147583e-02
7.269076257944107056e-02
8.118515461683273315e-02
7.513370364904403687e-02
6.125847250223159790e-02
4.455710202455520630e-02
1.041988655924797058e-02
3.043181728571653366e-03
-9.123589843511581421e-03
5.581917706876993179e-03
2.496572583913803101e-02
7.162098586559295654e-02
7.264286279678344727e-02
4.869252815842628479e-02
3.603078052401542664e-02
1.322153359651565552e-01
2.011444121599197388e-01
1.954761594533920288e-01
1.692106276750564575e-01
1.440308392047882080e-01
9.571502357721328735e-02
4.193853214383125305e-02
4.267301037907600403e-02
7.134954631328582764e-02
5.346662923693656921e-02
4.184272885322570801e-02
4.545124620199203491e-02
4.723953828215599060e-02
4.264107346534729004e-02
3.896868973970413208e-02
2.953225560486316681e-02
3.900062292814254761e-02
6.812423467636108398e-02
6.723009049892425537e-02
8.311714977025985718e-02
1.401828080415725708e-01
1.575547903776168823e-01
1.386020928621292114e-01
1.265470981597900391e-01
1.201763004064559937e-01
1.051514595746994019e-01
9.948321431875228882e-02
9.252164512872695923e-02
8.298940956592559814e-02
4.364698752760887146e-02
5.701127648353576660e-02
6.240808591246604919e-02
4.907573387026786804e-02
4.316798225045204163e-02
1.958114653825759888e-01
2.704247534275054932e-01
2.538032233715057373e-01
2.053756266832351685e-01
1.310816854238510132e-01
8.466593176126480103e-02
3.665348887443542480e-02
6.587832234799861908e-03
2.504555881023406982e-02
4.327975213527679443e-02
3.325254097580909729e-02
4.110825434327125549e-02
7.412778586149215698e-02
7.382441312074661255e-02
3.927205875515937805e-02
2.763219550251960754e-02
7.157308608293533325e-02
8.377178758382797241e-02
8.600715547800064087e-02
8.849798887968063354e-02
8.203139901161193848e-02
8.274991065263748169e-02
1.076742261648178101e-01
9.370319545269012451e-02
5.578182637691497803e-02
3.272563591599464417e-02
7.288236916065216064e-02
1.188350841403007507e-01
1.327901333570480347e-01
1.702005714178085327e-01
2.151633352041244507e-01
2.470013201236724854e-01
2.715584039688110352e-01
2.638304531574249268e-01
2.020704895257949829e-01
1.360952854156494141e-01
8.147255331277847290e-02
6.759732961654663086e-02
8.765174448490142822e-02
1.144761219620704651e-01
1.449090093374252319e-01
1.310497522354125977e-01
1.090952828526496887e-01
8.345244824886322021e-02
4.045360907912254333e-02
1.805206015706062317e-02
6.476063746958971024e-03
2.855827659368515015e-02
6.421234458684921265e-02
6.925788521766662598e-02
6.660737842321395874e-02
7.270673662424087524e-02
1.192023232579231262e-01
1.321834027767181396e-01
8.544830977916717529e-02
6.047609448432922363e-02
3.994267061352729797e-02
2.375224046409130096e-02
7.174871861934661865e-02
1.199048683047294617e-01
1.529722958803176880e-01
1.537227332592010498e-01
1.613868474960327148e-01
1.094465553760528564e-01
9.250567853450775146e-02
8.340454846620559692e-02
4.610589146614074707e-02
5.196573957800865173e-02
5.474397912621498108e-02
7.008816301822662354e-02
9.058964997529983521e-02
7.748083025217056274e-02
6.882677972316741943e-02
4.610589146614074707e-02
3.818631172180175781e-02
3.566354140639305115e-02
3.219872713088989258e-02
3.614255040884017944e-02
2.105383574962615967e-02
3.777658799663186073e-03
-4.833827540278434753e-02
-6.931877136230468750e-02
-6.515141576528549194e-02
-7.062806189060211182e-02
-8.194858580827713013e-02
-7.479541748762130737e-02
-6.852042675018310547e-02
-6.012184545397758484e-02
-5.157955735921859741e-02
-4.567180573940277100e-02
-4.120107740163803101e-02
-3.850267082452774048e-02
-2.724601328372955322e-02
-2.627203240990638733e-02
-3.633117303252220154e-02
-2.571319043636322021e-02
3.384331613779067993e-02
1.123365610837936401e-01
1.300757825374603271e-01
1.130870059132575989e-01
1.050237193703651428e-01
9.605032950639724731e-02
1.111869439482688904e-01
1.201763004064559937e-01
1.312413513660430908e-01
6.981672346591949463e-02
7.299413532018661499e-02
9.466121345758438110e-02
1.535311341285705566e-01
1.886423230171203613e-01
1.911810636520385742e-01
2.143649905920028687e-01
1.929853260517120361e-01
2.092715501785278320e-01
2.241367250680923462e-01
2.292461395263671875e-01
1.917878091335296631e-01
1.763478219509124756e-01
1.675181239843368530e-01
1.554631292819976807e-01
1.540899723768234253e-01
1.359356194734573364e-01
8.939213305711746216e-02
1.134223118424415588e-01
1.765873283147811890e-01
1.964820772409439087e-01
1.815530359745025635e-01
1.696736663579940796e-01
1.216292902827262878e-01
6.908224523067474365e-02
5.851216614246368408e-02
8.639036118984222412e-02
9.560325741767883301e-02
9.435784071683883667e-02
6.793263554573059082e-02
4.596218839287757874e-02
2.584390342235565186e-02
4.752694442868232727e-02
3.785100579261779785e-02
4.444533213973045349e-02
3.235839679837226868e-02
5.842804675921797752e-04
-2.952927723526954651e-02
-3.253105282783508301e-02
-1.412122696638107300e-02
-1.983737386763095856e-02
-9.842099621891975403e-03
2.122947201132774353e-02
9.238336235284805298e-03
-2.912468975409865379e-03
-1.180602796375751495e-02
-2.121052704751491547e-02
-2.438793890178203583e-02
-1.788941398262977600e-02
6.300427950918674469e-03
1.156950276345014572e-02
1.056358870118856430e-02
5.386580154299736023e-02
1.265790313482284546e-01
2.006174921989440918e-01
1.939433366060256958e-01
1.326304674148559570e-01
1.218368634581565857e-01
6.601660698652267456e-02
2.517329528927803040e-02
-4.046118352562189102e-03
-7.782370783388614655e-03
5.070977378636598587e-03
6.028990726917982101e-03
3.128433017991483212e-04
-2.119456045329570770e-02
-2.223240770399570465e-02
-2.592075988650321960e-02
-8.836185559630393982e-03
7.098772563040256500e-03
3.937327768653631210e-03
2.532241167500615120e-03
1.715791411697864532e-02
2.320936694741249084e-02
1.244768127799034119e-02
-5.562972743064165115e-03
-2.609098097309470177e-03
1.701421290636062622e-02
3.055413812398910522e-02
4.195449873805046082e-02
5.900713801383972168e-02
6.726202368736267090e-02
9.857309609651565552e-02
1.042413488030433655e-01
1.052472591400146484e-01
5.538265407085418701e-02
-1.257243845611810684e-02
-3.233944997191429138e-02
-3.992372378706932068e-02
-2.818805910646915436e-02
-8.277344517409801483e-03
3.825559513643383980e-03
3.438619151711463928e-02
4.422179609537124634e-02
7.735309749841690063e-02
7.577237486839294434e-02
6.267952173948287964e-02
6.165764480829238892e-02
3.612658381462097168e-02
-4.444235563278198242e-02
-9.047490358352661133e-02
-1.074636802077293396e-01
-1.003424450755119324e-01
-7.139446586370468140e-02
-3.489415347576141357e-02
-7.383198477327823639e-03
-9.890000335872173309e-03
-2.119456045329570770e-02
-2.596866153180599213e-02
-1.761797629296779633e-02
2.995281247422099113e-03
4.129985719919204712e-02
1.234814524650573730e-01
2.265796661376953125e-01
1.878120452165603638e-01
1.100852265954017639e-01
1.485868263989686966e-02
-5.490066856145858765e-02
-9.534480422735214233e-02
-1.080863848328590393e-01
-9.544061124324798584e-02
-3.912537917494773865e-02
6.855534017086029053e-02
1.052951589226722717e-01
8.097758144140243530e-02
2.060676366090774536e-02
2.101135207340121269e-03
2.116560563445091248e-02
5.370613187551498413e-02
3.020286560058593750e-02
-1.903902925550937653e-02
-5.474100261926651001e-02
-7.045242190361022949e-02
-6.569428741931915283e-02
-2.932170778512954712e-02
5.295568704605102539e-02
2.553040981292724609e-01
3.588653802871704102e-01
3.800853788852691650e-01
3.234188854694366455e-01
2.012721449136734009e-01
7.660265266895294189e-02
1.228268072009086609e-01
1.584968417882919312e-01
1.992922425270080566e-01
1.837404966354370117e-01
2.209433466196060181e-01
3.086175620555877686e-01
3.110285699367523193e-01
2.914052605628967285e-01
2.178298085927963257e-01
1.907659322023391724e-01
1.560858339071273804e-01
1.523495763540267944e-01
1.126079931855201721e-01
8.683743327856063843e-02
9.050981700420379639e-02
9.811005741357803345e-02
1.049279198050498962e-01
1.074985936284065247e-01
1.272177100181579590e-01
1.656659692525863647e-01
1.739048808813095093e-01
1.295009702444076538e-01
7.511773705482482910e-02
2.538086473941802979e-02
-8.596681989729404449e-03
-2.303075231611728668e-02
-1.357835251837968826e-02
-1.910289749503135681e-02
-2.486694604158401489e-02
-2.405263483524322510e-02
-2.906623855233192444e-02
-1.758604310452938080e-02
4.192798398435115814e-03
7.146673277020454407e-03
7.833249866962432861e-03
1.937731355428695679e-02
4.597815498709678650e-02
7.807160913944244385e-02
1.037304028868675232e-01
1.653306633234024048e-01
2.073235958814620972e-01
1.421627104282379150e-01
8.776351064443588257e-02
8.642229437828063965e-02
1.124962270259857178e-01
1.373247355222702026e-01
1.410929262638092041e-01
1.136458441615104675e-01
5.466414615511894226e-02
5.868780240416526794e-02
7.243529707193374634e-02
8.621472120285034180e-02
8.608698844909667969e-02
7.262689620256423950e-02
8.021117001771926880e-02
8.380372077226638794e-02
8.755594491958618164e-02
8.631052821874618530e-02
6.327030062675476074e-02
4.342345148324966431e-02
1.557719241827726364e-02
-9.107623249292373657e-03
7.976952008903026581e-03
3.622238337993621826e-02
4.249737411737442017e-02
6.344593316316604614e-02
8.651809394359588623e-02
7.451099157333374023e-02
9.111656248569488525e-02
1.036186367273330688e-01
1.036825031042098999e-01
7.855061441659927368e-02
6.311062723398208618e-02
7.834304869174957275e-02
9.103672206401824951e-02
8.353228867053985596e-02
9.233004599809646606e-02
1.129432991147041321e-01
9.368722885847091675e-02
8.793915063142776489e-02
6.735782325267791748e-02
5.582972615957260132e-02
5.811299383640289307e-02
5.507928505539894104e-02
4.426969960331916809e-02
8.126498758792877197e-02
1.307783126831054688e-01
1.512159407138824463e-01
2.579865455627441406e-01
3.351385891437530518e-01
2.692591845989227295e-01
1.834530830383300781e-01
1.610675007104873657e-01
1.349137425422668457e-01
1.340674906969070435e-01
1.278723478317260742e-01
1.678534299135208130e-01
1.588960140943527222e-01
1.652827709913253784e-01
1.344985961914062500e-01
2.463307082653045654e-01
4.040197432041168213e-01
4.555289447307586670e-01
3.935454785823822021e-01
3.400883078575134277e-01
3.356335461139678955e-01
2.964987158775329590e-01
2.710953652858734131e-01
2.601101398468017578e-01
2.736979722976684570e-01
2.902875840663909912e-01
2.525418400764465332e-01
2.458996027708053589e-01
2.220929712057113647e-01
1.892810016870498657e-01
2.032360732555389404e-01
1.921231150627136230e-01
1.789184957742691040e-01
1.975678205490112305e-01
1.888658702373504639e-01
1.700887978076934814e-01
1.637659072875976562e-01
1.276328414678573608e-01
3.088944219052791595e-02
6.098703294992446899e-02
9.217037260532379150e-02
1.465855389833450317e-01
1.374365091323852539e-01
1.658256351947784424e-01
1.432644277811050415e-01
1.047043874859809875e-01
1.066523492336273193e-01
8.500123769044876099e-02
7.724133133888244629e-02
9.025434404611587524e-02
1.088078767061233521e-01
1.304749548435211182e-01
1.675181239843368530e-01
1.522218436002731323e-01
2.056311070919036865e-01
2.242484986782073975e-01
2.125607281923294067e-01
1.557984352111816406e-01
1.105322986841201782e-01
1.301077157258987427e-01
1.603809297084808350e-01
1.171425953507423401e-01
-6.771039916202425957e-04
-7.310292869806289673e-02
-1.011407896876335144e-01
-9.612718224525451660e-02
-9.354054927825927734e-02
-8.865468204021453857e-02
-6.524721533060073853e-02
-3.807156533002853394e-02
-3.026375547051429749e-02
-2.336605824530124664e-02
-1.777764596045017242e-02
-2.384506538510322571e-02
-2.309462055563926697e-02
-1.846422255039215088e-02
-2.882673405110836029e-02
-4.094560444355010986e-02
-2.014074474573135376e-02
5.064048618078231812e-02
1.727073639631271362e-01
1.516630053520202637e-01
1.013513356447219849e-01
1.178451403975486755e-01
1.575547903776168823e-01
1.694181859493255615e-01
1.497469842433929443e-01
1.170308291912078857e-01
8.069018274545669556e-02
7.412778586149215698e-02
5.876763537526130676e-02
1.185796111822128296e-01
1.633507758378982544e-01
2.808830738067626953e-01
2.942473590373992920e-01
2.447978854179382324e-01
1.707594096660614014e-01
1.420828700065612793e-01
1.162005439400672913e-01
1.282395869493484497e-01
1.741124540567398071e-01
1.823992729187011719e-01
1.456913948059082031e-01
8.806688338518142700e-02
2.664224803447723389e-02
-4.078052006661891937e-03
-2.853933162987232208e-02
-3.473448380827903748e-02
-1.043287478387355804e-02
1.204850897192955017e-02
1.097872760146856308e-02
6.555898580700159073e-03
1.235187985002994537e-02
1.682261005043983459e-02
8.887064643204212189e-03
1.182497292757034302e-02
6.156726274639368057e-03
-4.285621456801891327e-03
-2.489887923002243042e-02
-3.205204755067825317e-02
7.178606931120157242e-03
1.081851646304130554e-01
1.192342564463615417e-01
1.053111255168914795e-01
7.513370364904403687e-02
3.028270043432712555e-02
-4.795507341623306274e-02
-1.029769852757453918e-01
-1.303602010011672974e-01
-1.236700713634490967e-01
-9.989537298679351807e-02
-8.202841877937316895e-02
-6.382616609334945679e-02
-4.520876705646514893e-02
-3.032762184739112854e-02
-1.848018914461135864e-02
-1.167829241603612900e-02
-1.811295002698898315e-02
-2.874690108001232147e-02
-3.824720159173011780e-02
-4.730042815208435059e-02
-2.114665880799293518e-02
6.004498898983001709e-02
1.644205600023269653e-01
1.634785085916519165e-01
1.086322441697120667e-01
9.445364028215408325e-02
7.497403025627136230e-02
8.324488252401351929e-02
1.103087663650512695e-01
1.100053936243057251e-01
8.153642714023590088e-02
7.851868122816085815e-02
6.981672346591949463e-02
9.739154577255249023e-02
1.063010767102241516e-01
1.275530010461807251e-01
1.232898458838462830e-01
8.718870580196380615e-02
5.538265407085418701e-02
4.893203079700469971e-02
2.589180506765842438e-02
7.338276132941246033e-03
2.544473111629486084e-02
2.407157979905605316e-02
2.523716166615486145e-02
6.109880283474922180e-02
1.524773240089416504e-01
1.577304303646087646e-01
1.051195263862609863e-01
6.370140612125396729e-02
6.057189404964447021e-02
1.659214347600936890e-01
2.197138965129852295e-01
2.036033123731613159e-01
1.602531969547271729e-01
1.559740751981735229e-01
1.859439313411712646e-01
2.382993698120117188e-01
2.684448659420013428e-01
1.987972706556320190e-01
1.425299495458602905e-01
1.007286310195922852e-01
8.977533876895904541e-02
9.902016818523406982e-02
5.966178327798843384e-02
3.734006732702255249e-02
4.762274399399757385e-02
6.406864523887634277e-02
3.955946490168571472e-02
4.144897684454917908e-03
-1.624482311308383942e-02
-2.224837616086006165e-02
-1.808101683855056763e-02
-1.637255959212779999e-02
1.498641725629568100e-02
5.514315143227577209e-02
6.609643995761871338e-02
4.240157082676887512e-02
1.101066172122955322e-02
-1.383382268249988556e-02
-2.378119714558124542e-02
-2.643170021474361420e-02
-2.100295759737491608e-02
-1.579775102436542511e-02
1.134596578776836395e-02
1.231461465358734131e-01
1.803874522447586060e-01
1.355364471673965454e-01
6.390897184610366821e-02
-1.567001640796661377e-02
-6.754644960165023804e-02
-8.898998796939849854e-02
-8.352930843830108643e-02
-6.807335466146469116e-02
-5.790244415402412415e-02
-1.642045937478542328e-02
7.537320256233215332e-02
7.229159027338027954e-02
4.037377610802650452e-02
9.158501401543617249e-03
-2.228030934929847717e-02
-3.802366554737091064e-02
-5.188292637467384338e-02
-6.304378807544708252e-02
-6.294798105955123901e-02
-5.727973580360412598e-02
-6.392196565866470337e-02
-6.855235993862152100e-02
-7.125076651573181152e-02
-6.783385574817657471e-02
-3.192431107163429260e-02
1.340569555759429932e-02
4.129985719919204712e-02
6.288709491491317749e-02
8.567184954881668091e-02
1.066044420003890991e-01
1.041455417871475220e-01
8.578361570835113525e-02
6.991253048181533813e-02
6.652754545211791992e-02
4.605798795819282532e-02
3.721233084797859192e-02
2.811120264232158661e-02
4.096996970474720001e-03
-2.082190476357936859e-03
2.311356551945209503e-02
3.138441592454910278e-02
5.485574901103973389e-02
5.988531932234764099e-02
5.335485935211181641e-02
2.515732869505882263e-02
1.209640968590974808e-02
-5.539564415812492371e-02
-1.061543971300125122e-01
-1.276777684688568115e-01
-1.164211034774780273e-01
-9.732469916343688965e-02
-8.566886931657791138e-02
-7.010114938020706177e-02
-5.330397933721542358e-02
-4.388351365923881531e-02
-3.733708709478378296e-02
-3.679421544075012207e-02
-4.701302573084831238e-02
-5.772681161761283875e-02
-6.786578893661499023e-02
-6.575815379619598389e-02
-5.141988769173622131e-02
-4.399528354406356812e-02
-4.496926441788673401e-02
-8.596681989729404449e-03
8.975937217473983765e-02
2.375808507204055786e-01
2.314336001873016357e-01
1.256689131259918213e-01
3.371558338403701782e-02
-1.983737386763095856e-02
-5.415022745728492737e-02
-5.965880304574966431e-02
-4.445832222700119019e-02
-1.836842112243175507e-02
6.971037480980157852e-03
3.207099065184593201e-02
3.949559852480888367e-02
8.711428381502628326e-03
-7.111761253327131271e-03
-5.674741230905056000e-03
-1.410526037216186523e-02
-1.083204708993434906e-02
7.354243192821741104e-03
3.534420579671859741e-02
1.382348537445068359e-01
2.175264358520507812e-01
2.064773440361022949e-01
1.842833608388900757e-01
1.597901582717895508e-01
1.163602173328399658e-01
1.307623535394668579e-01
8.990307897329330444e-02
5.937437713146209717e-02
7.558077573776245117e-02
1.312732845544815063e-01
1.496831178665161133e-01
1.484696269035339355e-01
1.084087044000625610e-01
1.226511746644973755e-01
8.894506096839904785e-02
7.312187552452087402e-02
5.525492131710052490e-02
6.135427206754684448e-02
1.100852265954017639e-01
1.866943687200546265e-01
2.016074508428573608e-01
2.009049057960510254e-01
1.408853530883789062e-01
9.319225698709487915e-02
8.610295504331588745e-02
6.750152260065078735e-02
4.824545234441757202e-02
2.469428814947605133e-02
7.561812642961740494e-03
1.002071425318717957e-02
9.429939091205596924e-03
2.633887715637683868e-02
6.350979954004287720e-02
8.629456162452697754e-02
7.805564254522323608e-02
6.850744038820266724e-02
7.301010191440582275e-02
1.107079386711120605e-01
7.572447508573532104e-02
5.408933758735656738e-02
5.959791317582130432e-02
8.944003283977508545e-02
2.674549221992492676e-01
3.968506157398223877e-01
3.172237277030944824e-01
2.291662991046905518e-01
2.355370968580245972e-01
2.517434954643249512e-01
2.374211847782135010e-01
1.622809916734695435e-01
1.091112494468688965e-01
7.570850849151611328e-02
7.256302982568740845e-02
9.897226840257644653e-02
1.223637685179710388e-01
1.061573699116706848e-01
9.809409081935882568e-02
6.133830547332763672e-02
5.688354372978210449e-02
6.456361711025238037e-02
6.255178898572921753e-02
6.485102325677871704e-02
7.241933047771453857e-02
1.087919101119041443e-01
1.708232760429382324e-01
2.496358603239059448e-01
3.078351914882659912e-01
2.643573582172393799e-01
2.227635830640792847e-01
3.117790222167968750e-01
3.691161274909973145e-01
4.234674274921417236e-01
4.753917753696441650e-01
3.895697295665740967e-01
3.019593656063079834e-01
2.429936379194259644e-01
2.012721449136734009e-01
1.439669579267501831e-01
1.537865996360778809e-01
1.640692800283432007e-01
1.498427838087081909e-01
1.559581011533737183e-01
1.488847732543945312e-01
1.792218685150146484e-01
2.076908349990844727e-01
2.337168604135513306e-01
2.272662371397018433e-01
2.166163176298141479e-01
1.832455247640609741e-01
1.706636101007461548e-01
1.371171623468399048e-01
1.457392871379852295e-01
1.551916897296905518e-01
1.649634242057800293e-01
1.868859678506851196e-01
2.220291048288345337e-01
2.675347626209259033e-01
2.395128458738327026e-01
2.126405686140060425e-01
1.836606562137603760e-01
2.014797180891036987e-01
2.094791233539581299e-01
2.635909318923950195e-01
2.501627802848815918e-01
2.633514404296875000e-01
3.157068789005279541e-01
5.177998542785644531e-01
4.199068248271942139e-01
2.532922625541687012e-01
1.301077157258987427e-01
7.316977530717849731e-02
3.195922449231147766e-02
2.180428057909011841e-02
2.403964474797248840e-02
3.079364076256752014e-02
5.311535671353340149e-02
5.504735186696052551e-02
4.570671916007995605e-02
4.032587632536888123e-02
2.806330285966396332e-02
1.580072939395904541e-02
1.206989400088787079e-03
-6.600820925086736679e-03
-9.091655723750591278e-03
5.683135823346674442e-04
1.390066836029291153e-02
2.728092484176158905e-02
3.377944976091384888e-02
3.331641107797622681e-02
1.905797421932220459e-02
1.527382154017686844e-02
1.117033045738935471e-02
-9.006405016407370567e-04
2.381610870361328125e-02
2.233543545007705688e-01
2.851302623748779297e-01
2.489652484655380249e-01
1.727393120527267456e-01
1.060935035347938538e-01
5.683564022183418274e-02
6.004498898983001709e-02
6.386107206344604492e-02
9.659320116043090820e-02
9.247374534606933594e-02
1.052632257342338562e-01
9.900420159101486206e-02
6.521826237440109253e-02
3.840984776616096497e-02
6.697461754083633423e-02
1.082650050520896912e-01
1.347700357437133789e-01
1.368936300277709961e-01
1.222999021410942078e-01
1.142685562372207642e-01
1.084885373711585999e-01
1.135500445961952209e-01
1.001218855381011963e-01
7.765647023916244507e-02
9.870083630084991455e-02
1.434240937232971191e-01
1.529722958803176880e-01
2.125447690486907959e-01
2.168558239936828613e-01
1.826228052377700806e-01
1.572035253047943115e-01
1.235772520303726196e-01
1.572035253047943115e-01
2.655389010906219482e-01
2.994685471057891846e-01
3.737145960330963135e-01
2.970894873142242432e-01
3.560552000999450684e-01
4.887241125106811523e-01
3.599032461643218994e-01
2.271385043859481812e-01
1.311295777559280396e-01
7.797580957412719727e-02
3.544000536203384399e-02
-1.006563659757375717e-02
-7.654635701328516006e-03
2.241102233529090881e-02
3.665348887443542480e-02
5.474397912621498108e-02
4.594622179865837097e-02
4.565881565213203430e-02
3.587111085653305054e-02
2.217151969671249390e-02
2.985159493982791901e-02
4.706390574574470520e-02
8.043470978736877441e-02
1.166955232620239258e-01
1.827345788478851318e-01
2.622177898883819580e-01
3.091923892498016357e-01
3.069570064544677734e-01
2.577151060104370117e-01
2.225081026554107666e-01
2.326151579618453979e-01
2.292940318584442139e-01
2.093833237886428833e-01
2.051361352205276489e-01
2.114430516958236694e-01
2.024217545986175537e-01
2.632077336311340332e-01
2.538511157035827637e-01
2.472408264875411987e-01
2.471929192543029785e-01
3.060309290885925293e-01
3.667689859867095947e-01
3.905756175518035889e-01
4.048979282379150391e-01
3.156749308109283447e-01
2.665767371654510498e-01
2.258292287588119507e-01
2.278570234775543213e-01
1.736973226070404053e-01
1.601094901561737061e-01
1.496352106332778931e-01
1.665601134300231934e-01
2.009847313165664673e-01
1.988611370325088501e-01
2.048487216234207153e-01
2.680616676807403564e-01
2.667364180088043213e-01
2.405826300382614136e-01
2.649800479412078857e-01
2.568369209766387939e-01
2.570764422416687012e-01
2.809469401836395264e-01
3.403438031673431396e-01
4.019600152969360352e-01
4.425957798957824707e-01
5.825455784797668457e-01
8.494481444358825684e-01
7.872730493545532227e-01
8.522423505783081055e-01
7.206112742424011230e-01
6.144793629646301270e-01
5.565674304962158203e-01
4.639594554901123047e-01
4.141906797885894775e-01
3.622982800006866455e-01
3.384597003459930420e-01
3.232592046260833740e-01
2.748954892158508301e-01
2.503224313259124756e-01
2.307629883289337158e-01
2.304596155881881714e-01
2.405506968498229980e-01
2.735223472118377686e-01
2.600622475147247314e-01
3.145732283592224121e-01
3.261811435222625732e-01
3.371344506740570068e-01
3.293266296386718750e-01
3.037955760955810547e-01
2.693709433078765869e-01
2.736820280551910400e-01
2.852260768413543701e-01
2.952213585376739502e-01
2.719096839427947998e-01
2.189953923225402832e-01
1.842194944620132446e-01
1.996594816446304321e-01
2.553360462188720703e-01
2.942952811717987061e-01
3.383638858795166016e-01
3.433934748172760010e-01
3.723573982715606689e-01
4.517128765583038330e-01
5.314355492591857910e-01
5.033657550811767578e-01
4.881173670291900635e-01
4.938175678253173828e-01
4.876703023910522461e-01
4.329517781734466553e-01
3.812350034713745117e-01
3.668169081211090088e-01
3.453094959259033203e-01
3.143656551837921143e-01
2.775619626045227051e-01
2.597269415855407715e-01
2.352337241172790527e-01
2.531645298004150391e-01
2.598387002944946289e-01
3.061427175998687744e-01
4.164579510688781738e-01
4.596643745899200439e-01
4.588340818881988525e-01
4.832634329795837402e-01
4.932587146759033203e-01
5.348843932151794434e-01
5.451351404190063477e-01
6.913918852806091309e-01
8.476917743682861328e-01
6.823546290397644043e-01
6.110943555831909180e-01
4.786170721054077148e-01
3.508819341659545898e-01
2.470332533121109009e-01
2.435205429792404175e-01
2.349942177534103394e-01
1.664643138647079468e-01
1.146517619490623474e-01
7.810354232788085938e-02
5.642050132155418396e-02
5.694741010665893555e-02
7.597994804382324219e-02
8.278184384107589722e-02
8.902489393949508667e-02
9.715204685926437378e-02
8.405919373035430908e-02
6.756539642810821533e-02
3.274160251021385193e-02
4.960263893008232117e-02
1.727552711963653564e-01
3.058712780475616455e-01
3.802929520606994629e-01
4.176554679870605469e-01
3.775945603847503662e-01
3.878133594989776611e-01
3.130404055118560791e-01
2.369741052389144897e-01
1.993241757154464722e-01
2.268511056900024414e-01
1.893927752971649170e-01
1.951089203357696533e-01
2.807553410530090332e-01
3.017997145652770996e-01
2.883076965808868408e-01
2.692272365093231201e-01
2.495560199022293091e-01
2.663532197475433350e-01
2.823680043220520020e-01
2.676465213298797607e-01
2.429616898298263550e-01
5.749028548598289490e-02
-6.412953138351440430e-02
-1.227280274033546448e-01
-1.346553117036819458e-01
-1.142496094107627869e-01
-8.587644249200820923e-02
-5.432585999369621277e-02
-2.258368022739887238e-02
-1.032110676169395447e-02
-5.690707825124263763e-03
-8.069775067269802094e-03
-1.474393624812364578e-02
-2.007687836885452271e-02
-3.301006183028221130e-02
-4.693318903446197510e-02
-5.194679647684097290e-02
-3.031165525317192078e-02
3.170917043462395668e-03
1.104259490966796875e-02
3.834598138928413391e-02
1.148912608623504639e-01
4.843970835208892822e-01
6.764468550682067871e-01
6.391482353210449219e-01
4.126897752285003662e-01
2.361438274383544922e-01
9.571502357721328735e-02
-1.597338728606700897e-02
-6.800948828458786011e-02
-6.797755509614944458e-02
-4.522473365068435669e-02
-3.503243904560804367e-03
3.250209987163543701e-02
7.886995375156402588e-02
1.055985316634178162e-01
1.208948120474815369e-01
1.039379760622978210e-01
7.163695245981216431e-02
5.353049561381340027e-02
5.212540924549102783e-02
5.803315714001655579e-02
8.337261527776718140e-02
1.277446150779724121e-01
1.607162356376647949e-01
2.122413963079452515e-01
2.941036820411682129e-01
3.050250113010406494e-01
2.601740062236785889e-01
2.681574821472167969e-01
2.662893533706665039e-01
4.342770278453826904e-01
5.717359781265258789e-01
5.398501157760620117e-01
4.368636608123779297e-01
3.882763981819152832e-01
3.373100757598876953e-01
2.775619626045227051e-01
2.588487565517425537e-01
2.090959250926971436e-01
1.867582350969314575e-01
1.839800029993057251e-01
1.958913058042526245e-01
2.427541315555572510e-01
2.997080385684967041e-01
3.025341928005218506e-01
3.314183056354522705e-01
3.689405024051666260e-01
3.664816021919250488e-01
3.218221962451934814e-01
2.842361330986022949e-01
3.233709931373596191e-01
5.197318196296691895e-01
5.999494791030883789e-01
4.967554509639739990e-01
4.610854387283325195e-01
3.938169181346893311e-01
3.230516314506530762e-01
2.825436294078826904e-01
2.256695479154586792e-01
2.597269415855407715e-01
3.091125488281250000e-01
3.769079744815826416e-01
5.082835555076599121e-01
5.063356161117553711e-01
5.474663376808166504e-01
5.301422476768493652e-01
6.906733512878417969e-01
1.216542959213256836e+00
1.182948589324951172e+00
9.389106631278991699e-01
7.186952829360961914e-01
5.238672494888305664e-01
3.688766360282897949e-01
3.299653232097625732e-01
3.693875670433044434e-01
4.331912696361541748e-01
4.907998144626617432e-01
5.115088820457458496e-01
4.681906998157501221e-01
5.942333340644836426e-01
5.934669375419616699e-01
4.318819940090179443e-01
3.703296184539794922e-01
3.629369437694549561e-01
3.696430325508117676e-01
3.570611178874969482e-01
2.742248773574829102e-01
4.298062920570373535e-01
5.736360549926757812e-01
7.840796709060668945e-01
7.894445657730102539e-01
8.379998803138732910e-01
8.057627081871032715e-01
7.556107044219970703e-01
6.132179498672485352e-01
5.097205638885498047e-01
5.685106515884399414e-01
5.174165964126586914e-01
4.962126016616821289e-01
5.181670784950256348e-01
6.820512413978576660e-01
6.820192933082580566e-01
7.628756761550903320e-01
7.950649261474609375e-01
7.828981280326843262e-01
7.007963657379150391e-01
4.631451666355133057e-01
8.161571621894836426e-01
9.133636355400085449e-01
6.689105033874511719e-01
4.383964836597442627e-01
3.023745119571685791e-01
1.810101568698883057e-01
1.131508722901344299e-01
5.637260153889656067e-02
4.973037540912628174e-02
6.769312918186187744e-02
9.028628468513488770e-02
1.128634661436080933e-01
1.020698472857475281e-01
7.954056560993194580e-02
6.772506237030029297e-02
6.761329621076583862e-02
9.371916204690933228e-02
2.267872393131256104e-01
3.996129035949707031e-01
3.789038360118865967e-01
4.540440142154693604e-01
4.549541473388671875e-01
4.234195351600646973e-01
3.816820681095123291e-01
2.997719049453735352e-01
2.157541066408157349e-01
1.910054236650466919e-01
1.702644377946853638e-01
1.541378796100616455e-01
1.923785805702209473e-01
2.027570605278015137e-01
1.751982122659683228e-01
1.735855489969253540e-01
1.475754827260971069e-01
1.584170013666152954e-01
1.733300834894180298e-01
1.534512937068939209e-01
1.483578532934188843e-01
1.597103178501129150e-01
