-7.302434539794921875e+01
-4.683082199096679688e+01
-2.773759460449218750e+01
-1.440937709808349609e+01
-5.550194263458251953e+00
-4.081787168979644775e-02
3.054827213287353516e+00
4.493476390838623047e+00
4.862806320190429688e+00
4.589341163635253906e+00
3.975270748138427734e+00
3.226854562759399414e+00
2.469465017318725586e+00
1.787119865417480469e+00
1.218778371810913086e+00
7.699649333953857422e-01
4.325845241546630859e-01
1.918037682771682739e-01
5.424900725483894348e-02
-2.218450792133808136e-02
-3.671437874436378479e-02
-1.463216729462146759e-02
2.146897651255130768e-02
7.548496872186660767e-02
1.381709873676300049e-01
2.093354165554046631e-01
2.730433344841003418e-01
3.216944634914398193e-01
3.691480755805969238e-01
4.043231308460235596e-01
4.311954081058502197e-01
4.683663249015808105e-01
4.976017177104949951e-01
5.113811492919921875e-01
5.113971233367919922e-01
5.064633488655090332e-01
4.983840882778167725e-01
4.939931929111480713e-01
4.938015937805175781e-01
4.993101656436920166e-01
5.044674873352050781e-01
5.176721215248107910e-01
5.414148569107055664e-01
5.634970664978027344e-01
5.641038417816162109e-01
5.749133825302124023e-01
5.860103964805603027e-01
5.892357230186462402e-01
5.808051824569702148e-01
5.770050883293151855e-01
5.837910175323486328e-01
5.971074104309082031e-01
6.043882966041564941e-01
6.016898751258850098e-01
6.067513823509216309e-01
6.048672795295715332e-01
5.960854887962341309e-01
5.754562616348266602e-01
5.644231438636779785e-01
5.653013586997985840e-01
5.824018716812133789e-01
5.718158483505249023e-01
5.800228118896484375e-01
5.799270272254943848e-01
5.834237337112426758e-01
5.873994827270507812e-01
5.939299464225769043e-01
5.938820838928222656e-01
6.061605811119079590e-01
6.035899519920349121e-01
5.995822548866271973e-01
6.127389669418334961e-01
6.322984099388122559e-01
6.316437721252441406e-01
6.289293766021728516e-01
6.212652921676635742e-01
6.156768798828125000e-01
6.157726645469665527e-01
6.090186834335327148e-01
5.699157714843750000e-01
5.464444160461425781e-01
5.292800068855285645e-01
5.104071497917175293e-01
4.851635098457336426e-01
4.753917753696441650e-01
4.735715389251708984e-01
4.707134664058685303e-01
4.756791591644287109e-01
4.813154935836791992e-01
4.960210025310516357e-01
5.365609526634216309e-01
5.552421808242797852e-01
5.770050883293151855e-01
5.905769467353820801e-01
5.863776206970214844e-01
5.819547772407531738e-01
5.828808546066284180e-01
5.954947471618652344e-01
5.920459032058715820e-01
5.741310119628906250e-01
5.656046867370605469e-01
5.610222220420837402e-01
5.576372146606445312e-01
5.527353882789611816e-01
5.534858107566833496e-01
5.504521131515502930e-01
5.511706471443176270e-01
5.320742130279541016e-01
5.060641765594482422e-01
4.956856966018676758e-01
5.021842122077941895e-01
5.098802447319030762e-01
5.145425796508789062e-01
5.245218873023986816e-01
5.256076455116271973e-01
5.286732912063598633e-01
5.447040200233459473e-01
5.658282637596130371e-01
5.607507824897766113e-01
5.579725503921508789e-01
5.557690858840942383e-01
5.482646822929382324e-01
5.343255400657653809e-01
5.744663476943969727e-01
6.046437621116638184e-01
6.113179326057434082e-01
6.035260558128356934e-01
5.943930149078369141e-01
5.846052765846252441e-01
5.754243135452270508e-01
5.745940804481506348e-01
5.580044388771057129e-01
5.451670885086059570e-01
5.262622833251953125e-01
5.079801678657531738e-01
4.924603700637817383e-01
4.930830895900726318e-01
4.951268434524536133e-01
4.978571832180023193e-01
5.055532455444335938e-01
5.109500288963317871e-01
5.232445597648620605e-01
5.324893593788146973e-01
5.333516001701354980e-01
5.388122797012329102e-01
5.355390310287475586e-01
5.353155136108398438e-01
5.359382033348083496e-01
5.431872010231018066e-01
5.538849830627441406e-01
5.492226481437683105e-01
5.481528639793395996e-01
5.409837365150451660e-01
5.334154367446899414e-01
5.219831466674804688e-01
5.210890173912048340e-01
5.195083022117614746e-01
5.143828988075256348e-01
5.018169879913330078e-01
4.844928979873657227e-01
4.755354523658752441e-01
4.733479917049407959e-01
4.732841253280639648e-01
4.679991006851196289e-01
4.656200110912322998e-01
4.684142172336578369e-01
4.796070158481597900e-01
4.957335889339447021e-01
5.176241993904113770e-01
5.302540063858032227e-01
5.353314876556396484e-01
5.402013659477233887e-01
5.446242094039916992e-01
5.426443219184875488e-01
5.384929180145263672e-01
5.268689990043640137e-01
5.191091299057006836e-01
5.167140960693359375e-01
5.221747756004333496e-01
5.195721387863159180e-01
5.355869531631469727e-01
5.522564053535461426e-01
5.613415241241455078e-01
5.574136972427368164e-01
5.457578301429748535e-01
5.361298322677612305e-01
5.253841280937194824e-01
5.100718736648559570e-01
4.894745647907257080e-01
4.670251011848449707e-01
4.573332071304321289e-01
4.487110972404479980e-01
4.429630041122436523e-01
4.343887865543365479e-01
4.347081184387207031e-01
4.348837435245513916e-01
4.447672665119171143e-01
4.575886726379394531e-01
4.672805964946746826e-01
4.843651652336120605e-01
5.083314776420593262e-01
5.189175009727478027e-01
5.260706543922424316e-01
5.216159224510192871e-01
5.203226208686828613e-01
5.170174241065979004e-01
5.134887695312500000e-01
5.082356333732604980e-01
5.075650215148925781e-01
5.041481256484985352e-01
4.968033730983734131e-01
4.940570592880249023e-01
4.921090900897979736e-01
4.927797019481658936e-01
4.972983300685882568e-01
5.059364438056945801e-01
5.088264346122741699e-01
5.128979682922363281e-01
5.160754323005676270e-01
5.217436552047729492e-01
5.213604569435119629e-01
5.248412489891052246e-01
5.243143439292907715e-01
5.229890942573547363e-01
5.279068946838378906e-01
5.344692468643188477e-01
5.394988059997558594e-01
5.492545962333679199e-01
5.526874661445617676e-01
5.555934906005859375e-01
5.576691627502441406e-01
5.534539222717285156e-01
5.377105474472045898e-01
5.181670784950256348e-01
5.026791691780090332e-01
4.951747357845306396e-01
4.925242364406585693e-01
4.855786263942718506e-01
4.834869801998138428e-01
4.780263006687164307e-01
4.765573441982269287e-01
4.763657450675964355e-01
4.755514264106750488e-01
4.765413701534271240e-01
4.774993956089019775e-01
4.849239885807037354e-01
4.896022975444793701e-01
4.991025924682617188e-01
4.883888065814971924e-01
4.840937256813049316e-01
4.802297353744506836e-01
4.736513793468475342e-01
4.668015837669372559e-01
4.651250541210174561e-01
4.630174338817596436e-01
4.595046937465667725e-01
4.545230269432067871e-01
4.576365649700164795e-01
4.625384211540222168e-01
4.714639186859130859e-01
4.843970835208892822e-01
4.838063120841979980e-01
4.674083292484283447e-01
4.523195922374725342e-01
4.461723566055297852e-01
4.422764182090759277e-01
4.394981861114501953e-01
4.471623003482818604e-01
4.547306001186370850e-01
4.626022875308990479e-01
4.721504747867584229e-01
4.790801107883453369e-01
4.968512654304504395e-01
5.072457194328308105e-01
5.137122869491577148e-01
5.213285088539123535e-01
5.245059132575988770e-01
5.179116129875183105e-01
5.160913467407226562e-01
5.122912526130676270e-01
5.035892724990844727e-01
5.077406764030456543e-01
5.317867994308471680e-01
5.421174168586730957e-01
5.535337328910827637e-01
5.700914263725280762e-01
5.730931758880615234e-01
5.642156004905700684e-01
5.493503808975219727e-01
5.413510203361511230e-01
5.159157514572143555e-01
5.006992816925048828e-01
4.973462522029876709e-01
4.922847449779510498e-01
4.931150078773498535e-01
4.994857907295227051e-01
4.955419898033142090e-01
4.929074347019195557e-01
4.972025454044342041e-01
5.011144280433654785e-01
5.005715489387512207e-01
5.063356161117553711e-01
5.058885216712951660e-01
5.035892724990844727e-01
5.001564025878906250e-01
4.961008131504058838e-01
4.923645555973052979e-01
4.892031252384185791e-01
4.859299063682556152e-01
4.820020496845245361e-01
4.715437293052673340e-01
4.685898721218109131e-01
4.653166532516479492e-01
4.607181847095489502e-01
4.657477736473083496e-01
4.687974452972412109e-01
4.840937256813049316e-01
4.892669916152954102e-01
4.961806535720825195e-01
5.039086341857910156e-01
5.043397545814514160e-01
5.065112113952636719e-01
5.119878649711608887e-01
5.224621891975402832e-01
5.224781036376953125e-01
5.235478878021240234e-01
5.230529308319091797e-01
5.219352245330810547e-01
5.150535106658935547e-01
5.133610367774963379e-01
5.175124406814575195e-01
5.194763541221618652e-01
5.243781805038452148e-01
5.223025083541870117e-01
5.219193100929260254e-01
5.183267593383789062e-01
5.084592103958129883e-01
4.929234087467193604e-01
4.765094518661499023e-01
4.723261296749114990e-01
4.604946672916412354e-01
4.577004611492156982e-01
4.573172330856323242e-01
4.672167003154754639e-01
4.717672765254974365e-01
4.786010980606079102e-01
4.889636337757110596e-01
4.982563555240631104e-01
5.106147527694702148e-01
5.168737769126892090e-01
5.233403444290161133e-01
5.307809114456176758e-01
5.400896072387695312e-01
5.414308309555053711e-01
5.247294306755065918e-01
5.159476399421691895e-01
5.135366916656494141e-01
5.156283378601074219e-01
5.218873620033264160e-01
5.209932327270507812e-01
5.270127058029174805e-01
5.403290987014770508e-01
5.456141829490661621e-01
5.509470701217651367e-01
5.500848889350891113e-01
5.535017848014831543e-01
5.567111372947692871e-01
5.546194911003112793e-01
5.430275201797485352e-01
5.258790850639343262e-01
5.171451568603515625e-01
5.224940776824951172e-01
5.192688107490539551e-01
5.157720446586608887e-01
5.103911757469177246e-01
5.157400965690612793e-01
5.160913467407226562e-01
5.515698194503784180e-01
5.768773555755615234e-01
5.910080075263977051e-01
5.955107212066650391e-01
5.932114720344543457e-01
5.816674232482910156e-01
5.675047636032104492e-01
5.555136203765869141e-01
5.399459004402160645e-01
5.214083194732666016e-01
5.039086341857910156e-01
4.936738610267639160e-01
4.818902909755706787e-01
4.771321415901184082e-01
4.750564694404602051e-01
4.833272993564605713e-01
4.957655072212219238e-01
5.099760293960571289e-01
5.180712938308715820e-01
5.278270244598388672e-01
5.372954010963439941e-01
5.342297554016113281e-01
5.326011180877685547e-01
5.295194983482360840e-01
5.241386890411376953e-01
5.195401906967163086e-01
5.178636908531188965e-01
5.170813202857971191e-01
5.164266824722290039e-01
5.122114419937133789e-01
5.096088051795959473e-01
5.132652521133422852e-01
5.206898450851440430e-01
5.238672494888305664e-01
5.221747756004333496e-01
5.211368799209594727e-01
5.223663449287414551e-01
5.197637677192687988e-01
5.131534337997436523e-01
5.047867894172668457e-01
5.044834613800048828e-01
5.069902539253234863e-01
5.099760293960571289e-01
5.126584768295288086e-01
5.110777616500854492e-01
5.099920034408569336e-01
5.129458904266357422e-01
5.208335518836975098e-01
5.324733853340148926e-01
5.392593145370483398e-01
5.372634530067443848e-01
5.404728055000305176e-01
5.442729592323303223e-01
5.436342358589172363e-01
5.448637008666992188e-01
5.433309078216552734e-01
5.362895131111145020e-01
5.259110331535339355e-01
5.184704661369323730e-01
5.192528367042541504e-01
4.858021736145019531e-01
4.634804725646972656e-01
4.348997175693511963e-01
4.231959879398345947e-01
4.232438802719116211e-01
4.281936287879943848e-01
4.364325404167175293e-01
4.405041038990020752e-01
4.535011649131774902e-01
4.677915275096893311e-01
4.839500188827514648e-01
4.988311529159545898e-01
5.043716430664062500e-01
5.086667537689208984e-01
5.123710632324218750e-01
5.196200609207153320e-01
5.178636908531188965e-01
5.118920803070068359e-01
5.089541673660278320e-01
5.069583058357238770e-01
5.063356161117553711e-01
5.019766092300415039e-01
4.918695986270904541e-01
4.891552329063415527e-01
4.808843731880187988e-01
4.806768000125885010e-01
4.870475828647613525e-01
4.869198501110076904e-01
4.840937256813049316e-01
4.833911657333374023e-01
4.874627292156219482e-01
4.847802817821502686e-01
4.832315146923065186e-01
4.875904619693756104e-01
5.020085573196411133e-01
5.189334750175476074e-01
5.259588956832885742e-01
5.320423245429992676e-01
5.357626080513000488e-01
5.401055812835693359e-01
5.480251312255859375e-01
5.529589056968688965e-01
5.583876967430114746e-01
5.602717399597167969e-01
5.572699904441833496e-01
5.483285188674926758e-01
5.368164181709289551e-01
5.263261198997497559e-01
5.205940604209899902e-01
5.150056481361389160e-01
5.022799968719482422e-01
4.999648034572601318e-01
5.006513595581054688e-01
5.055851340293884277e-01
5.099281668663024902e-01
5.079323053359985352e-01
5.150694847106933594e-01
5.241866111755371094e-01
5.405207276344299316e-01
5.436981320381164551e-01
5.485839843750000000e-01
5.469872951507568359e-01
5.321221351623535156e-01
5.242025256156921387e-01
5.165384411811828613e-01
5.057927370071411133e-01
5.047867894172668457e-01
5.077247023582458496e-01
5.259748697280883789e-01
5.358424186706542969e-01
5.459654331207275391e-01
5.550665259361267090e-01
5.612137913703918457e-01
5.668820738792419434e-01
5.677282810211181641e-01
5.600482225418090820e-01
5.543480515480041504e-01
5.430275201797485352e-01
5.344852209091186523e-01
5.269328951835632324e-01
5.167300701141357422e-01
5.044035911560058594e-01
4.988471269607543945e-01
4.980647563934326172e-01
4.964361190795898438e-01
4.973462522029876709e-01
5.046271681785583496e-01
5.050422549247741699e-01
5.074213743209838867e-01
5.100558996200561523e-01
5.097045898437500000e-01
5.360340476036071777e-01
5.579885244369506836e-01
5.671055912971496582e-01
5.754882097244262695e-01
5.813001394271850586e-01
5.664669275283813477e-01
5.537412762641906738e-01
5.438578128814697266e-01
5.379819869995117188e-01
5.391795039176940918e-01
5.366247892379760742e-01
5.348045825958251953e-01
5.392433404922485352e-01
5.422451496124267578e-01
5.360819101333618164e-01
5.380937457084655762e-01
5.615171790122985840e-01
5.598406791687011719e-01
5.622357130050659180e-01
5.594574213027954102e-01
5.658921003341674805e-01
5.650299191474914551e-01
5.653013586997985840e-01
5.645828247070312500e-01
5.681114792823791504e-01
5.579885244369506836e-01
5.500050783157348633e-01
5.464603900909423828e-01
5.494940876960754395e-01
5.573338270187377930e-01
5.687022805213928223e-01
5.820186734199523926e-01
5.809329152107238770e-01
5.670257806777954102e-01
5.421812534332275391e-01
5.238033533096313477e-01
5.032699704170227051e-01
4.907838404178619385e-01
4.869517982006072998e-01
4.793994426727294922e-01
4.757749736309051514e-01
4.801339209079742432e-01
4.816827178001403809e-01
4.794473648071289062e-01
4.870156645774841309e-01
4.944562315940856934e-01
5.038607120513916016e-01
5.113492012023925781e-01
5.199234485626220703e-01
5.228294134140014648e-01
5.182628631591796875e-01
5.091298222541809082e-01
4.986874461174011230e-01
4.966596662998199463e-01
4.908956289291381836e-01
4.959251880645751953e-01
4.939931929111480713e-01
4.961487352848052979e-01
4.896981120109558105e-01
4.958293735980987549e-01
4.960688948631286621e-01
5.009387731552124023e-01
5.292959809303283691e-01
5.520168542861938477e-01
5.605591535568237305e-01
5.691334009170532227e-01
5.771806836128234863e-01
5.961174368858337402e-01
5.969157814979553223e-01
6.079329252243041992e-01
6.142238974571228027e-01
6.259914636611938477e-01
6.382700204849243164e-01
6.500376462936401367e-01
6.378868222236633301e-01
6.081405282020568848e-01
5.913912057876586914e-01
5.724065899848937988e-01
5.620760321617126465e-01
5.585792660713195801e-01
5.458855628967285156e-01
5.396584868431091309e-01
5.449275970458984375e-01
5.614054203033447266e-01
5.780907869338989258e-01
6.052504777908325195e-01
6.201795339584350586e-01
6.184231638908386230e-01
5.913273692131042480e-01
5.717519521713256836e-01
5.736520290374755859e-01
5.686064958572387695e-01
5.676005482673645020e-01
5.832161903381347656e-01
5.964846611022949219e-01
5.881180167198181152e-01
5.769411921501159668e-01
5.531185865402221680e-01
5.352516174316406250e-01
5.246496200561523438e-01
5.419737100601196289e-01
5.200511813163757324e-01
4.894585907459259033e-01
4.839500188827514648e-01
4.767968356609344482e-01
4.775951802730560303e-01
4.784414470195770264e-01
4.823213815689086914e-01
4.955898821353912354e-01
5.040842890739440918e-01
5.008589625358581543e-01
4.872871041297912598e-01
4.748808145523071289e-01
4.692125618457794189e-01
4.675360620021820068e-01
4.679192602634429932e-01
4.761262536048889160e-01
4.815709590911865234e-01
4.715916514396667480e-01
4.763976633548736572e-01
5.041481256484985352e-01
5.173527598381042480e-01
5.407761931419372559e-01
5.546673536300659180e-01
5.638802647590637207e-01
5.754722356796264648e-01
5.950316786766052246e-01
6.056975722312927246e-01
6.083480715751647949e-01
6.231334209442138672e-01
6.425651311874389648e-01
6.392280459403991699e-01
6.387809514999389648e-01
6.274763941764831543e-01
6.060807704925537109e-01
5.831044316291809082e-01
5.736839771270751953e-01
5.769252181053161621e-01
5.721351504325866699e-01
5.729334950447082520e-01
5.924131274223327637e-01
5.994864702224731445e-01
6.088749766349792480e-01
5.961014628410339355e-01
5.981292724609375000e-01
5.992150306701660156e-01
5.930198431015014648e-01
5.772924423217773438e-01
5.750411152839660645e-01
5.760949254035949707e-01
5.719116330146789551e-01
5.670257806777954102e-01
5.662593245506286621e-01
5.697880387306213379e-01
5.701872110366821289e-01
5.747058391571044922e-01
5.859465003013610840e-01
5.771806836128234863e-01
5.760310888290405273e-01
5.660997033119201660e-01
5.550506114959716797e-01
5.463007092475891113e-01
5.298228859901428223e-01
5.342297554016113281e-01
5.504521131515502930e-01
5.822901129722595215e-01
5.818270444869995117e-01
5.836791992187500000e-01
6.008915305137634277e-01
6.150860786437988281e-01
6.210896372795104980e-01
6.098010540008544922e-01
6.083640456199645996e-01
6.083161234855651855e-01
6.059849858283996582e-01
5.869684219360351562e-01
5.758234858512878418e-01
5.611819028854370117e-01
5.539648532867431641e-01
5.512185096740722656e-01
5.442090630531311035e-01
5.360020995140075684e-01
5.499891042709350586e-01
5.475621223449707031e-01
5.501806735992431641e-01
5.623155236244201660e-01
5.701392889022827148e-01
5.794799327850341797e-01
5.850843191146850586e-01
5.930517911911010742e-01
6.017218232154846191e-01
6.110943555831909180e-01
6.177685260772705078e-01
6.121641397476196289e-01
6.087791919708251953e-01
6.130583286285400391e-01
6.154693365097045898e-01
6.115893721580505371e-01
6.093539595603942871e-01
6.033025383949279785e-01
6.055378913879394531e-01
6.001251339912414551e-01
5.991511344909667969e-01
5.917425155639648438e-01
5.901298522949218750e-01
5.929080843925476074e-01
6.065278649330139160e-01
6.090346574783325195e-01
6.029033660888671875e-01
5.988637208938598633e-01
5.977939367294311523e-01
5.979695916175842285e-01
6.145431995391845703e-01
6.369926929473876953e-01
6.304622292518615723e-01
6.107111573219299316e-01
5.966603159904479980e-01
5.798950791358947754e-01
5.599684119224548340e-01
5.424686670303344727e-01
5.201150178909301758e-01
5.170493721961975098e-01
5.494940876960754395e-01
5.725183486938476562e-01
5.920618176460266113e-01
6.138566732406616211e-01
6.226224899291992188e-01
6.281789541244506836e-01
6.324101686477661133e-01
6.379027962684631348e-01
6.537898778915405273e-01
6.804705262184143066e-01
6.872884035110473633e-01
6.869530677795410156e-01
6.780754923820495605e-01
6.431399583816528320e-01
6.513788700103759766e-01
6.418306231498718262e-01
6.326177716255187988e-01
6.188383102416992188e-01
6.008117198944091797e-01
5.914071798324584961e-01
5.924929380416870117e-01
6.051067709922790527e-01
6.493830084800720215e-01
6.875598430633544922e-01
7.019619345664978027e-01
6.707147359848022461e-01
6.270133852958679199e-01
5.931475758552551270e-01
5.724065899848937988e-01
5.864415168762207031e-01
5.684627890586853027e-01
5.683829188346862793e-01
5.741150379180908203e-01
5.605751276016235352e-01
5.644710659980773926e-01
5.534379482269287109e-01
5.382853746414184570e-01
5.241227149963378906e-01
5.121475458145141602e-01
5.069583058357238770e-01
5.209293365478515625e-01
5.351079106330871582e-01
5.365449786186218262e-01
5.495260357856750488e-01
5.536454916000366211e-01
5.534858107566833496e-01
5.558170080184936523e-01
5.704267024993896484e-01
5.981452465057373047e-01
6.071026325225830078e-01
6.147028803825378418e-01
6.122120618820190430e-01
6.056336760520935059e-01
5.960376262664794922e-01
5.909441709518432617e-01
5.931156873703002930e-01
5.782983899116516113e-01
5.711452364921569824e-01
5.650299191474914551e-01
5.698838233947753906e-01
5.635449886322021484e-01
5.643273591995239258e-01
5.610222220420837402e-01
5.479772686958312988e-01
5.408081412315368652e-01
5.279867053031921387e-01
5.023438930511474609e-01
5.108382701873779297e-01
5.232764482498168945e-01
5.079641938209533691e-01
4.951747357845306396e-01
4.969630241394042969e-01
4.929553568363189697e-01
4.874308109283447266e-01
4.920611977577209473e-01
5.056330561637878418e-01
5.174804925918579102e-01
5.311960577964782715e-01
5.634810924530029297e-01
5.881819128990173340e-01
6.054421067237854004e-01
6.332724094390869141e-01
6.371044516563415527e-01
6.385254859924316406e-01
6.153415441513061523e-01
5.897466540336608887e-01
5.691334009170532227e-01
5.644550919532775879e-01
5.554816722869873047e-01
5.556253790855407715e-01
5.579406023025512695e-01
5.577011108398437500e-01
5.638962388038635254e-01
5.742427706718444824e-01
5.867767930030822754e-01
5.728377103805541992e-01
5.683510303497314453e-01
5.657483935356140137e-01
5.788732171058654785e-01
5.836951732635498047e-01
6.028394699096679688e-01
6.169701814651489258e-01
6.344699263572692871e-01
6.371204257011413574e-01
6.480417847633361816e-01
6.664355993270874023e-01
6.650784611701965332e-01
6.591866612434387207e-01
6.421819329261779785e-01
6.299512982368469238e-01
6.247939467430114746e-01
6.072303652763366699e-01
6.014663577079772949e-01
6.067833304405212402e-01
6.071186065673828125e-01
6.194929480552673340e-01
6.350766420364379883e-01
6.642321944236755371e-01
6.738283038139343262e-01
6.647750735282897949e-01
6.447845101356506348e-01
6.408407092094421387e-01
6.211375594139099121e-01
6.179601550102233887e-01
6.144793629646301270e-01
6.080127954483032227e-01
6.033983230590820312e-01
5.691334009170532227e-01
5.574296712875366211e-01
5.461889505386352539e-01
5.756798386573791504e-01
5.891239643096923828e-01
5.779471397399902344e-01
5.744663476943969727e-01
5.813161134719848633e-01
5.733007192611694336e-01
5.655089020729064941e-01
5.736520290374755859e-01
5.716561675071716309e-01
5.692291855812072754e-01
5.703149437904357910e-01
5.727099776268005371e-01
5.710653662681579590e-01
5.539329051971435547e-01
5.344373583793640137e-01
5.328246951103210449e-01
5.335271954536437988e-01
5.301582217216491699e-01
5.411913394927978516e-01
5.406324863433837891e-01
5.371836423873901367e-01
5.346768498420715332e-01
5.334633588790893555e-01
5.348524451255798340e-01
5.151652693748474121e-01
5.034455657005310059e-01
4.941368997097015381e-01
4.829919934272766113e-01
4.860416948795318604e-01
4.962285459041595459e-01
5.054733753204345703e-01
5.138559937477111816e-01
5.153888463973999023e-01
5.170813202857971191e-01
5.086987018585205078e-01
4.982084631919860840e-01
4.955260157585144043e-01
4.963562786579132080e-01
5.002841353416442871e-01
5.014816522598266602e-01
5.086987018585205078e-01
5.185343027114868164e-01
5.296313166618347168e-01
5.245378613471984863e-01
5.128979682922363281e-01
5.111097097396850586e-01
5.069423317909240723e-01
5.010505318641662598e-01
5.079323053359985352e-01
5.088583827018737793e-01
5.259748697280883789e-01
5.381097197532653809e-01
5.453746318817138672e-01
5.430913567543029785e-01
5.338944792747497559e-01
5.292321443557739258e-01
5.404249429702758789e-01
5.617886185646057129e-01
5.785698294639587402e-01
5.872717499732971191e-01
5.978099107742309570e-01
6.038933396339416504e-01
6.085237264633178711e-01
6.126112341880798340e-01
6.481215953826904297e-01
6.817478537559509277e-01
7.021216154098510742e-01
7.072629928588867188e-01
6.930524110794067383e-01
6.811411380767822266e-01
6.708744168281555176e-01
6.599370837211608887e-01
6.460139751434326172e-01
6.279714107513427734e-01
6.167945861816406250e-01
6.174970865249633789e-01
6.127868890762329102e-01
5.875113010406494141e-01
5.713048577308654785e-01
5.533261895179748535e-01
5.434107184410095215e-01
5.315153598785400391e-01
5.181670784950256348e-01
5.031741261482238770e-01
4.866484105587005615e-01
4.752799868583679199e-01
4.725337028503417969e-01
4.778666198253631592e-01
4.931629002094268799e-01
5.103113651275634766e-01
5.224940776824951172e-01
5.279867053031921387e-01
5.304775238037109375e-01
5.335271954536437988e-01
5.322977900505065918e-01
5.369281768798828125e-01
5.486159324645996094e-01
5.553539395332336426e-01
5.610541105270385742e-01
5.616449117660522461e-01
5.734763741493225098e-01
5.805976390838623047e-01
5.788093209266662598e-01
5.778193473815917969e-01
5.722309350967407227e-01
5.820506215095520020e-01
5.935467481613159180e-01
5.895869731903076172e-01
5.801824927330017090e-01
5.654290914535522461e-01
5.531505346298217773e-01
5.497176647186279297e-01
5.441771149635314941e-01
5.385248661041259766e-01
5.312918424606323242e-01
5.258950591087341309e-01
5.211848020553588867e-01
5.227016806602478027e-01
5.144467949867248535e-01
5.112534165382385254e-01
5.054255127906799316e-01
5.039884448051452637e-01
5.051061511039733887e-01
5.112693905830383301e-01
5.216478705406188965e-01
5.371516942977905273e-01
5.514261126518249512e-01
5.257194042205810547e-01
5.033338069915771484e-01
4.920452237129211426e-01
4.778506755828857422e-01
4.817625582218170166e-01
4.809961318969726562e-01
4.844450056552886963e-01
4.818423986434936523e-01
4.796389639377593994e-01
4.801977872848510742e-01
4.894426167011260986e-01
4.995816051959991455e-01
5.081079006195068359e-01
5.093213915824890137e-01
5.135526061058044434e-01
5.196360349655151367e-01
5.265337228775024414e-01
5.312918424606323242e-01
5.406644344329833984e-01
5.458377003669738770e-01
5.545237064361572266e-01
5.628424286842346191e-01
5.714805126190185547e-01
5.769252181053161621e-01
5.839666128158569336e-01
5.863935947418212891e-01
5.828968286514282227e-01
5.737637877464294434e-01
5.672013759613037109e-01
5.588027834892272949e-01
5.691972374916076660e-01
5.882936716079711914e-01
5.860902070999145508e-01
5.695964097976684570e-01
5.373592972755432129e-01
4.970588386058807373e-01
4.785372316837310791e-01
4.786809384822845459e-01
4.837264716625213623e-01
4.919813573360443115e-01
4.957655072212219238e-01
5.129938125610351562e-01
5.260547399520874023e-01
5.356827378273010254e-01
5.388761162757873535e-01
5.522882938385009766e-01
5.566313266754150391e-01
5.629382133483886719e-01
5.643593072891235352e-01
5.650618076324462891e-01
5.608465671539306641e-01
5.574935078620910645e-01
5.447998642921447754e-01
5.366247892379760742e-01
5.273480415344238281e-01
5.257992148399353027e-01
5.236756205558776855e-01
5.254958868026733398e-01
5.297271013259887695e-01
5.367525219917297363e-01
5.436023473739624023e-01
5.521286725997924805e-01
5.528790950775146484e-01
5.511706471443176270e-01
5.658921003341674805e-01
5.815396904945373535e-01
5.951434373855590820e-01
6.034462451934814453e-01
6.181517243385314941e-01
6.239956021308898926e-01
6.342782974243164062e-01
6.423096656799316406e-01
6.343262195587158203e-01
6.217921972274780273e-01
6.113977432250976562e-01
6.190459132194519043e-01
6.170660257339477539e-01
6.280032992362976074e-01
6.234368085861206055e-01
6.013545989990234375e-01
5.853717327117919922e-01
5.730931758880615234e-01
5.554018616676330566e-01
5.443048477172851562e-01
5.415266156196594238e-01
5.379979610443115234e-01
5.386525988578796387e-01
5.413030982017517090e-01
5.496218204498291016e-01
5.615491271018981934e-01
5.671375393867492676e-01
5.750251412391662598e-01
5.747218132019042969e-01
5.679837465286254883e-01
5.573657751083374023e-01
5.407921671867370605e-01
5.351398587226867676e-01
5.226218104362487793e-01
5.172569751739501953e-01
5.131375193595886230e-01
5.128501057624816895e-01
5.121954679489135742e-01
5.133929848670959473e-01
5.167779326438903809e-01
5.262942314147949219e-01
5.335591435432434082e-01
5.362895131111145020e-01
5.427880287170410156e-01
5.486159324645996094e-01
5.586112141609191895e-01
5.637685060501098633e-01
5.681753754615783691e-01
5.678081512451171875e-01
5.605272054672241211e-01
5.504840612411499023e-01
5.445284247398376465e-01
5.386366248130798340e-01
5.395946502685546875e-01
5.432510375976562500e-01
5.420375466346740723e-01
5.432510375976562500e-01
5.469394326210021973e-01
5.496537685394287109e-01
5.524001121520996094e-01
5.560405254364013672e-01
5.488713979721069336e-01
5.455822348594665527e-01
5.450393557548522949e-01
5.482167601585388184e-01
5.533580780029296875e-01
5.171132683753967285e-01
4.991345405578613281e-01
4.887879788875579834e-01
4.807406663894653320e-01
4.746732413768768311e-01
4.743379354476928711e-01
4.784574210643768311e-01
4.889955520629882812e-01
4.949352443218231201e-01
4.946478307247161865e-01
4.972504377365112305e-01
5.050742030143737793e-01
5.127862095832824707e-01
5.168258547782897949e-01
5.214562416076660156e-01
5.316590666770935059e-01
5.408879518508911133e-01
5.482965707778930664e-01
5.553060770034790039e-01
5.464763641357421875e-01
5.483444929122924805e-01
5.474343895912170410e-01
5.521445870399475098e-01
5.566313266754150391e-01
5.647584795951843262e-01
5.735721588134765625e-01
5.780588984489440918e-01
5.817951560020446777e-01
5.862339138984680176e-01
5.816035270690917969e-01
5.784261226654052734e-01
5.813640356063842773e-01
5.760630369186401367e-01
5.831204056739807129e-01
5.796874761581420898e-01
5.816514492034912109e-01
5.854675173759460449e-01
5.874474048614501953e-01
5.733965635299682617e-01
5.644710659980773926e-01
5.618524551391601562e-01
5.639920234680175781e-01
5.673930048942565918e-01
5.658441781997680664e-01
5.713368058204650879e-01
5.786656141281127930e-01
5.866490602493286133e-01
5.937543511390686035e-01
6.074539422988891602e-01
6.149902939796447754e-01
6.234048604965209961e-01
6.232451796531677246e-01
6.255124807357788086e-01
6.284184455871582031e-01
6.189979910850524902e-01
6.131061911582946777e-01
6.010512113571166992e-01
5.886129736900329590e-01
5.862498879432678223e-01
5.850683450698852539e-01
5.863297581672668457e-01
5.720553398132324219e-01
5.600003004074096680e-01
5.574136972427368164e-01
5.614852309226989746e-01
5.533102154731750488e-01
5.291203260421752930e-01
5.130895972251892090e-01
5.123870372772216797e-01
5.137921571731567383e-01
5.086667537689208984e-01
5.139517784118652344e-01
5.243941545486450195e-01
5.653013586997985840e-01
5.814118981361389160e-01
5.912794470787048340e-01
5.938181877136230469e-01
5.976981520652770996e-01
6.035899519920349121e-01
6.049950122833251953e-01
6.079968214035034180e-01
6.099447607994079590e-01
6.165550351142883301e-01
6.183912754058837891e-01
6.069430112838745117e-01
6.087632179260253906e-01
6.072942614555358887e-01
6.019453406333923340e-01
6.016419529914855957e-01
6.356035470962524414e-01
6.756006479263305664e-01
6.913918852806091309e-01
7.053309679031372070e-01
7.136018276214599609e-01
7.241080403327941895e-01
7.015308737754821777e-01
6.894439458847045898e-01
6.719601750373840332e-01
6.585160493850708008e-01
6.433954238891601562e-01
6.344060301780700684e-01
6.387969255447387695e-01
6.282587647438049316e-01
6.326816082000732422e-01
6.321387290954589844e-01
6.334959268569946289e-01
6.296798586845397949e-01
6.336076855659484863e-01
6.265183687210083008e-01
6.161718368530273438e-01
6.064479947090148926e-01
5.991191864013671875e-01
5.836791992187500000e-01
5.683510303497314453e-01
5.580363869667053223e-01
5.515378713607788086e-01
5.456460714340209961e-01
5.495579838752746582e-01
5.560245513916015625e-01
5.534379482269287109e-01
5.518252849578857422e-01
5.503563284873962402e-01
5.691493749618530273e-01
5.893794298171997070e-01
6.080766320228576660e-01
6.130583286285400391e-01
5.771487951278686523e-01
5.653811693191528320e-01
5.556253790855407715e-01
5.394349694252014160e-01
5.267252922058105469e-01
5.185023546218872070e-01
5.509470701217651367e-01
5.633853077888488770e-01
5.620920062065124512e-01
5.552421808242797852e-01
5.583238005638122559e-01
5.809488892555236816e-01
5.996142029762268066e-01
6.146390438079833984e-01
6.105355620384216309e-01
6.076774597167968750e-01
6.104876399040222168e-01
6.095935106277465820e-01
6.009394526481628418e-01
5.888525247573852539e-01
5.808051824569702148e-01
5.745940804481506348e-01
5.733965635299682617e-01
5.866969823837280273e-01
5.984326601028442383e-01
6.113977432250976562e-01
6.352682709693908691e-01
6.340388059616088867e-01
6.367532014846801758e-01
6.444172859191894531e-01
6.557378172874450684e-01
6.523209214210510254e-01
6.554823517799377441e-01
6.552587747573852539e-01
6.681121587753295898e-01
6.884859204292297363e-01
7.060015797615051270e-01
7.198608517646789551e-01
7.087000012397766113e-01
6.906414628028869629e-01
6.801511645317077637e-01
6.650624871253967285e-01
6.545722484588623047e-01
6.420860886573791504e-01
6.384776234626770020e-01
6.244746446609497070e-01
6.160600781440734863e-01
6.079009771347045898e-01
6.032227277755737305e-01
5.976981520652770996e-01
5.986881256103515625e-01
5.951274633407592773e-01
5.785698294639587402e-01
5.674568414688110352e-01
5.673930048942565918e-01
5.914391279220581055e-01
6.069908738136291504e-01
6.185828447341918945e-01
6.211695075035095215e-01
6.267738938331604004e-01
6.244107484817504883e-01
5.915988087654113770e-01
5.524001121520996094e-01
5.185981988906860352e-01
5.150215625762939453e-01
5.122752785682678223e-01
4.933225810527801514e-01
4.799902141094207764e-01
4.773237705230712891e-01
4.768926501274108887e-01
4.880694746971130371e-01
5.106785893440246582e-01
5.364491343498229980e-01
5.736041069030761719e-01
6.136012077331542969e-01
6.294084191322326660e-01
6.455668807029724121e-01
6.561369895935058594e-01
6.441777944564819336e-01
6.261990666389465332e-01
6.152138113975524902e-01
6.142558455467224121e-01
6.206585764884948730e-01
6.457904577255249023e-01
6.482812762260437012e-01
6.543326973915100098e-01
6.642321944236755371e-01
6.699802875518798828e-01
6.754249930381774902e-01
6.750737428665161133e-01
6.725350022315979004e-01
6.506603360176086426e-01
6.416071057319641113e-01
6.322984099388122559e-01
6.271411180496215820e-01
6.149583458900451660e-01
5.953350663185119629e-01
5.960854887962341309e-01
6.000931859016418457e-01
6.016419529914855957e-01
6.052504777908325195e-01
6.344379782676696777e-01
6.531831026077270508e-01
6.621724963188171387e-01
6.771014928817749023e-01
6.675692796707153320e-01
6.603682041168212891e-01
6.500056982040405273e-01
6.318992376327514648e-01
6.245384812355041504e-01
6.208341717720031738e-01
6.199879646301269531e-01
6.153734922409057617e-01
6.041966676712036133e-01
6.045160293579101562e-01
5.908164381980895996e-01
5.846531987190246582e-01
5.886608958244323730e-01
6.026479005813598633e-01
6.139364838600158691e-01
6.388927102088928223e-01
6.723433732986450195e-01
6.899229288101196289e-01
7.184078693389892578e-01
7.374244332313537598e-01
7.414959669113159180e-01
7.362907528877258301e-01
7.675698995590209961e-01
8.015314936637878418e-01
7.773576378822326660e-01
7.736533284187316895e-01
7.868260145187377930e-01
7.788904309272766113e-01
7.306065559387207031e-01
6.852925419807434082e-01
6.361144781112670898e-01
5.733326673507690430e-01
5.401055812835693359e-01
5.274118781089782715e-01
5.301422476768493652e-01
5.305414199829101562e-01
5.209453105926513672e-01
5.029506087303161621e-01
5.029825568199157715e-01
5.124669075012207031e-01
5.434905290603637695e-01
5.623314976692199707e-01
5.760949254035949707e-01
5.897626280784606934e-01
6.106473207473754883e-01
6.151819229125976562e-01
6.030630469322204590e-01
5.881978273391723633e-01
5.915988087654113770e-01
6.051067709922790527e-01
6.149423718452453613e-01
6.267579197883605957e-01
6.505964994430541992e-01
6.657969355583190918e-01
6.965491771697998047e-01
7.263913154602050781e-01
7.623487710952758789e-01
7.347899079322814941e-01
7.370731830596923828e-01
7.424220442771911621e-01
7.325385808944702148e-01
7.270619273185729980e-01
7.088277339935302734e-01
6.754249930381774902e-01
6.455349922180175781e-01
6.505006551742553711e-01
6.434592604637145996e-01
6.215047836303710938e-01
6.134255528450012207e-01
6.003646254539489746e-01
5.913752913475036621e-01
5.826253890991210938e-01
5.672812461853027344e-01
5.643752813339233398e-01
5.950476527214050293e-01
6.564084291458129883e-01
6.974114179611206055e-01
7.335764169692993164e-01
7.472600340843200684e-01
7.465734481811523438e-01
7.501021623611450195e-01
7.289620041847229004e-01
6.888052225112915039e-01
6.186147928237915039e-01
5.732688307762145996e-01
5.091776847839355469e-01
4.690369367599487305e-01
4.485673904418945312e-01
4.399771988391876221e-01
4.322332441806793213e-01
4.485833644866943359e-01
4.734757244586944580e-01
5.096886754035949707e-01
5.317708849906921387e-01
5.600801706314086914e-01
5.873835682868957520e-01
6.014983057975769043e-01
6.163315176963806152e-01
6.213132143020629883e-01
6.276839971542358398e-01
6.308933496475219727e-01
6.382061839103698730e-01
6.461097598075866699e-01
6.552907228469848633e-01
6.426609158515930176e-01
6.270293593406677246e-01
6.107111573219299316e-01
5.995024442672729492e-01
5.988796949386596680e-01
6.119565963745117188e-01
6.259595751762390137e-01
6.315160393714904785e-01
6.459980010986328125e-01
6.557058691978454590e-01
6.733812093734741211e-01
6.845899820327758789e-01
7.075344324111938477e-01
7.148951292037963867e-01
7.225113511085510254e-01
7.267106175422668457e-01
7.407455444335937500e-01
7.322511672973632812e-01
7.243794798851013184e-01
7.079814672470092773e-01
6.968685388565063477e-01
6.759838461875915527e-01
6.799436211585998535e-01
6.727585196495056152e-01
6.535024642944335938e-01
6.273806095123291016e-01
6.140322685241699219e-01
6.218560934066772461e-01
6.115893721580505371e-01
6.068471670150756836e-01
6.094498038291931152e-01
6.112700104713439941e-01
6.214728355407714844e-01
6.222233176231384277e-01
6.278277039527893066e-01
6.325538754463195801e-01
6.297596693038940430e-01
6.200677752494812012e-01
6.199719905853271484e-01
6.403457522392272949e-01
6.605598330497741699e-01
6.718004941940307617e-01
6.166668534278869629e-01
5.526396036148071289e-01
5.150375366210937500e-01
4.937217533588409424e-01
5.015774369239807129e-01
5.160115361213684082e-01
5.260387659072875977e-01
5.493344664573669434e-01
5.644550919532775879e-01
5.763663649559020996e-01
5.875431895256042480e-01
5.831522941589355469e-01
5.628584027290344238e-01
5.689896941184997559e-01
5.816674232482910156e-01
5.959897041320800781e-01
6.082363128662109375e-01
6.172895431518554688e-01
6.175769567489624023e-01
6.124835014343261719e-01
5.958459973335266113e-01
5.797992944717407227e-01
5.619482994079589844e-01
5.546354651451110840e-01
5.667543411254882812e-01
6.032546162605285645e-01
6.423256397247314453e-01
6.875278949737548828e-01
6.866656541824340820e-01
7.032233476638793945e-01
6.835840940475463867e-01
6.869370937347412109e-01
7.225432991981506348e-01
7.416396737098693848e-01
7.512517571449279785e-01
7.454238533973693848e-01
7.524812221527099609e-01
7.363067269325256348e-01
7.165557146072387695e-01
7.129152417182922363e-01
6.846379041671752930e-01
6.638330221176147461e-01
6.444332599639892578e-01
6.246023774147033691e-01
6.015142202377319336e-01
6.159962415695190430e-01
6.509158015251159668e-01
6.796082854270935059e-01
6.828975081443786621e-01
7.454078793525695801e-01
7.927018404006958008e-01
7.756651639938354492e-01
7.879436612129211426e-01
7.633866071701049805e-01
7.499904036521911621e-01
7.670111060142517090e-01
7.553552389144897461e-01
7.380311489105224609e-01
7.134581208229064941e-01
7.397077083587646484e-01
7.274451255798339844e-01
7.385261654853820801e-01
7.656698822975158691e-01
7.732541561126708984e-01
7.434279918670654297e-01
7.037342786788940430e-01
7.600015997886657715e-01
8.235019445419311523e-01
8.448656201362609863e-01
8.162530064582824707e-01
7.994877696037292480e-01
8.042299151420593262e-01
8.573358058929443359e-01
8.914410471916198730e-01
9.318213462829589844e-01
9.173074364662170410e-01
8.830584287643432617e-01
8.916326761245727539e-01
9.327633976936340332e-01
9.444990754127502441e-01
9.613600969314575195e-01
9.417527318000793457e-01
9.154233336448669434e-01
8.463824987411499023e-01
7.994717955589294434e-01
7.661328911781311035e-01
7.038779854774475098e-01
7.071671485900878906e-01
7.165876626968383789e-01
7.540938854217529297e-01
7.661648392677307129e-01
7.733020186424255371e-01
7.682086229324340820e-01
7.478188872337341309e-01
7.592990994453430176e-01
7.679371833801269531e-01
7.545409202575683594e-01
7.684161663055419922e-01
7.918236255645751953e-01
8.315333127975463867e-01
8.668839931488037109e-01
8.185841441154479980e-01
7.833292484283447266e-01
7.506130933761596680e-01
7.139211893081665039e-01
6.844143271446228027e-01
7.492878437042236328e-01
7.488567233085632324e-01
7.445456385612487793e-01
7.190625071525573730e-01
6.830571889877319336e-01
6.536142230033874512e-01
6.410482525825500488e-01
6.443215012550354004e-01
6.279554367065429688e-01
6.071345806121826172e-01
5.895709991455078125e-01
5.748016238212585449e-01
5.875591635704040527e-01
5.939778685569763184e-01
6.066555976867675781e-01
5.875751376152038574e-01
5.858027935028076172e-01
5.952871441841125488e-01
5.441771149635314941e-01
5.102634429931640625e-01
4.942486584186553955e-01
4.652687609195709229e-01
4.403125047683715820e-01
4.351711571216583252e-01
4.615484774112701416e-01
4.912628531455993652e-01
5.243143439292907715e-01
5.439376235008239746e-01
5.659559965133666992e-01
5.805177688598632812e-01
5.951115489006042480e-01
6.037815213203430176e-01
6.050429344177246094e-01
6.129944324493408203e-01
6.086035370826721191e-01
6.006200909614562988e-01
5.970594882965087891e-01
5.941215753555297852e-01
6.044521331787109375e-01
6.029033660888671875e-01
