-6.265102005004882812e+01
-3.318955612182617188e+01
-1.386833858489990234e+01
-3.356135368347167969e+00
6.056496500968933105e-01
2.658481121063232422e+00
2.828911781311035156e+00
2.513725280761718750e+00
2.088223457336425781e+00
1.297175765037536621e+00
6.989921331405639648e-01
-3.429753184318542480e-01
-9.148615002632141113e-01
-6.570121645927429199e-01
-3.986997902393341064e-01
-6.044118106365203857e-02
-3.848085999488830566e-01
-3.237511813640594482e-01
-4.762669503688812256e-01
-1.264004111289978027e-01
-6.773061156272888184e-01
-4.975029230117797852e-01
-6.997715234756469727e-01
-9.547148942947387695e-01
-1.020706057548522949e+00
-1.056918978691101074e+00
-6.412528753280639648e-01
-4.209097325801849365e-01
-6.230825185775756836e-01
-1.077580094337463379e+00
-1.645714044570922852e+00
-1.462621688842773438e+00
-9.464280605316162109e-01
-1.148084476590156555e-01
-2.694956958293914795e-01
-4.363497197628021240e-01
-1.787079572677612305e-01
-4.012704491615295410e-01
-6.790943741798400879e-01
-9.875747561454772949e-01
-7.588809132575988770e-01
-9.018644690513610840e-01
-6.278566122055053711e-01
-1.236211180686950684e+00
-9.089378118515014648e-01
-1.439134359359741211e+00
-1.470461487770080566e+00
-9.662589430809020996e-01
-1.168144345283508301e+00
-1.180646419525146484e+00
-7.899684906005859375e-01
-6.331097483634948730e-01
-4.360942542552947998e-01
-6.389003247022628784e-02
-4.357270002365112305e-01
-1.653117388486862183e-01
-6.349299550056457520e-01
-1.009449362754821777e+00
-1.284239649772644043e+00
-1.330942749977111816e+00
-1.250613331794738770e+00
-9.690691232681274414e-01
-1.283648848533630371e+00
-9.706019163131713867e-01
-9.776592850685119629e-01
-5.422581434249877930e-01
-5.886259675025939941e-01
-1.270651817321777344e+00
-1.636852502822875977e+00
-1.316109538078308105e+00
-9.847645759582519531e-01
-6.763640642166137695e-01
-2.021473646163940430e-01
3.767163753509521484e-01
-8.511695861816406250e-01
-1.427558422088623047e+00
-1.183680057525634766e+00
-2.435974031686782837e-01
6.883422136306762695e-01
8.516834974288940430e-01
6.104078292846679688e-01
7.385421395301818848e-01
1.583212018013000488e-01
-4.769854545593261719e-01
-6.312416195869445801e-01
-6.466975808143615723e-01
2.099102288484573364e-01
1.964022368192672729e-01
-5.469204187393188477e-01
-1.609676837921142578e+00
-1.132921338081359863e+00
3.831350505352020264e-01
-2.250598520040512085e-01
-9.173204302787780762e-01
-1.317333579063415527e-01
-1.058276176452636719e+00
-6.757572889328002930e-01
-1.099183320999145508e+00
-6.208791136741638184e-01
-1.402777791023254395e+00
-2.258874654769897461e+00
-2.243674278259277344e+00
-1.986192107200622559e+00
-1.842042922973632812e+00
-1.753666281700134277e+00
-1.461727619171142578e+00
-1.277437686920166016e+00
-7.387467026710510254e-01
-3.167736530303955078e-01
-5.877478122711181641e-01
-4.097967743873596191e-01
-6.745917201042175293e-01
-9.076285362243652344e-01
-6.968016624450683594e-01
-6.198412179946899414e-01
-7.510890960693359375e-01
-5.905260443687438965e-01
-4.690020084381103516e-01
-4.233472421765327454e-02
-9.804321080446243286e-02
-3.609859943389892578e-01
-4.133893251419067383e-01
-6.802599430084228516e-01
-7.336372733116149902e-01
-4.333160221576690674e-01
-2.283809632062911987e-01
-5.155614614486694336e-01
-1.028418064117431641e+00
-1.364026188850402832e+00
-1.520693302154541016e+00
-1.162300467491149902e+00
-1.030956745147705078e+00
-4.611303210258483887e-01
-8.242759108543395996e-02
-4.188500046730041504e-01
-1.257936656475067139e-01
-3.543597161769866943e-01
-2.930947542190551758e-01
-2.623744606971740723e-01
-3.960812091827392578e-01
-3.801302909851074219e-01
-6.573155522346496582e-01
-9.667379260063171387e-01
-6.670074462890625000e-01
-7.329826354980468750e-01
-6.961150765419006348e-01
-6.187395453453063965e-01
-2.527783811092376709e-01
-2.109291553497314453e-01
-7.013308256864547729e-02
-8.948495984077453613e-02
-5.735851526260375977e-01
-4.582083821296691895e-01
-8.773872256278991699e-01
-7.021825313568115234e-01
-2.435654699802398682e-01
-2.640829086303710938e-01
-2.991621792316436768e-01
-7.723889350891113281e-01
-6.492043733596801758e-01
-6.008725762367248535e-01
-7.901760339736938477e-01
-6.104686856269836426e-01
-6.118418574333190918e-01
-6.963067054748535156e-01
-5.625520348548889160e-01
-7.251748442649841309e-01
-7.964031100273132324e-01
-5.426892042160034180e-01
-1.453371495008468628e-01
5.892730504274368286e-02
4.224190115928649902e-02
3.079788982868194580e-01
-2.140107601881027222e-01
-5.148748755455017090e-01
-4.926489889621734619e-01
-2.260817289352416992e-01
-1.728800386190414429e-01
-2.891349792480468750e-01
-6.711534410715103149e-02
-1.628209054470062256e-01
6.507455557584762573e-02
-4.524070024490356445e-02
5.702724307775497437e-02
-1.665411889553070068e-01
1.261319518089294434e-01
2.595353424549102783e-01
6.485102325677871704e-02
-7.776525616645812988e-02
-5.117134451866149902e-01
-6.292617321014404297e-01
-7.392256855964660645e-01
-6.292138099670410156e-01
-5.584325790405273438e-01
-4.215963184833526611e-01
-1.583980768918991089e-01
-3.442367017269134521e-01
-2.965116798877716064e-01
-2.955696284770965576e-01
-2.152881175279617310e-01
-1.082620248198509216e-01
3.057754635810852051e-01
-1.082460582256317139e-01
-3.174602389335632324e-01
-6.304432749748229980e-01
-4.786460101604461670e-01
-3.745259046554565430e-01
-5.539777874946594238e-01
-5.158808231353759766e-01
-3.790764808654785156e-01
-1.426866501569747925e-01
-2.177991904318332672e-03
-1.227120608091354370e-01
-3.471851721405982971e-02
-3.828286826610565186e-01
-1.784524917602539062e-01
-2.672762870788574219e-01
-9.979372620582580566e-01
-1.306896567344665527e+00
-9.232920408248901367e-01
-4.298352301120758057e-01
-4.962894320487976074e-01
-6.483101844787597656e-01
-9.717675447463989258e-01
-5.838678479194641113e-01
-7.760453224182128906e-01
-8.665456771850585938e-01
-7.841405868530273438e-01
-3.383768796920776367e-01
-1.514524817466735840e-01
1.981745660305023193e-01
4.936099946498870850e-01
1.517747789621353149e-01
-5.766827464103698730e-01
-7.706964612007141113e-01
-5.325183272361755371e-01
-2.493933886289596558e-01
-1.128924190998077393e-01
-1.217061504721641541e-01
-1.203808933496475220e-01
6.971037480980157852e-03
-1.297215223312377930e-01
-3.619599640369415283e-01
-6.056466698646545410e-01
-6.542818546295166016e-01
-3.636364936828613281e-01
-4.180835783481597900e-01
-2.836583256721496582e-01
-2.766115218400955200e-02
-9.599944949150085449e-02
-2.804010808467864990e-01
-3.201426863670349121e-01
-5.981581807136535645e-01
-5.445892810821533203e-01
-5.545046925544738770e-01
-6.983185410499572754e-01
-3.687458932399749756e-01
-2.442041486501693726e-01
-1.081821918487548828e-01
-3.038724064826965332e-01
2.851037494838237762e-02
1.388735324144363403e-01
6.341399997472763062e-02
-1.715547889471054077e-01
-6.909523904323577881e-02
-1.603460311889648438e-01
-4.782733693718910217e-02
-1.850947141647338867e-01
-2.779421806335449219e-01
-6.680452823638916016e-01
-7.862482070922851562e-01
-8.421003818511962891e-01
-7.016077041625976562e-01
-3.454981148242950439e-01
-3.400533795356750488e-01
-3.984123766422271729e-01
-2.374022603034973145e-01
-3.957299292087554932e-01
-5.573148727416992188e-01
-3.943727612495422363e-01
-3.085187673568725586e-01
-3.471426963806152344e-01
-1.350385099649429321e-01
5.515911802649497986e-02
-8.426378667354583740e-02
-3.695388138294219971e-02
1.991964429616928101e-01
1.250941008329391479e-01
-1.286677122116088867e-01
4.842108860611915588e-02
-3.285039216279983521e-02
-1.312703192234039307e-01
-5.898234844207763672e-01
-8.207047581672668457e-01
-1.208971619606018066e+00
-9.571259021759033203e-01
-4.922178685665130615e-01
-4.152414798736572266e-01
-4.622959196567535400e-01
-2.888795137405395508e-01
-8.883031457662582397e-02
-1.042703017592430115e-01
-2.313987016677856445e-01
-3.297866880893707275e-01
-3.243419826030731201e-01
-3.948198258876800537e-01
-5.080091357231140137e-01
-6.149873137474060059e-01
-2.783413529396057129e-01
-8.935721963644027710e-02
-8.085741661489009857e-03
1.326199341565370560e-02
-1.934240013360977173e-02
-1.651201397180557251e-01
1.189308837056159973e-01
3.385874330997467041e-01
2.112195193767547607e-01
1.984140723943710327e-01
-3.131491839885711670e-01
-2.792035639286041260e-01
-6.659696102142333984e-01
-1.126103520393371582e+00
-8.876699209213256836e-01
-6.677259802818298340e-01
-3.495856225490570068e-01
-3.929836452007293701e-01
-2.724815011024475098e-01
-7.274421453475952148e-01
-7.083138227462768555e-01
-3.423206806182861328e-01
-4.531788229942321777e-01
8.743362501263618469e-03
-7.889890670776367188e-02
2.247489057481288910e-02
1.009042635560035706e-01
1.877322196960449219e-01
-1.212910041213035583e-01
-1.115671694278717041e-01
2.502959221601486206e-02
-3.028185963630676270e-01
-3.789966404438018799e-01
-6.093829274177551270e-01
-2.724601328372955322e-02
-3.382171988487243652e-01
-1.439640074968338013e-01
-6.528447866439819336e-01
-6.324551105499267578e-01
-8.338774442672729492e-01
-7.840926647186279297e-01
-6.165680289268493652e-01
-8.880371451377868652e-01
-5.926017165184020996e-01
-4.959381520748138428e-01
-1.108805909752845764e-01
-3.505595922470092773e-01
-3.483242392539978027e-01
-5.503852367401123047e-01
-5.286064147949218750e-01
-2.358055710792541504e-01
-2.336660027503967285e-01
-5.435354709625244141e-01
-6.012877225875854492e-01
-3.690492808818817139e-01
-5.766507983207702637e-01
-3.249646723270416260e-01
-4.688583016395568848e-01
-3.874112069606781006e-01
-3.296908736228942871e-01
-7.587851285934448242e-01
-4.443650841712951660e-01
-3.534017205238342285e-01
-3.964165151119232178e-01
3.711439371109008789e-01
2.589445710182189941e-01
-1.226801276206970215e-01
-5.061250329017639160e-01
-5.390008687973022461e-01
-8.126893639564514160e-01
-6.594551205635070801e-01
-6.727076172828674316e-01
3.470553085207939148e-02
-2.268960475921630859e-01
-6.356325149536132812e-01
-6.940234303474426270e-01
-6.247111558914184570e-01
-2.999445497989654541e-01
-1.131638586521148682e-01
-4.863420426845550537e-01
-4.037453234195709229e-01
-2.004867941141128540e-01
-2.538321912288665771e-01
-2.726252079010009766e-01
-3.410433232784271240e-01
-1.496482193470001221e-01
-2.146015316247940063e-01
-2.266565412282943726e-01
-3.992745876312255859e-01
-3.471905887126922607e-01
-6.858429312705993652e-02
2.474324256181716919e-01
3.098789453506469727e-01
1.195376291871070862e-01
-9.914492815732955933e-02
1.318480968475341797e-01
-2.616399824619293213e-01
-5.878915190696716309e-01
-6.480706930160522461e-01
-6.384267210960388184e-01
-4.399741888046264648e-01
-6.323538720607757568e-02
5.033019185066223145e-01
2.249191105365753174e-01
5.207856297492980957e-01
4.198429584503173828e-01
3.619789183139801025e-01
-2.127334028482437134e-01
-3.565791249275207520e-01
-7.468365132808685303e-02
-5.102071538567543030e-02
-5.361427664756774902e-01
-4.369245171546936035e-01
-4.600765109062194824e-01
-6.693545579910278320e-01
-8.264049291610717773e-01
-7.285438179969787598e-01
-2.235908955335617065e-01
1.580976694822311401e-01
5.387963056564331055e-01
1.843632012605667114e-01
-7.728625088930130005e-02
-1.652638316154479980e-01
-6.047844886779785156e-01
-3.143945932388305664e-01
-3.466157913208007812e-01
-6.648678779602050781e-01
-5.065881013870239258e-01
-9.448259323835372925e-02
1.230982467532157898e-01
-4.295743629336357117e-02
-7.513072341680526733e-02
-6.117565929889678955e-02
-2.193915992975234985e-01
-5.370050072669982910e-01
-4.311445057392120361e-01
-3.020042777061462402e-01
-7.256004959344863892e-02
-4.542007148265838623e-01
-4.234484732151031494e-01
-6.921872496604919434e-01
-3.758352100849151611e-01
-4.646909534931182861e-01
2.437495067715644836e-02
-3.388823941349983215e-02
2.054554671049118042e-01
9.587469696998596191e-02
-1.562904417514801025e-01
-1.475990284234285355e-02
3.260055184364318848e-01
-2.647960186004638672e-02
9.656126797199249268e-02
2.671675086021423340e-01
3.795584738254547119e-01
1.069557145237922668e-01
-1.571791619062423706e-02
-2.770905196666717529e-02
-1.332821547985076904e-01
9.887646883726119995e-02
1.158492788672447205e-01
-3.625667095184326172e-01
-3.656962215900421143e-01
-6.087602376937866211e-01
-2.988907396793365479e-01
-5.261954069137573242e-01
-3.943088948726654053e-01
-1.835139989852905273e-01
-3.140433132648468018e-01
-5.064762830734252930e-01
-3.805294632911682129e-01
-3.674046695232391357e-01
-7.292623519897460938e-01
-4.596454203128814697e-01
-6.268187761306762695e-01
-3.471905887126922607e-01
-2.648493349552154541e-01
-3.167896270751953125e-01
-4.117127954959869385e-01
-3.708854615688323975e-01
-3.569463491439819336e-01
-2.267044335603713989e-01
1.640692800283432007e-01
-1.773188412189483643e-01
-1.843442767858505249e-01
-5.199843049049377441e-01
-8.938916027545928955e-02
-4.141238033771514893e-01
-5.672463178634643555e-01
-4.124792218208312988e-01
-4.042722284793853760e-01
-3.932550847530364990e-01
-2.578558325767517090e-01
-2.266725003719329834e-01
4.256548881530761719e-01
1.073548868298530579e-01
-5.558724701404571533e-02
-2.716831564903259277e-01
-4.641321003437042236e-01
-4.807696044445037842e-01
-4.045276939868927002e-01
-4.088866710662841797e-01
-4.491551518440246582e-01
-5.055821537971496582e-01
-3.872834444046020508e-01
-3.972787261009216309e-01
-1.484666615724563599e-01
-3.465199768543243408e-01
-3.640835583209991455e-01
-3.084708750247955322e-01
-4.043520689010620117e-01
-2.136115878820419312e-01
-3.269072249531745911e-02
-1.707085520029067993e-01
-4.588992334902286530e-03
3.989477083086967468e-02
-1.933975070714950562e-01
-4.732811450958251953e-01
-2.786766588687896729e-01
-1.739338636398315430e-01
-1.959841400384902954e-01
-6.789772212505340576e-02
-2.981668151915073395e-02
-2.190084010362625122e-01
-2.441402822732925415e-01
-5.035703182220458984e-01
-1.468380391597747803e-01
-2.302011847496032715e-01
2.267393320798873901e-01
1.257806867361068726e-01
-6.647666543722152710e-02
-2.585264444351196289e-01
-4.807057380676269531e-01
-5.562132000923156738e-01
-5.395756959915161133e-01
-2.731840312480926514e-01
-3.214200139045715332e-01
-3.092373013496398926e-01
-3.280941843986511230e-01
-4.748778343200683594e-01
-6.184840798377990723e-01
-5.649630427360534668e-01
-3.748133182525634766e-01
-3.514856994152069092e-01
-7.334242761135101318e-02
2.625904418528079987e-02
-1.362679600715637207e-01
-1.000550389289855957e-01
1.687050983309745789e-02
-6.872799992561340332e-02
-8.140571415424346924e-02
-2.999285757541656494e-01
-3.863040730357170105e-02
2.669014967978000641e-02
1.419710963964462280e-01
2.116346508264541626e-01
4.863290786743164062e-01
3.808996975421905518e-01
5.409198999404907227e-01
2.179575413465499878e-01
-1.951538622379302979e-01
-1.924554556608200073e-01
-1.733750253915786743e-01
-2.058995813131332397e-01
-1.454648971557617188e-01
-5.097281560301780701e-02
1.747032254934310913e-01
-2.027540951967239380e-01
-2.243413329124450684e-01
9.127622842788696289e-02
2.027730345726013184e-01
2.143704146146774292e-02
-3.671437874436378479e-02
1.338972803205251694e-02
8.693323284387588501e-02
-3.120038658380508423e-03
3.307690471410751343e-02
1.365423649549484253e-01
1.069237813353538513e-01
-1.137706041336059570e-01
-1.251230686902999878e-01
1.020379140973091125e-01
-3.014294803142547607e-01
-4.863101243972778320e-01
-5.338435769081115723e-01
-4.812645912170410156e-01
-3.665584325790405273e-01
-1.770474016666412354e-01
-9.625492244958877563e-02
-1.267516911029815674e-01
-1.842165440320968628e-01
6.764522939920425415e-02
7.061506807804107666e-02
4.690423607826232910e-02
-1.060905233025550842e-01
-4.314903542399406433e-02
-1.876334547996520996e-01
-7.896277308464050293e-02
5.825669690966606140e-02
-1.803046464920043945e-01
-2.855903208255767822e-01
-5.154177546501159668e-01
-7.737461328506469727e-01
-6.416999101638793945e-01
-5.124958157539367676e-01
-3.082952499389648438e-01
-2.326281517744064331e-01
2.433289289474487305e-01
-1.777339726686477661e-01
-2.495211213827133179e-01
-2.248203456401824951e-01
-3.093969523906707764e-01
-2.420645952224731445e-01
-4.383615553379058838e-01
-3.909718096256256104e-01
-5.090789198875427246e-01
-8.871854841709136963e-02
-3.123987317085266113e-01
-4.001847207546234131e-01
-5.747826695442199707e-01
-4.631900489330291748e-01
-3.347843289375305176e-01
-4.579954221844673157e-02
-2.524111270904541016e-01
-2.462958097457885742e-01
-7.414077222347259521e-02
-2.837062180042266846e-01
-3.634129464626312256e-01
-6.118737459182739258e-01
-5.510877966880798340e-01
-8.424782007932662964e-02
-4.106270670890808105e-01
-2.817901968955993652e-01
-4.775123596191406250e-01
-2.253951579332351685e-01
-5.761504173278808594e-02
9.751928597688674927e-02
3.039392828941345215e-01
4.155159294605255127e-01
3.565022945404052734e-01
-1.019231677055358887e-01
-3.590006753802299500e-02
1.447174102067947388e-01
-1.966068446636199951e-01
-2.300255447626113892e-01
-6.087123155593872070e-01
-6.114745736122131348e-01
-3.608103394508361816e-01
-4.677352309226989746e-02
-1.490893810987472534e-01
-4.953633546829223633e-01
-3.695388138294219971e-02
-5.407039076089859009e-02
-3.588464260101318359e-01
-3.735838532447814941e-01
-5.139807462692260742e-01
-3.321976661682128906e-01
-5.098932385444641113e-01
-4.564839601516723633e-01
-7.137849926948547363e-02
-3.954425454139709473e-01
-3.236075043678283691e-01
-2.231597900390625000e-01
-5.131185650825500488e-01
-5.510079860687255859e-01
-5.032030940055847168e-01
-3.933828175067901611e-01
-9.202369302511215210e-02
-4.755484461784362793e-01
-6.793019771575927734e-01
-5.715892910957336426e-01
-2.777665555477142334e-01
-3.875389397144317627e-01
-3.445241153240203857e-01
-4.237518310546875000e-01
-1.662218570709228516e-01
-4.539292752742767334e-01
-3.763301670551300049e-01
1.348977684974670410e-01
-1.672596931457519531e-01
4.278477653861045837e-02
-2.791662141680717468e-02
-8.779247105121612549e-02
1.801639050245285034e-01
2.051520943641662598e-01
3.602704703807830811e-01
3.915176689624786377e-01
2.111396789550781250e-01
-2.947712838649749756e-01
-7.316893339157104492e-01
-5.652983188629150391e-01
-3.859901428222656250e-01
-4.904295802116394043e-01
-4.554301500320434570e-01
-1.918327510356903076e-01
1.499066501855850220e-01
2.838264033198356628e-02
9.715204685926437378e-02
1.107452902942895889e-02
-1.517239063978195190e-01
-3.212603628635406494e-01
-2.568658888339996338e-01
-3.214519619941711426e-01
-2.401166260242462158e-01
-5.914786458015441895e-02
-2.323407530784606934e-01
-3.299303948879241943e-01
-2.352626919746398926e-01
-5.032669901847839355e-01
-3.365406692028045654e-01
-3.324531614780426025e-01
-3.206376433372497559e-01
-5.168547630310058594e-01
-4.076572060585021973e-01
-2.885601520538330078e-01
1.038795243948698044e-02
-4.080190509557723999e-02
-2.434856444597244263e-01
-2.609055340290069580e-01
-5.375159382820129395e-01
-4.255241751670837402e-01
-5.319914221763610840e-01
-2.132124155759811401e-01
-2.798582017421722412e-01
-3.541361987590789795e-01
-3.410752713680267334e-01
-2.929989695549011230e-01
-2.092685848474502563e-01
-1.241490840911865234e-01
-3.100675642490386963e-01
-4.910522997379302979e-01
-4.710298180580139160e-01
-3.595968782901763916e-01
-4.476223289966583252e-01
-4.458180963993072510e-01
-2.107215821743011475e-01
-2.902207076549530029e-01
-3.942130804061889648e-01
-3.416021764278411865e-01
-5.656336545944213867e-01
-5.710304379463195801e-01
-5.729145407676696777e-01
-4.617530405521392822e-01
-2.562112510204315186e-01
-2.274069786071777344e-01
-2.096677571535110474e-01
-1.304719746112823486e-01
-2.526506483554840088e-01
-5.653462409973144531e-01
-6.314811110496520996e-01
-5.398151874542236328e-01
-5.702002048492431641e-01
-6.221883893013000488e-01
-5.876465886831283569e-02
-2.269439399242401123e-01
-3.004021942615509033e-02
-2.909711599349975586e-01
-4.523964524269104004e-01
-3.166778683662414551e-01
-3.610179126262664795e-01
-2.990024983882904053e-01
-4.840428233146667480e-01
-5.318955779075622559e-01
-5.981741547584533691e-01
-5.469683408737182617e-01
-5.445413589477539062e-01
-4.551108181476593018e-01
1.404437050223350525e-02
1.089515760540962219e-01
2.954768240451812744e-01
1.412685662508010864e-01
-9.526497125625610352e-02
-6.220766305923461914e-01
-4.564041197299957275e-01
-7.903037667274475098e-01
-3.408517241477966309e-01
-1.858132332563400269e-01
-1.861165910959243774e-01
-3.737330553121864796e-04
-1.365818735212087631e-02
7.982796430587768555e-02
-8.950092643499374390e-02
-9.893735498189926147e-02
-2.089013606309890747e-01
-7.695094496011734009e-02
-1.119184419512748718e-01
-2.371148467063903809e-01
-6.480014324188232422e-02
-1.928705871105194092e-01
-1.877132803201675415e-01
-1.659184843301773071e-01
-1.475884914398193359e-01
6.188118085265159607e-02
-1.894696503877639771e-01
-1.136428639292716980e-01
-2.133241891860961914e-01
-4.253804683685302734e-01
-3.923130333423614502e-01
-2.006943672895431519e-01
9.151573479175567627e-02
-4.263544380664825439e-01
-4.923935234546661377e-01
-5.794130563735961914e-01
-4.667027890682220459e-01
-5.556703209877014160e-01
-4.737761020660400391e-01
-5.164077281951904297e-01
-3.415063917636871338e-01
-9.170435369014739990e-02
-1.597073525190353394e-01
-2.551254928112030029e-01
-2.645300030708312988e-01
1.845665043219923973e-03
2.194424718618392944e-01
1.487464923411607742e-02
-8.426378667354583740e-02
-3.545353710651397705e-01
-4.249493479728698730e-01
-4.312722384929656982e-01
-1.555559635162353516e-01
-3.240385949611663818e-01
-3.388079702854156494e-01
-3.510066866874694824e-01
-4.276477694511413574e-01
-2.540716826915740967e-01
-8.285869657993316650e-02
-1.585737019777297974e-01
-8.346544206142425537e-02
-8.828744292259216309e-02
3.831404820084571838e-02
-7.134656608104705811e-02
-3.070178925991058350e-01
-4.666229486465454102e-01
-4.236081242561340332e-01
-3.574413359165191650e-01
-3.918180465698242188e-01
-3.827648162841796875e-01
-5.248541831970214844e-01
-3.027707040309906006e-01
-3.273597061634063721e-01
-2.804968953132629395e-01
-1.833383589982986450e-01
-2.175713777542114258e-01
-2.902207076549530029e-01
-2.470302879810333252e-01
-1.128924190998077393e-01
-1.123335808515548706e-01
-4.210853576660156250e-01
-1.567215472459793091e-01
-1.074636802077293396e-01
-2.427511662244796753e-01
-2.109291553497314453e-01
-3.245655000209808350e-01
-4.020209014415740967e-01
-3.462006449699401855e-01
-5.323746204376220703e-01
-5.105638504028320312e-01
-2.464235574007034302e-01
-2.051810622215270996e-01
-4.188765212893486023e-02
-1.370982378721237183e-01
6.162570789456367493e-02
1.632763631641864777e-02
-2.337660873308777809e-03
3.269370272755622864e-02
-9.598348289728164673e-02
-1.875057220458984375e-01
-5.668896064162254333e-02
-9.657426178455352783e-02
-2.734075784683227539e-01
-3.274395465850830078e-01
-1.281088739633560181e-01
-2.833070456981658936e-01
5.357839539647102356e-02
2.390817403793334961e-01
3.768281340599060059e-01
2.220131307840347290e-01
1.568896137177944183e-02
-1.416328400373458862e-01
-3.008866012096405029e-01
-1.673235595226287842e-01
2.616324275732040405e-02
-4.477224312722682953e-03
7.960984483361244202e-03
-7.224071770906448364e-02
1.753419041633605957e-01
8.887064643204212189e-03
-7.669547945261001587e-02
1.205595061182975769e-01
1.388735324144363403e-01
1.458989530801773071e-01
-8.405080065131187439e-03
1.616423130035400391e-01
6.244002282619476318e-02
-6.861623376607894897e-02
-5.700829997658729553e-02
-1.419521719217300415e-01
1.455476880073547363e-01
-3.452107012271881104e-01
5.626083537936210632e-02
1.204477399587631226e-01
3.580191433429718018e-01
1.811857968568801880e-01
2.010965049266815186e-01
-2.762921713292598724e-02
-2.119031250476837158e-01
-4.161621630191802979e-02
1.243755966424942017e-01
7.053523510694503784e-02
-9.746298193931579590e-03
9.357546269893646240e-02
-2.587340176105499268e-01
-2.057185210287570953e-02
-3.526139259338378906e-02
-5.243634805083274841e-03
-1.428143829107284546e-01
-8.627561479806900024e-02
-3.495801985263824463e-02
1.233377456665039062e-01
2.243922054767608643e-01
-1.194973010569810867e-02
-1.025299057364463806e-01
-2.411385029554367065e-01
-2.556364536285400391e-01
-7.453994452953338623e-02
-3.555732071399688721e-01
-6.051037907600402832e-01
-4.387607276439666748e-01
-3.404366075992584229e-01
-1.664134562015533447e-01
-1.265441179275512695e-01
-1.763129234313964844e-01
-2.451142668724060059e-01
-4.731534123420715332e-01
-4.107228517532348633e-01
-4.718441069126129150e-01
-5.022770166397094727e-01
-3.986518979072570801e-01
-5.384685471653938293e-02
1.231994666159152985e-02
-2.001674622297286987e-01
-1.867712438106536865e-01
-3.846329450607299805e-01
-3.129256367683410645e-01
-1.931260675191879272e-01
-1.646091938018798828e-01
-3.365885615348815918e-01
-3.578405082225799561e-01
-4.368287324905395508e-01
-1.035358235239982605e-01
-2.024666965007781982e-01
2.408540695905685425e-01
1.359675526618957520e-01
1.494595706462860107e-01
1.265790313482284546e-01
-4.725252836942672729e-02
-1.750036478042602539e-01
-6.353875994682312012e-02
4.991143010556697845e-03
1.029480248689651489e-01
1.374365091323852539e-01
-2.912468975409865379e-03
-2.683939635753631592e-01
-1.059148907661437988e-01
-4.729937314987182617e-01
-5.212297439575195312e-01
-3.583035469055175781e-01
-3.108499348163604736e-01
-2.492816299200057983e-01
-9.668602794408798218e-02
1.704614609479904175e-02
-1.808101683855056763e-02
-2.794855646789073944e-02
-5.826968327164649963e-02
-3.744885697960853577e-02
5.994918569922447205e-02
-2.384560704231262207e-01
1.557185947895050049e-01
1.805311441421508789e-01
1.599178910255432129e-01
6.976882368326187134e-02
8.402726054191589355e-02
-1.777818799018859863e-01
-2.886080741882324219e-01
-3.325968384742736816e-01
-2.889912724494934082e-01
-5.606200695037841797e-01
-6.009045243263244629e-01
-3.549984097480773926e-01
-1.964471787214279175e-01
-1.059148907661437988e-01
-1.940840780735015869e-01
-1.875057220458984375e-01
-1.921041756868362427e-01
-1.462792009115219116e-01
-2.125737369060516357e-01
-1.851745545864105225e-01
-1.916571110486984253e-01
-1.788197308778762817e-01
-2.818540632724761963e-01
-7.297518849372863770e-02
2.486992441117763519e-02
7.106214016675949097e-02
1.523655503988265991e-01
5.086944438517093658e-03
-2.707091867923736572e-01
-2.405157983303070068e-01
-2.717151045799255371e-01
-1.792508363723754883e-01
-7.841990143060684204e-02
1.179090067744255066e-01
-1.754666864871978760e-01
1.206712797284126282e-01
-1.939403712749481201e-01
-3.138143941760063171e-02
-6.456063687801361084e-02
-1.620385199785232544e-01
-9.390778839588165283e-02
-2.470941543579101562e-01
-1.355334818363189697e-01
-2.256506234407424927e-01
-1.310308128595352173e-01
-1.465825736522674561e-01
-8.958075940608978271e-02
-2.980604767799377441e-01
-1.811295002698898315e-02
9.834956377744674683e-02
2.250308841466903687e-01
3.318867459893226624e-02
-2.649770677089691162e-01
4.798998311161994934e-02
1.321674287319183350e-01
2.315932661294937134e-01
8.955180644989013672e-02
1.944223493337631226e-01
1.240562573075294495e-01
1.556068360805511475e-01
1.484856009483337402e-01
-1.256020665168762207e-01
-2.918333709239959717e-01
-3.763301670551300049e-01
-4.628866910934448242e-01
-1.614477485418319702e-01
-3.446678221225738525e-01
-4.388086199760437012e-01
-3.004395365715026855e-01
-6.021764501929283142e-02
-3.012378811836242676e-01
-2.405317723751068115e-01
-3.606027662754058838e-01
-3.834194839000701904e-01
-3.603473007678985596e-01
-2.669729292392730713e-01
-1.351502835750579834e-01
-2.280935645103454590e-01
4.947490617632865906e-02
1.593271195888519287e-01
-6.250090897083282471e-02
-2.696394026279449463e-01
-4.581445157527923584e-01
-4.677246510982513428e-01
-3.757553696632385254e-01
-1.759297251701354980e-01
-3.260823488235473633e-01
-9.488176554441452026e-02
1.433177478611469269e-02
7.737448439002037048e-03
-4.444235563278198242e-02
-2.631728053092956543e-01
-2.034087479114532471e-01
-4.220274090766906738e-01
-9.772387146949768066e-02
1.041455417871475220e-01
-2.299457192420959473e-01
-2.438209503889083862e-01
-4.795507341623306274e-02
-2.545666694641113281e-01
-3.071615993976593018e-01
-3.749570250511169434e-01
-5.597578287124633789e-01
-3.832917213439941406e-01
-3.220108151435852051e-01
-3.318783342838287354e-01
-2.411225438117980957e-01
-1.915613114833831787e-01
-2.818540632724761963e-01
-3.176997303962707520e-01
-2.643862962722778320e-01
-4.141716957092285156e-01
-3.187216222286224365e-01
-1.709320843219757080e-01
-2.635560035705566406e-01
3.772327303886413574e-02
2.372030727565288544e-02
3.841526340693235397e-03
-6.994148343801498413e-02
-1.895973831415176392e-01
-7.527442276477813721e-02
-2.489622831344604492e-01
-3.815034329891204834e-01
-3.021320104598999023e-01
-5.012551546096801758e-01
-7.511689066886901855e-01
-5.827341675758361816e-01
-3.075607717037200928e-01
-6.021764501929283142e-02
3.494503349065780640e-02
-3.397979140281677246e-01
-2.495849877595901489e-01
-4.344815909862518311e-01
-9.659022837877273560e-02
-2.425435930490493774e-01
-1.218923274427652359e-02
-9.381198883056640625e-02
2.755777677521109581e-03
-1.043287478387355804e-02
-4.527263343334197998e-02
5.420110374689102173e-02
-3.527735918760299683e-02
3.513663634657859802e-02
-2.663661837577819824e-01
-1.604737639427185059e-01
-7.973973639309406281e-03
-3.145223259925842285e-01
-1.835299581289291382e-01
1.393205970525741577e-01
-3.102751374244689941e-01
-7.424829602241516113e-01
-6.230345964431762695e-01
-4.119682610034942627e-01
-1.040467619895935059e-01
-4.172798246145248413e-02
2.333975285291671753e-01
6.414847820997238159e-02
-1.068250015377998352e-01
-3.629658818244934082e-01
-4.989399313926696777e-01
-3.526193201541900635e-01
-2.999924719333648682e-01
-1.591964215040206909e-01
-1.351981759071350098e-01
-1.391579657793045044e-01
6.571865174919366837e-03
-2.427830994129180908e-01
-4.289889931678771973e-01
-3.658559024333953857e-01
-2.200941443443298340e-01
-2.714117169380187988e-01
-2.392065078020095825e-01
-2.292431741952896118e-01
1.883443817496299744e-02
7.029572874307632446e-02
1.315606832504272461e-01
1.926979273557662964e-01
-1.604098975658416748e-01
-1.763767898082733154e-01
1.980149000883102417e-01
-1.376091837882995605e-01
-2.679149806499481201e-01
-1.307114809751510620e-01
-1.332661807537078857e-01
-5.410232394933700562e-02
1.767150610685348511e-01
1.093826815485954285e-01
3.118269145488739014e-01
-3.438375294208526611e-01
-3.796353042125701904e-01
-2.734874188899993896e-01
6.756539642810821533e-02
-4.932822287082672119e-02
2.686578594148159027e-02
2.931413473561406136e-03
-5.673686414957046509e-02
-4.075134992599487305e-01
2.926081977784633636e-02
-7.286342233419418335e-02
-2.728966474533081055e-01
-4.534023702144622803e-01
-4.276317954063415527e-01
-1.787079572677612305e-01
-2.852390408515930176e-01
-2.103064358234405518e-01
-3.420811891555786133e-01
-1.745885014533996582e-01
-8.660550229251384735e-03
-2.146334648132324219e-01
-1.447463780641555786e-01
-2.732638716697692871e-01
-1.863880306482315063e-01
-1.370503455400466919e-01
-1.313182264566421509e-01
-1.235583052039146423e-01
-3.875229656696319580e-01
-1.171715483069419861e-01
1.958753317594528198e-01
3.982557058334350586e-01
3.715431094169616699e-01
1.454838216304779053e-01
-1.787239313125610352e-01
1.659907400608062744e-02
-8.745716512203216553e-02
1.041988655924797058e-02
-1.544702202081680298e-01
-3.334431052207946777e-01
-1.233188062906265259e-01
-7.730221748352050781e-02
1.669487543404102325e-02
-1.928386539220809937e-01
-5.986372232437133789e-01
-4.364295601844787598e-01
-5.514709949493408203e-01
-3.034732341766357422e-01
-3.453384339809417725e-01
-2.470302879810333252e-01
-2.208765298128128052e-01
-2.921367585659027100e-01
-1.275819689035415649e-01
-2.060378529131412506e-02
-1.209557056427001953e-01
-6.409218069165945053e-03
4.323184862732887268e-02
3.713791258633136749e-03
-6.253284215927124023e-02
6.843302398920059204e-03
-8.065526932477951050e-02
1.647398918867111206e-01
-1.696387678384780884e-01
-1.561946421861648560e-01
-4.021486341953277588e-01
-1.953400298953056335e-02
-1.537197679281234741e-01
-2.203017175197601318e-01
2.965999208390712738e-02
-1.910024732351303101e-01
6.644771248102188110e-02
-2.362526357173919678e-01
7.396811991930007935e-02
-1.417126655578613281e-01
-3.633117303252220154e-02
-1.793945431709289551e-01
-8.969252556562423706e-02
-2.889752984046936035e-01
-1.573282927274703979e-01
-1.040467619895935059e-01
-1.977404952049255371e-01
-2.545028030872344971e-01
-1.608250439167022705e-01
1.303951144218444824e-01
-1.894322782754898071e-02
4.163515940308570862e-02
-2.401485592126846313e-01
-2.197109460830688477e-01
-1.427026242017745972e-01
-7.888294011354446411e-02
-2.584625780582427979e-01
1.990208029747009277e-01
2.384430617094039917e-01
6.692777276039123535e-01
3.249038159847259521e-01
1.072590872645378113e-01
-2.610971331596374512e-01
-7.497105002403259277e-02
-3.999292254447937012e-01
-2.809439599514007568e-01
-8.603186011314392090e-01
-1.092668771743774414e+00
-9.934664964675903320e-01
-5.286543369293212891e-01
-5.871675536036491394e-02
-1.681538373231887817e-01
-2.471101284027099609e-01
-6.035230755805969238e-01
-8.006503582000732422e-01
-6.771783828735351562e-01
-5.773533582687377930e-01
-6.088240742683410645e-01
-7.946627736091613770e-01
-4.588151276111602783e-01
-1.886393725872039795e-01
-7.064402848482131958e-02
-3.812958598136901855e-01
-4.428961575031280518e-01
-4.541049003601074219e-01
1.584010422229766846e-01
-2.034566402435302734e-01
-6.192610412836074829e-02
-5.368613004684448242e-01
-1.178421601653099060e-01
-6.784716844558715820e-01
-3.213721215724945068e-01
-6.403427124023437500e-01
-5.856880545616149902e-01
-6.765716075897216797e-01
-3.561959266662597656e-01
2.906548082828521729e-01
8.538444340229034424e-02
-4.147305488586425781e-01
-3.305530846118927002e-01
-5.561652779579162598e-01
-2.143620252609252930e-01
-5.001214742660522461e-01
-2.885921001434326172e-01
-2.441083490848541260e-01
1.456594616174697876e-01
-4.857778176665306091e-02
-1.230154335498809814e-01
-4.318630099296569824e-01
-4.869807362556457520e-01
-7.090642452239990234e-01
-6.151788830757141113e-01
-4.803864061832427979e-01
-8.424782007932662964e-02
2.814738452434539795e-01
-2.567221820354461670e-01
-2.089971601963043213e-01
-4.168381690979003906e-01
6.930578500032424927e-02
5.723481252789497375e-02
1.429450809955596924e-01
1.033312305808067322e-01
1.442863047122955322e-01
-4.623118937015533447e-01
-4.256519079208374023e-01
-6.124006509780883789e-01
-7.614675760269165039e-01
-6.126242280006408691e-01
-8.107254505157470703e-01
-6.511523127555847168e-01
-4.681717455387115479e-01
-4.932876527309417725e-01
-5.174934864044189453e-01
-3.106423616409301758e-01
-7.457242012023925781e-01
-5.044590681791305542e-02
3.243822976946830750e-02
-3.456258475780487061e-01
-6.423385739326477051e-01
-8.179265260696411133e-01
-6.376922130584716797e-01
-6.173983216285705566e-01
-1.584459692239761353e-01
-2.925039827823638916e-01
-1.623259335756301880e-01
-1.657428443431854248e-01
-2.465937659144401550e-02
2.546654343605041504e-01
1.269782036542892456e-01
-9.607928246259689331e-02
-3.312077224254608154e-01
-1.318611055612564087e-01
-2.496648281812667847e-01
-2.964104712009429932e-02
-1.595157533884048462e-01
-3.411551117897033691e-01
-2.976878173649311066e-02
-9.365231543779373169e-02
-1.321963965892791748e-01
-7.407690584659576416e-02
2.087820135056972504e-02
-6.751451641321182251e-02
-1.059148907661437988e-01
2.664490044116973877e-01
-1.041904687881469727e-01
6.614433974027633667e-02
-2.716831564903259277e-01
-1.183690652251243591e-01
-2.784052193164825439e-01
-2.311113029718399048e-01
-9.611121565103530884e-02
-1.651520729064941406e-01
-2.396695613861083984e-01
-8.827147632837295532e-02
-2.535128593444824219e-01
-1.380722224712371826e-01
-9.671796113252639771e-02
-4.292549937963485718e-02
-3.473023474216461182e-01
-4.559251368045806885e-01
-1.813904047012329102e-01
-4.715247750282287598e-01
-1.625175327062606812e-01
3.199115768074989319e-02
-2.317659407854080200e-01
-8.552516996860504150e-02
6.216804385185241699e-01
4.329677224159240723e-01
5.103273391723632812e-01
2.723844023421406746e-03
2.460592687129974365e-01
1.517907381057739258e-01
-6.331522017717361450e-02
2.298688441514968872e-01
2.487736493349075317e-01
-2.196097187697887421e-02
-2.243732661008834839e-01
-3.005832433700561523e-01
-2.219143658876419067e-01
-3.253319263458251953e-01
-2.678830325603485107e-01
-2.282851636409759521e-01
-1.875162497162818909e-02
-3.367801904678344727e-01
1.500184237957000732e-01
-7.955355197191238403e-02
-2.826364338397979736e-01
-4.796679019927978516e-01
-3.342414498329162598e-01
-7.800476253032684326e-02
-2.958570420742034912e-01
-4.296595752239227295e-01
-3.475099205970764160e-01
4.227383807301521301e-02
-6.337908655405044556e-02
-3.558925390243530273e-01
-5.627436637878417969e-01
-6.468731760978698730e-01
-6.309861540794372559e-01
-3.691770136356353760e-01
-4.766766726970672607e-02
-7.187347859144210815e-02
1.552929170429706573e-02
3.742255270481109619e-01
1.212460845708847046e-01
3.764609098434448242e-01
2.142691910266876221e-01
8.857782185077667236e-02
-6.229333952069282532e-02
8.286167681217193604e-02
3.735603392124176025e-02
6.673511862754821777e-02
9.191490709781646729e-02
-1.817576438188552856e-01
-2.667174637317657471e-01
-3.139155805110931396e-01
-9.362038224935531616e-02
-1.579509973526000977e-01
-1.519953459501266479e-01
-1.634116768836975098e-01
-2.510060369968414307e-01
-1.149361878633499146e-01
-1.649285256862640381e-01
-2.255388498306274414e-01
6.194504722952842712e-02
1.055027320981025696e-01
3.605419099330902100e-01
7.189986109733581543e-01
5.743545889854431152e-01
7.083966135978698730e-01
2.637825310230255127e-01
1.883443817496299744e-02
-2.845045626163482666e-01
-3.003916442394256592e-01
-4.350404441356658936e-01
-5.455313324928283691e-01
-2.919451296329498291e-01
-5.255247950553894043e-01
-3.843774795532226562e-01
-1.602128706872463226e-02
-5.028198957443237305e-01
-3.343851566314697266e-01
-4.019410610198974609e-01
-1.604258716106414795e-01
-7.193309664726257324e-01
-6.135503053665161133e-01
-7.399761676788330078e-01
-6.782321929931640625e-01
-8.219661116600036621e-01
-6.530523896217346191e-01
-1.513726413249969482e-01
2.061580121517181396e-01
4.078891500830650330e-02
-6.286814808845520020e-02
2.813461124897003174e-01
-1.205246001482009888e-01
-1.592602878808975220e-01
-4.059168100357055664e-01
-5.901428461074829102e-01
-6.003137230873107910e-01
-3.437417447566986084e-01
-4.956028461456298828e-01
-3.640037178993225098e-01
-3.064750134944915771e-01
-2.277528308331966400e-02
-2.379930317401885986e-01
-8.008045703172683716e-02
-3.281261324882507324e-01
1.274731755256652832e-01
-4.305697083473205566e-01
-1.758658587932586670e-01
-4.806897640228271484e-01
-6.528607606887817383e-01
-5.698648691177368164e-01
-4.814402163028717041e-01
-6.014154553413391113e-01
-3.199670314788818359e-01
-4.422894120216369629e-01
-6.300760507583618164e-01
-9.160590171813964844e-01
-7.579867839813232422e-01
-8.435853123664855957e-01
-5.713657736778259277e-01
-7.154350280761718750e-01
-6.429453492164611816e-01
-6.023575067520141602e-01
-5.468885302543640137e-01
-5.420984625816345215e-01
-4.742231965065002441e-01
-7.636071443557739258e-01
-3.996577858924865723e-01
2.396565526723861694e-01
6.305420398712158203e-01
2.159297466278076172e-01
8.329278230667114258e-02
-3.943887352943420410e-01
-5.784231424331665039e-01
-4.605714976787567139e-01
-3.534336388111114502e-01
-5.307619571685791016e-01
-6.224598288536071777e-01
-4.488996863365173340e-01
-3.733762800693511963e-01
-4.917229115962982178e-01
-2.905719876289367676e-01
-4.970558285713195801e-01
-5.172380208969116211e-01
-4.574739038944244385e-01
-4.972474575042724609e-01
-2.520758211612701416e-01
-2.160545140504837036e-01
-2.416175156831741333e-01
-5.672143697738647461e-01
-1.115102291107177734e+00
-1.197667121887207031e+00
-1.017225265502929688e+00
-1.238254904747009277e+00
-8.585143685340881348e-01
-1.115182161331176758e+00
-3.828606307506561279e-01
-4.816797375679016113e-01
-1.794903427362442017e-01
-5.232999846339225769e-02
-4.604118168354034424e-01
-4.609546959400177002e-01
-1.469178795814514160e-01
-9.901719540357589722e-02
-2.590852975845336914e-01
-3.914188742637634277e-01
-3.845371603965759277e-01
-4.372598230838775635e-01
-4.359345734119415283e-01
-3.031379282474517822e-01
-2.533212602138519287e-01
-2.809439599514007568e-01
-2.509741187095642090e-01
-4.353118836879730225e-01
-2.273431122303009033e-01
-5.676454901695251465e-01
-6.824474334716796875e-01
1.982438564300537109e-02
-9.975167363882064819e-02
1.365423649549484253e-01
-1.063619628548622131e-01
-3.735199868679046631e-01
-2.652325332164764404e-01
-2.355979979038238525e-01
-2.595483362674713135e-01
-1.653436720371246338e-01
-9.676586091518402100e-02
-3.841060400009155273e-01
-3.210368156433105469e-01
-2.473177015781402588e-01
-1.142975091934204102e-01
-3.435022532939910889e-01
-2.659829854965209961e-01
3.744490742683410645e-01
4.299340248107910156e-01
3.611007630825042725e-01
1.032354310154914856e-01
-1.685530096292495728e-01
-2.987310588359832764e-01
-1.467262804508209229e-01
-2.318298071622848511e-01
-1.707510277628898621e-02
-1.165807768702507019e-01
-2.880811691284179688e-01
-2.952981889247894287e-01
-2.369594527408480644e-03
1.420509368181228638e-01
1.298682093620300293e-01
-3.115045726299285889e-01
-2.882887125015258789e-01
-2.985075414180755615e-01
2.803136780858039856e-02
-7.704675197601318359e-02
-1.358687877655029297e-01
-4.676128923892974854e-01
-3.532525897026062012e-02
3.052805066108703613e-01
1.538504660129547119e-01
2.797334790229797363e-01
1.549202501773834229e-01
-2.164217531681060791e-01
-2.591810822486877441e-01
2.035554051399230957e-01
-8.440748602151870728e-02
1.227469742298126221e-01
-1.467901468276977539e-01
1.855766922235488892e-01
1.063968762755393982e-01
-1.058031246066093445e-01
1.048800200223922729e-01
2.318008393049240112e-01
1.590077728033065796e-01
-3.316388428211212158e-01
3.377411961555480957e-01
4.059677124023437500e-01
6.169701814651489258e-01
3.179741799831390381e-01
-5.434183031320571899e-02
-5.750700831413269043e-01
-5.432161092758178711e-01
-1.885914653539657593e-01
-1.304081082344055176e-01
-3.528748154640197754e-01
-3.432467579841613770e-01
-1.365393996238708496e-01
-1.431177556514739990e-01
-2.642585635185241699e-01
-1.656949371099472046e-01
-4.746542870998382568e-01
-8.414457440376281738e-01
-5.459464788436889648e-01
-1.694471687078475952e-01
-1.414891332387924194e-01
1.705678105354309082e-01
3.521646931767463684e-02
3.233550190925598145e-01
3.274744749069213867e-01
7.615558058023452759e-02
-8.048391318880021572e-04
-7.147430628538131714e-02
-4.809771776199340820e-01
-5.520404130220413208e-02
-3.809126615524291992e-01
-1.891503036022186279e-01
-1.573761850595474243e-01
-3.205737769603729248e-01
-2.759303450584411621e-01
-4.062521159648895264e-01
-3.799546658992767334e-01
1.629994958639144897e-01
-2.070012986660003662e-01
-6.328383088111877441e-01
