-6.139530944824218750e+01
-3.196775245666503906e+01
-1.244034004211425781e+01
-2.398329496383666992e+00
1.112135410308837891e+00
2.883805751800537109e+00
3.089842557907104492e+00
3.112818956375122070e+00
2.699915170669555664e+00
2.102162599563598633e+00
1.597209692001342773e+00
3.664177358150482178e-01
-1.705329120159149170e-01
2.829747498035430908e-01
5.178956389427185059e-01
7.607361078262329102e-01
2.030125260353088379e-01
-6.917507201433181763e-02
-9.507337212562561035e-02
-3.835896775126457214e-02
-3.509268462657928467e-01
-3.283337056636810303e-01
-6.011120676994323730e-01
-7.035077810287475586e-01
-6.250943541526794434e-01
-4.811528027057647705e-01
-9.754823893308639526e-02
-4.958369582891464233e-02
-6.920158863067626953e-03
-8.848597407341003418e-01
-1.221377968788146973e+00
-1.009417414665222168e+00
-1.958190463483333588e-02
5.095130205154418945e-01
-1.104494854807853699e-01
-2.371946871280670166e-01
-2.924720644950866699e-01
-5.957791209220886230e-01
-8.510418534278869629e-01
-9.312754869461059570e-01
-7.133433818817138672e-01
-6.800523996353149414e-01
-1.010928899049758911e-01
-5.834846496582031250e-01
-5.157690644264221191e-01
-1.102855682373046875e+00
-6.862635016441345215e-01
-5.597897768020629883e-01
-7.664173245429992676e-01
-6.021978259086608887e-01
-1.473010778427124023e-01
1.639096140861511230e-01
3.741297423839569092e-01
4.198269844055175781e-01
1.625045239925384521e-01
3.070528209209442139e-01
-4.033780992031097412e-01
-8.342286944389343262e-01
-8.628253936767578125e-01
-7.759655117988586426e-01
-6.344190239906311035e-01
-5.572190880775451660e-01
-7.237856984138488770e-01
-6.724521517753601074e-01
-3.714762330055236816e-01
-8.209228515625000000e-02
-2.804649472236633301e-01
-9.186456799507141113e-01
-1.254014253616333008e+00
-7.686846256256103516e-01
-4.013023972511291504e-01
7.059910148382186890e-02
4.845886826515197754e-01
3.581468760967254639e-01
-9.835670590400695801e-01
-1.397540688514709473e+00
-6.146839261054992676e-01
6.051387190818786621e-01
9.724889993667602539e-01
1.039438247680664062e+00
1.226123094558715820e+00
1.203753471374511719e+00
4.295029044151306152e-01
-4.284141659736633301e-01
-2.718587815761566162e-01
-1.317333579063415527e-01
3.920924961566925049e-01
4.858341217041015625e-01
-4.458659887313842773e-01
-1.246972918510437012e+00
-5.589115619659423828e-01
3.102142512798309326e-01
-7.037258893251419067e-02
-5.520458221435546875e-01
-2.451567351818084717e-02
-9.571737647056579590e-01
-5.758310854434967041e-02
-9.294073581695556641e-01
-5.674378871917724609e-01
-1.581128001213073730e+00
-2.033709526062011719e+00
-1.959239959716796875e+00
-1.234327077865600586e+00
-1.070235371589660645e+00
-8.751039505004882812e-01
-6.309861540794372559e-01
-6.528767347335815430e-01
-2.462159842252731323e-01
-3.864637389779090881e-02
7.966829836368560791e-02
2.379001975059509277e-01
-1.665996387600898743e-02
-1.147924810647964478e-01
-3.668244555592536926e-02
-5.308044329285621643e-02
-1.638108491897583008e-01
7.826320827007293701e-02
5.721351504325866699e-01
8.343913555145263672e-01
5.645668506622314453e-01
2.711113393306732178e-01
2.636388242244720459e-01
-1.627675816416740417e-02
2.375169843435287476e-01
4.499884247779846191e-01
2.958281040191650391e-01
-4.739623144268989563e-02
-2.615920901298522949e-01
-4.380581676959991455e-01
-4.389203786849975586e-01
-4.083757102489471436e-01
-4.839150905609130859e-01
1.385701596736907959e-01
5.022799968719482422e-01
-3.516558930277824402e-02
-4.899292066693305969e-02
6.986462324857711792e-02
1.243915632367134094e-01
1.942467093467712402e-01
-2.333412319421768188e-02
-9.957603365182876587e-02
-2.910510003566741943e-01
-8.500359058380126953e-01
-5.235449075698852539e-01
-3.607305288314819336e-01
-3.359818458557128906e-01
-1.374016106128692627e-01
1.999947875738143921e-01
8.495333790779113770e-02
2.543939948081970215e-01
4.933120310306549072e-02
-2.988428473472595215e-01
-3.042077124118804932e-01
-7.222209572792053223e-01
-5.827181935310363770e-01
1.057581976056098938e-01
2.287831008434295654e-01
1.323005929589271545e-02
-4.405809342861175537e-01
-4.289889931678771973e-01
-2.321491539478302002e-01
-3.761704862117767334e-01
-2.892148196697235107e-01
-3.351355791091918945e-01
-3.233360648155212402e-01
1.083767712116241455e-01
-2.578079402446746826e-01
-2.638274431228637695e-01
-2.079433351755142212e-01
1.961148381233215332e-01
3.303485214710235596e-01
3.628092110157012939e-01
6.735728383064270020e-01
2.569487094879150391e-01
7.200419157743453979e-02
1.094465553760528564e-01
3.080267906188964844e-01
2.568209469318389893e-01
9.775878489017486572e-02
2.586731314659118652e-01
4.246010780334472656e-01
6.044681072235107422e-01
5.715922713279724121e-01
4.384603500366210938e-01
2.903833687305450439e-01
5.995662808418273926e-01
5.610700845718383789e-01
1.950929611921310425e-01
-3.946068510413169861e-02
-1.481153964996337891e-01
1.525571495294570923e-01
4.462096840143203735e-02
-7.538618892431259155e-02
-3.264176547527313232e-01
-7.091546058654785156e-02
5.667597427964210510e-02
5.353049561381340027e-02
6.502665579319000244e-02
2.185218036174774170e-02
9.716801345348358154e-02
3.540274202823638916e-01
4.365922212600708008e-01
1.814093291759490967e-01
-2.604903876781463623e-01
-1.663176566362380981e-01
3.096927702426910400e-02
-1.222116686403751373e-02
-1.736145168542861938e-01
-1.369225978851318359e-01
7.950863242149353027e-02
2.768115103244781494e-01
4.867122769355773926e-01
2.881959080696105957e-01
6.131061911582946777e-01
5.664404109120368958e-02
3.923958539962768555e-01
-9.855415672063827515e-02
-6.233859062194824219e-01
-1.029344081878662109e+00
-6.367341876029968262e-01
-3.692727982997894287e-01
-2.320214062929153442e-01
-4.473668634891510010e-01
-4.421776235103607178e-01
-7.216087728738784790e-02
-5.464733839035034180e-01
-8.139188289642333984e-01
-6.584491729736328125e-01
-1.568652540445327759e-01
1.919315159320831299e-01
5.242823958396911621e-01
6.194450855255126953e-01
3.217104375362396240e-01
-1.240053772926330566e-01
-2.575045824050903320e-01
-7.862205617129802704e-03
1.270260959863662720e-01
3.383479416370391846e-01
2.554956972599029541e-01
3.631604909896850586e-01
3.127370178699493408e-01
3.253987729549407959e-01
5.167833715677261353e-02
-1.504730712622404099e-02
-1.309669464826583862e-01
4.687230288982391357e-02
1.123419776558876038e-02
9.464523941278457642e-02
2.167919576168060303e-01
1.423543095588684082e-01
-8.367729024030268192e-04
-1.544861793518066406e-01
-2.464235574007034302e-01
-5.115899723023176193e-03
-8.364107459783554077e-02
-2.387913763523101807e-01
2.033532597124576569e-02
1.699291318655014038e-01
3.167766630649566650e-01
9.114849567413330078e-02
4.173042178153991699e-01
4.739707112312316895e-01
2.026452869176864624e-01
1.533874273300170898e-01
3.031249642372131348e-01
1.002176851034164429e-01
-4.333522170782089233e-03
9.542761743068695068e-02
4.933120310306549072e-02
-2.722899019718170166e-01
-3.061556816101074219e-01
-3.423206806182861328e-01
-2.116157263517379761e-01
1.066842824220657349e-01
4.289654642343521118e-02
2.383207529783248901e-02
1.742561608552932739e-01
-8.207631856203079224e-02
-1.148882806301116943e-01
-9.006405016407370567e-04
6.793263554573059082e-02
2.344832718372344971e-01
6.227182745933532715e-01
5.551783442497253418e-01
4.054941236972808838e-02
8.397507481276988983e-04
2.711911797523498535e-01
2.579226791858673096e-01
2.515039741992950439e-01
5.181990265846252441e-01
5.468435883522033691e-01
2.799889445304870605e-01
-5.643349140882492065e-02
-3.957459032535552979e-01
-7.270908355712890625e-01
-5.238962173461914062e-01
-4.875341802835464478e-02
-7.529038935899734497e-02
-7.441221177577972412e-02
-1.728267222642898560e-02
1.874607801437377930e-01
1.204158067703247070e-01
-6.494522040156880394e-06
-7.089949399232864380e-02
2.593970485031604767e-02
3.914432600140571594e-02
-7.088352739810943604e-02
-1.505104303359985352e-01
-1.892726123332977295e-02
1.689391881227493286e-01
2.236417531967163086e-01
4.549701213836669922e-01
3.173993527889251709e-01
2.120657563209533691e-01
3.622823059558868408e-01
4.968512654304504395e-01
5.249530076980590820e-01
3.876856267452239990e-01
1.785991489887237549e-01
1.356162875890731812e-01
-2.900450825691223145e-01
-6.814095973968505859e-01
-4.614975750446319580e-01
-2.940048873424530029e-01
-1.412017345428466797e-01
7.088650763034820557e-02
-1.512714102864265442e-02
-3.795554935932159424e-01
-2.469983547925949097e-01
-2.193958731368184090e-03
-4.385158047080039978e-02
3.252071738243103027e-01
1.909575313329696655e-01
2.411574423313140869e-01
4.957176148891448975e-01
4.346282780170440674e-01
2.010166645050048828e-01
2.155784815549850464e-01
3.021030724048614502e-01
3.564757481217384338e-02
-1.472691446542739868e-01
-1.939084380865097046e-01
2.223005443811416626e-01
1.656713895499706268e-02
1.123046278953552246e-01
-1.531609296798706055e-01
-1.359007209539413452e-01
-2.909392416477203369e-01
-2.493454962968826294e-01
-4.070185422897338867e-01
-2.781178057193756104e-01
-1.126529201865196228e-01
-1.507339626550674438e-01
1.660651415586471558e-01
-1.178102269768714905e-01
9.672094136476516724e-02
-2.888635396957397461e-01
-3.654407560825347900e-01
-6.265515927225351334e-03
-9.545657783746719360e-02
-3.683626949787139893e-01
-2.122863382101058960e-01
-2.151763439178466797e-01
-6.547075510025024414e-02
1.069876477122306824e-01
1.178611069917678833e-01
1.322632282972335815e-01
-1.226906757801771164e-02
-3.361893892288208008e-01
6.630400568246841431e-02
1.512478739023208618e-01
2.560705244541168213e-01
7.937715649604797363e-01
4.594568014144897461e-01
2.204803079366683960e-01
9.506038576364517212e-02
-9.315734356641769409e-02
-1.811508983373641968e-01
-4.080190509557723999e-02
-2.965701371431350708e-02
3.461238145828247070e-01
2.360001355409622192e-01
-1.337451934814453125e-01
-1.378965824842453003e-01
-2.113762199878692627e-01
-8.527398458682000637e-04
3.769133985042572021e-02
-1.213548779487609863e-01
2.459848672151565552e-02
5.757011845707893372e-02
2.684981748461723328e-02
-1.656416244804859161e-02
-6.987761706113815308e-02
2.107245475053787231e-01
1.874607801437377930e-01
3.545597195625305176e-02
3.852161765098571777e-02
6.815616786479949951e-02
1.946778148412704468e-01
4.880854487419128418e-01
3.096394538879394531e-01
1.987493783235549927e-01
1.363028585910797119e-01
5.158838033676147461e-01
-3.178061172366142273e-02
-2.924560904502868652e-01
-4.044957756996154785e-01
-2.788522839546203613e-01
1.533768884837627411e-02
4.066223502159118652e-01
8.849106431007385254e-01
5.776916146278381348e-01
9.476605057716369629e-01
8.011482954025268555e-01
6.454551219940185547e-01
-2.106682583689689636e-02
1.468304637819528580e-02
4.969151318073272705e-01
4.799742698669433594e-01
-1.039349958300590515e-01
-1.097629144787788391e-01
-2.894862294197082520e-01
-3.995141088962554932e-01
-3.372112810611724854e-01
-1.384075284004211426e-01
2.668641507625579834e-01
4.845886826515197754e-01
7.686716318130493164e-01
4.452941715717315674e-01
2.868387401103973389e-01
2.361278682947158813e-01
-6.237317621707916260e-02
2.317529320716857910e-01
1.875725537538528442e-01
7.032766938209533691e-02
1.133265048265457153e-01
4.546348154544830322e-01
5.450872182846069336e-01
5.259748697280883789e-01
5.083474516868591309e-01
7.293930649757385254e-01
5.868885517120361328e-01
3.687808215618133545e-01
2.925548851490020752e-01
3.202414810657501221e-01
5.403450727462768555e-01
3.964514434337615967e-01
2.721012830734252930e-01
2.387997694313526154e-02
2.402792572975158691e-01
7.580430805683135986e-02
4.501800537109375000e-01
4.659553170204162598e-01
6.733812093734741211e-01
4.674881398677825928e-01
5.569187402725219727e-01
3.325040340423583984e-01
6.819874048233032227e-01
6.135373115539550781e-01
7.508366107940673828e-01
9.257060289382934570e-01
7.734776735305786133e-01
7.368815541267395020e-01
6.513788700103759766e-01
4.593610167503356934e-01
2.325672507286071777e-01
3.833585977554321289e-01
5.794799327850341797e-01
4.784254729747772217e-01
1.908936649560928345e-01
9.759911894798278809e-02
3.266718238592147827e-03
-1.164051368832588196e-01
-4.016323015093803406e-02
1.871254742145538330e-01
8.236670494079589844e-02
7.227562367916107178e-02
3.775147199630737305e-01
2.142691910266876221e-01
-2.243892401456832886e-01
-6.079245358705520630e-02
-2.058995813131332397e-01
4.770258069038391113e-02
9.688060730695724487e-02
9.940337389707565308e-02
7.839094847440719604e-02
1.468090713024139404e-01
-9.403552114963531494e-02
2.886430025100708008e-01
6.226544380187988281e-01
2.887068688869476318e-01
1.686996817588806152e-01
-1.135895494371652603e-02
2.482786774635314941e-01
-2.703844383358955383e-02
-2.769522368907928467e-01
-1.181934326887130737e-01
-3.920575678348541260e-01
-8.164521306753158569e-02
4.859672486782073975e-02
8.477770537137985229e-02
5.485680103302001953e-01
3.069250881671905518e-01
2.017032504081726074e-01
5.873570218682289124e-02
-6.221350654959678650e-02
7.885398715734481812e-02
-1.278000790625810623e-02
-1.365818735212087631e-02
-1.892461031675338745e-01
-2.967351973056793213e-01
-6.310765445232391357e-02
-2.529805153608322144e-02
1.360473930835723877e-01
1.408214867115020752e-01
7.195629179477691650e-02
1.412366330623626709e-01
1.392247974872589111e-01
1.875246465206146240e-01
3.035880029201507568e-01
2.468256801366806030e-01
2.674230039119720459e-01
2.738576531410217285e-01
1.298841685056686401e-01
8.977533876895904541e-02
8.351632207632064819e-02
1.566925793886184692e-01
1.281597465276718140e-01
3.588334619998931885e-01
4.592492282390594482e-01
4.280020296573638916e-01
1.430728137493133545e-01
3.453733623027801514e-01
4.187252521514892578e-01
1.901112794876098633e-01
2.054714411497116089e-01
1.753738373517990112e-01
3.238499760627746582e-01
2.185483127832412720e-01
9.296871721744537354e-02
6.617627292871475220e-02
1.552555561065673828e-01
2.090480178594589233e-01
1.586086004972457886e-01
2.406305372714996338e-01
2.266595065593719482e-01
1.182497292757034302e-02
1.192077435553073883e-02
-1.019391342997550964e-01
6.137023866176605225e-02
-2.560142241418361664e-02
2.795737981796264648e-01
3.155951201915740967e-01
2.391775399446487427e-01
3.152438402175903320e-01
4.202421307563781738e-01
4.506590366363525391e-01
3.602864444255828857e-01
3.059830367565155029e-01
4.506750106811523438e-01
4.033491313457489014e-01
5.063994526863098145e-01
4.958293735980987549e-01
7.183918952941894531e-01
5.381735563278198242e-01
6.046597361564636230e-01
3.361923992633819580e-01
7.402143441140651703e-03
-4.942402616143226624e-02
3.076170757412910461e-02
8.664582669734954834e-02
1.091751158237457275e-01
2.300285100936889648e-01
3.522231578826904297e-01
5.301955342292785645e-02
7.037556916475296021e-02
4.428352713584899902e-01
5.669299364089965820e-01
4.519842863082885742e-01
5.237235426902770996e-01
5.106466412544250488e-01
6.711778044700622559e-01
4.867601990699768066e-01
5.747058391571044922e-01
5.452628731727600098e-01
3.981279730796813965e-01
2.262922674417495728e-01
4.616282880306243896e-01
4.370871782302856445e-01
2.808032333850860596e-01
1.388735324144363403e-01
-6.347489356994628906e-02
-5.167535692453384399e-02
-1.365234255790710449e-01
-1.255647186189889908e-02
-4.798700660467147827e-02
1.417210604995489120e-02
-1.038870960474014282e-01
3.070687949657440186e-01
4.680789411067962646e-01
2.127683013677597046e-01
2.353933900594711304e-01
1.850018799304962158e-01
5.294513888657093048e-03
2.572520673274993896e-01
3.523349165916442871e-01
3.195868432521820068e-01
1.264193654060363770e-01
-1.073519140481948853e-01
-4.164549708366394043e-01
-3.307127654552459717e-01
-1.689521819353103638e-01
-1.664773225784301758e-01
8.920053392648696899e-02
4.823213815689086914e-01
2.603496313095092773e-01
2.259888947010040283e-01
2.008091062307357788e-01
2.236257940530776978e-01
2.764442861080169678e-01
3.305720388889312744e-01
3.139824569225311279e-01
2.556553781032562256e-01
4.472740590572357178e-01
2.348664849996566772e-01
9.076528996229171753e-02
9.011064469814300537e-02
1.395920366048812866e-01
4.680789411067962646e-01
5.159795880317687988e-01
3.285602331161499023e-01
4.267406463623046875e-01
3.177187144756317139e-01
1.141248494386672974e-01
1.242478638887405396e-01
-9.789951145648956299e-02
8.385162055492401123e-02
2.282881289720535278e-01
5.364226177334785461e-02
-4.173853434622287750e-03
-1.138185039162635803e-01
2.126140519976615906e-02
1.054707989096641541e-01
2.215181589126586914e-01
6.140162944793701172e-01
6.951121687889099121e-01
4.691167771816253662e-01
3.130882978439331055e-01
3.903999924659729004e-01
3.797500729560852051e-01
2.448936849832534790e-01
9.908404201269149780e-02
-1.871065497398376465e-01
-5.496453866362571716e-02
1.401668488979339600e-01
3.448943495750427246e-01
1.793176680803298950e-01
1.541378796100616455e-01
5.950316786766052246e-01
1.158013716340065002e-01
1.143962889909744263e-01
6.871501356363296509e-02
-5.771084129810333252e-02
1.052153259515762329e-01
7.944475859403610229e-02
2.273939698934555054e-01
2.723088562488555908e-01
1.338439583778381348e-01
2.114270776510238647e-01
3.011291027069091797e-01
9.988780133426189423e-03
3.368364647030830383e-02
2.142107486724853516e-02
1.216931566596031189e-01
3.036997616291046143e-01
4.018217325210571289e-02
-4.787523671984672546e-02
-5.823775008320808411e-02
1.754696369171142578e-01
9.887646883726119995e-02
3.144828230142593384e-02
7.332944124937057495e-02
1.475435495376586914e-01
4.701600223779678345e-02
1.508487015962600708e-01
4.606064260005950928e-01
3.542828857898712158e-01
2.493005543947219849e-01
1.220603957772254944e-01
3.705266118049621582e-02
1.666080206632614136e-01
5.158838033676147461e-01
6.208341717720031738e-01
6.527200937271118164e-01
2.678700685501098633e-01
-1.717304289340972900e-01
-3.308724164962768555e-01
-2.516127824783325195e-01
-1.955211013555526733e-01
-3.081355690956115723e-01
-9.732469916343688965e-02
2.188197523355484009e-01
3.512970805168151855e-01
2.108682394027709961e-01
1.633028686046600342e-01
2.176062762737274170e-01
5.234894528985023499e-02
-1.525487657636404037e-02
1.907394267618656158e-02
-8.392848074436187744e-02
1.223478019237518311e-01
3.676950633525848389e-01
2.395128458738327026e-01
1.963543444871902466e-01
2.214223593473434448e-01
-5.993024259805679321e-02
8.559201657772064209e-02
8.372388780117034912e-02
3.320464119315147400e-02
-8.804793655872344971e-02
-1.317972242832183838e-01
-3.387227281928062439e-02
1.501461565494537354e-01
9.783861786127090454e-02
3.146424889564514160e-02
6.341399997472763062e-02
-9.928862750530242920e-02
-6.946247816085815430e-02
-1.838812381029129028e-01
1.838362962007522583e-01
-5.365525186061859131e-02
-8.995854295790195465e-03
-7.727028429508209229e-02
1.352490484714508057e-01
1.002655923366546631e-01
1.603649705648422241e-01
-1.667593047022819519e-02
-3.559669852256774902e-02
-4.190361872315406799e-02
1.114583835005760193e-01
6.767716258764266968e-02
-3.882201015949249268e-02
1.854968518018722534e-01
-1.235945150256156921e-03
-5.610873457044363022e-03
6.954529136419296265e-02
-9.465823322534561157e-02
-3.494205325841903687e-02
-7.329452782869338989e-02
1.158492788672447205e-01
3.426909148693084717e-01
1.787268966436386108e-01
1.213259175419807434e-01
1.043585315346717834e-02
5.937437713146209717e-02
-1.564660817384719849e-01
-1.379604488611221313e-01
-5.351154878735542297e-02
-1.823005080223083496e-01
-9.564817696809768677e-02
2.189794182777404785e-01
5.579779297113418579e-02
3.373154997825622559e-02
-1.017954349517822266e-01
-7.254408299922943115e-02
2.217576652765274048e-01
2.279368489980697632e-01
1.898079067468643188e-01
-8.210825175046920776e-02
4.214610159397125244e-02
6.742168962955474854e-02
6.223245337605476379e-02
9.330402314662933350e-02
3.348352015018463135e-01
2.945826649665832520e-01
4.701600223779678345e-02
-4.426671937108039856e-02
-1.646251678466796875e-01
-1.343838721513748169e-01
-1.251230686902999878e-01
-1.116789355874061584e-01
-2.216908335685729980e-01
-8.554113656282424927e-02
1.805206015706062317e-02
3.093734197318553925e-02
1.178611069917678833e-01
-4.937612637877464294e-02
-1.905394345521926880e-01
-1.376411169767379761e-01
-8.790423721075057983e-02
9.743944555521011353e-02
2.376766502857208252e-01
2.042419761419296265e-01
4.114018753170967102e-02
2.174785435199737549e-01
4.744710773229598999e-02
1.500982493162155151e-01
1.927298605442047119e-01
2.932574152946472168e-01
3.243449628353118896e-01
1.086695957928895950e-02
9.129219502210617065e-02
-3.449498116970062256e-02
-1.724808663129806519e-01
-6.923893839120864868e-02
3.790315687656402588e-01
5.200830698013305664e-01
1.100852265954017639e-01
6.435605138540267944e-02
-1.040148288011550903e-01
3.813841193914413452e-02
-1.139302700757980347e-01
1.619990170001983643e-02
-9.553641080856323242e-02
7.649088650941848755e-02
3.458842933177947998e-01
2.150515764951705933e-01
1.070195809006690979e-01
1.421307772397994995e-01
2.203046828508377075e-01
2.775300443172454834e-01
2.761728465557098389e-01
1.822396069765090942e-01
2.788766659796237946e-02
1.568896137177944183e-02
-5.561918020248413086e-02
1.122726947069168091e-01
-1.184009984135627747e-01
-4.695343959610909224e-04
-9.718099981546401978e-02
-1.396848708391189575e-01
-2.938557602465152740e-02
1.511520594358444214e-01
3.154949983581900597e-03
8.661389350891113281e-02
3.960736468434333801e-02
1.813135296106338501e-01
8.880136162042617798e-02
-1.191779598593711853e-02
-1.186405047774314880e-01
-3.792786225676536560e-02
9.930757433176040649e-02
3.031463362276554108e-02
1.800416037440299988e-02
-1.810231655836105347e-01
-8.190068602561950684e-02
-3.516558930277824402e-02
1.494276374578475952e-01
9.354352951049804688e-02
7.125374674797058105e-02
-5.988233909010887146e-02
-1.078414637595415115e-02
2.138221114873886108e-01
2.082177400588989258e-01
-1.476044505834579468e-01
8.975937217473983765e-02
1.638617068529129028e-01
-6.577412039041519165e-02
4.792611673474311829e-02
-1.673714667558670044e-01
-6.168659776449203491e-02
-5.381492152810096741e-02
-2.030095756053924561e-01
-2.597239613533020020e-01
4.377472400665283203e-02
-3.231806913390755653e-03
2.256855219602584839e-01
1.829581111669540405e-01
2.323756515979766846e-01
1.295862253755331039e-02
-1.000071391463279724e-01
-7.618453353643417358e-02
1.140983402729034424e-02
1.181165724992752075e-01
1.952366530895233154e-01
2.912456095218658447e-01
2.736075967550277710e-02
6.130637228488922119e-02
-5.175519362092018127e-02
2.855827659368515015e-02
3.739540874958038330e-01
5.342297554016113281e-01
1.707594096660614014e-01
4.859672486782073975e-02
1.145080551505088806e-01
-1.161337047815322876e-01
-2.505270540714263916e-01
-1.041425690054893494e-01
9.985045343637466431e-02
7.527740299701690674e-02
7.685812562704086304e-02
-9.084214270114898682e-02
1.671084202826023102e-02
-8.287466317415237427e-02
-9.943233430385589600e-02
5.825669690966606140e-02
2.288469672203063965e-01
2.149398028850555420e-01
7.390425354242324829e-02
3.091604411602020264e-01
1.433282941579818726e-01
3.389121964573860168e-02
7.613961398601531982e-02
1.480864286422729492e-01
2.571083605289459229e-01
-4.253687802702188492e-03
2.633887715637683868e-02
1.767789274454116821e-01
2.738736271858215332e-01
3.574922382831573486e-01
4.574928879737854004e-01
1.835009902715682983e-01
6.287112832069396973e-02
1.483418941497802734e-01
2.508333623409271240e-01
2.025654613971710205e-01
2.067966908216476440e-01
2.681734263896942139e-01
2.333710156381130219e-02
1.418593376874923706e-01
1.378995478153228760e-01
7.139744609594345093e-02
2.975579351186752319e-02
1.559101939201354980e-01
1.895524412393569946e-01
3.034123778343200684e-01
3.117630481719970703e-01
1.628078967332839966e-01
1.212620511651039124e-01
2.193785905838012695e-01
2.373253852128982544e-01
4.579559266567230225e-01
6.833180785179138184e-02
-1.773188412189483643e-01
-2.405263483524322510e-02
1.528764963150024414e-01
2.988298833370208740e-01
3.714472949504852295e-01
3.767004013061523438e-01
2.642296254634857178e-01
-1.728267222642898560e-02
-1.485570427030324936e-02
-1.223927214741706848e-01
-9.523303806781768799e-02
1.093667149543762207e-01
1.202242076396942139e-01
2.352870441973209381e-02
-1.588291823863983154e-01
5.538265407085418701e-02
-2.227446436882019043e-01
-1.789314895868301392e-01
-1.469178795814514160e-01
-8.116620779037475586e-02
-2.090290933847427368e-01
-2.762017846107482910e-01
-9.175225347280502319e-02
7.384037971496582031e-02
1.360314190387725830e-01
2.114749848842620850e-01
1.107558384537696838e-01
3.885691985487937927e-02
1.709190756082534790e-01
4.192798398435115814e-03
6.140759214758872986e-03
4.474870488047599792e-02
1.236570850014686584e-01
2.513762414455413818e-01
2.866311669349670410e-01
2.515199482440948486e-01
6.668721139430999756e-02
1.954921334981918335e-01
-9.949620068073272705e-02
-1.914335787296295166e-01
-9.805917739868164062e-02
4.666473343968391418e-02
2.670611627399921417e-02
6.881081312894821167e-02
2.005216926336288452e-01
1.721644997596740723e-01
2.307310551404953003e-01
1.676618307828903198e-01
2.875732183456420898e-01
4.166016578674316406e-01
7.467065751552581787e-02
5.598885416984558105e-01
6.157248020172119141e-01
4.389872550964355469e-01
3.601746559143066406e-01
3.409878909587860107e-02
-1.118226423859596252e-01
-1.251709610223770142e-01
-2.756535075604915619e-02
8.774754405021667480e-02
-2.403666637837886810e-02
-4.841811209917068481e-02
1.075943931937217712e-01
2.665607929229736328e-01
2.544738352298736572e-01
2.779611349105834961e-01
1.633667349815368652e-01
2.253182828426361084e-01
2.067487835884094238e-01
1.721165925264358521e-01
1.063010767102241516e-01
2.042100429534912109e-01
2.606689929962158203e-01
1.671349257230758667e-01
4.240741729736328125e-01
3.139185905456542969e-01
1.797487735748291016e-01
2.839806675910949707e-01
9.665707498788833618e-02
6.600064039230346680e-02
-1.236486900597810745e-02
-4.999883472919464111e-02
-3.992372378706932068e-02
1.861090213060379028e-02
2.515997886657714844e-01
2.173507958650588989e-01
4.005708992481231689e-01
7.562867552042007446e-02
7.471856474876403809e-02
8.137675374746322632e-02
-1.590951904654502869e-02
7.232353091239929199e-02
-8.183681964874267578e-02
1.101810261607170105e-01
-1.070431247353553772e-02
5.795332416892051697e-02
6.916208565235137939e-02
5.480784550309181213e-02
-1.735027581453323364e-01
8.123305439949035645e-02
1.090952828526496887e-01
1.468090713024139404e-01
-1.028375583700835705e-03
7.612364739179611206e-02
2.398002594709396362e-01
3.901125788688659668e-01
3.321527838706970215e-01
1.695459336042404175e-01
2.086648195981979370e-01
2.715584039688110352e-01
4.616282880306243896e-01
3.884679973125457764e-01
1.762360483407974243e-01
-1.081662252545356750e-01
-9.286993741989135742e-02
-1.409302949905395508e-01
9.533181786537170410e-02
-1.184808313846588135e-01
-2.184974551200866699e-01
6.236560642719268799e-03
2.124489694833755493e-01
-1.121525280177593231e-02
9.063754975795745850e-02
5.209347605705261230e-02
1.015748754143714905e-01
2.140510827302932739e-02
1.056464314460754395e-01
2.253342419862747192e-01
1.624885648488998413e-01
3.895058631896972656e-01
5.073574781417846680e-01
3.185010850429534912e-01
2.298209518194198608e-01
4.751639440655708313e-03
-3.267475590109825134e-02
2.480605617165565491e-02
1.580178290605545044e-01
3.684509173035621643e-02
1.171585619449615479e-01
2.480551302433013916e-01
9.670497477054595947e-02
-1.507924031466245651e-02
-1.237978115677833557e-01
3.967123106122016907e-02
-8.622771501541137695e-02
3.911504447460174561e-01
4.280339479446411133e-01
1.169509887695312500e-01
2.087765783071517944e-01
2.519989609718322754e-01
9.539568424224853516e-02
-2.291633337736129761e-01
-2.262094616889953613e-01
-2.959528267383575439e-01
-5.692846700549125671e-02
1.058380380272865295e-01
9.427800774574279785e-02
2.299646437168121338e-01
2.742887437343597412e-01
2.057269066572189331e-01
1.540261059999465942e-01
1.758847832679748535e-01
7.024782896041870117e-02
7.479839771986007690e-02
1.314968168735504150e-01
-7.160203903913497925e-02
1.920113414525985718e-01
9.143589437007904053e-02
8.190366625785827637e-02
4.525964334607124329e-02
1.376919746398925781e-01
2.024696618318557739e-01
3.825559513643383980e-03
-6.947844475507736206e-02
-1.183690652251243591e-01
-2.589415907859802246e-01
-5.068754553794860840e-01
-2.354063987731933594e-01
1.712064892053604126e-01
3.839014768600463867e-01
2.113791853189468384e-01
-2.663927152752876282e-02
-7.407690584659576416e-02
-2.232236564159393311e-01
-2.624009922146797180e-02
-1.794903427362442017e-01
-1.212536543607711792e-02
-4.175991937518119812e-02
2.188197523355484009e-01
2.349942177534103394e-01
2.331101298332214355e-01
3.447027504444122314e-01
3.688766360282897949e-01
3.983515202999114990e-01
1.069078147411346436e-01
2.233543545007705688e-01
3.491255939006805420e-01
5.163043364882469177e-02
2.759173810482025146e-01
5.425485372543334961e-01
9.617806226015090942e-02
-1.741094887256622314e-01
-6.384213268756866455e-02
6.727799028158187866e-02
3.627772629261016846e-01
2.890262007713317871e-01
2.864555418491363525e-01
-1.247663702815771103e-02
-4.602307826280593872e-02
-4.846601188182830811e-02
-4.000356048345565796e-02
1.829102188348770142e-01
2.300923764705657959e-01
2.603975534439086914e-01
1.692106276750564575e-01
2.378363311290740967e-01
3.041468560695648193e-01
1.244234964251518250e-01
-4.237720742821693420e-03
2.467832155525684357e-02
2.001863867044448853e-01
4.933120310306549072e-02
8.888119459152221680e-02
2.071000635623931885e-01
3.569493591785430908e-01
3.540433943271636963e-01
2.787115871906280518e-01
2.488694489002227783e-01
-1.321111433207988739e-02
2.009368389844894409e-01
3.522231578826904297e-01
1.385382264852523804e-01
1.412420533597469330e-02
1.536748409271240234e-01
7.174871861934661865e-02
1.757410764694213867e-01
2.787115871906280518e-01
5.274278521537780762e-01
4.371989667415618896e-01
7.506982982158660889e-02
-1.102099865674972534e-01
-2.806032449007034302e-02
3.685093820095062256e-01
5.022321343421936035e-01
3.091604411602020264e-01
3.319931030273437500e-01
2.055886201560497284e-02
-2.075920701026916504e-01
1.270580291748046875e-01
1.845069080591201782e-01
3.325254097580909729e-02
-2.929989695549011230e-01
-2.481639385223388672e-01
-2.200887165963649750e-02
-1.251390278339385986e-01
2.945242263376712799e-02
-1.076233461499214172e-01
9.667304158210754395e-02
2.051680684089660645e-01
7.918500923551619053e-04
6.807633489370346069e-02
-5.905206128954887390e-02
-3.933294862508773804e-02
1.554631292819976807e-01
4.842108860611915588e-02
2.037629783153533936e-01
9.879663586616516113e-02
2.015276104211807251e-01
3.651403784751892090e-01
3.870948553085327148e-01
3.749600052833557129e-01
3.335099518299102783e-01
1.463939398527145386e-01
2.353933900594711304e-01
1.196014955639839172e-01
3.273627161979675293e-01
2.742408514022827148e-01
1.060615703463554382e-01
2.230829149484634399e-01
1.797008663415908813e-01
2.828629910945892334e-01
2.154880948364734650e-02
-2.223933786153793335e-01
-1.518516540527343750e-01
-9.232706576585769653e-02
1.506730616092681885e-01
5.881553515791893005e-02
1.648835986852645874e-01
1.058699712157249451e-01
5.357839539647102356e-02
1.683005094528198242e-01
4.224190115928649902e-02
2.047902904450893402e-02
3.137748837471008301e-01
3.741297423839569092e-01
2.989256680011749268e-01
9.140396118164062500e-02
-8.169311285018920898e-02
-5.696040019392967224e-02
1.150190010666847229e-01
-8.247549086809158325e-02
-8.659495413303375244e-02
-2.450344264507293701e-01
7.037556916475296021e-02
-6.008990854024887085e-02
-4.859374836087226868e-02
1.377398818731307983e-01
5.367419868707656860e-02
2.422112524509429932e-01
-1.982140727341175079e-02
2.446222603321075439e-01
-5.177116021513938904e-02
4.580251872539520264e-02
-6.717921048402786255e-02
6.641577929258346558e-02
3.567950800061225891e-02
5.931051075458526611e-02
1.620414853096008301e-01
-2.108279243111610413e-02
-3.155707195401191711e-02
7.740099728107452393e-02
5.696283578872680664e-01
3.058393299579620361e-01
2.347706854343414307e-01
6.595274060964584351e-02
2.847844175994396210e-02
2.410456687211990356e-01
1.073069870471954346e-01
-1.319514773786067963e-02
2.909422218799591064e-01
4.350115060806274414e-01
4.688613116741180420e-01
3.773390650749206543e-01
-7.250047056004405022e-04
-1.172833144664764404e-01
4.758707582950592041e-01
2.807234227657318115e-01
1.941668689250946045e-01
-4.717642962932586670e-01
-6.477194428443908691e-01
-6.376603245735168457e-01
-5.009463429450988770e-02
4.344845712184906006e-01
1.338758915662765503e-01
1.167434230446815491e-01
-1.951857954263687134e-01
-1.857653260231018066e-01
-1.444589793682098389e-01
-1.683559827506542206e-02
-5.188292637467384338e-02
-3.261302709579467773e-01
-5.250563472509384155e-02
3.005862236022949219e-01
4.747371077537536621e-01
1.593111455440521240e-01
3.447771014180034399e-04
-6.203787028789520264e-02
5.480092167854309082e-01
5.075969696044921875e-01
3.001231849193572998e-01
-1.742531955242156982e-01
-2.541515231132507324e-01
-4.997861683368682861e-01
-7.256004959344863892e-02
-1.469498127698898315e-01
-1.488019675016403198e-01
-2.492496967315673828e-01
-5.938736721873283386e-02
5.668181777000427246e-01
1.014311686158180237e-01
-2.026582956314086914e-01
-1.747002750635147095e-01
-1.592283546924591064e-01
1.355843394994735718e-01
-8.237969130277633667e-02
-2.975281514227390289e-02
8.602312207221984863e-02
4.029180407524108887e-01
1.804193854331970215e-01
2.540267407894134521e-01
-1.799374073743820190e-01
-2.332029640674591064e-01
-4.388245940208435059e-01
-3.332355320453643799e-01
-1.637255959212779999e-02
4.292953312397003174e-01
4.855307340621948242e-01
-4.372384399175643921e-02
-7.541812956333160400e-02
-2.426393926143646240e-01
3.754549920558929443e-01
2.230509817600250244e-01
3.756785094738006592e-01
3.613881468772888184e-01
2.978239655494689941e-01
-3.132928907871246338e-01
-4.426247179508209229e-01
-6.930813789367675781e-01
-6.245674490928649902e-01
-6.451168060302734375e-01
-2.160385549068450928e-01
2.581621706485748291e-01
3.950623273849487305e-01
2.283679544925689697e-01
1.270315144211053848e-02
-1.875057220458984375e-01
-1.931739598512649536e-01
4.858021736145019531e-01
1.373247355222702026e-01
-2.191840261220932007e-01
-4.264183044433593750e-01
-4.995945692062377930e-01
-3.562597930431365967e-01
-2.930628359317779541e-01
1.154181733727455139e-01
8.444239944219589233e-02
1.785033494234085083e-01
7.468662410974502563e-02
1.004252582788467407e-01
2.158020138740539551e-01
1.606363952159881592e-01
-2.566529065370559692e-02
-2.082732133567333221e-02
1.426257491111755371e-01
3.612658381462097168e-02
1.340834647417068481e-01
-2.028444781899452209e-02
4.176831338554620743e-03
2.181491404771804810e-01
1.254773139953613281e-01
-1.819278486073017120e-02
2.801645696163177490e-01
2.615790963172912598e-01
7.420761883258819580e-02
4.404615983366966248e-02
2.617387771606445312e-01
1.924424469470977783e-01
2.002342939376831055e-01
2.060676366090774536e-02
5.999708548188209534e-02
9.889243543148040771e-02
-8.245952427387237549e-02
1.480704545974731445e-01
2.835612278431653976e-03
-7.463032845407724380e-03
1.173501610755920410e-01
-7.220878452062606812e-02
2.728996276855468750e-01
3.884679973125457764e-01
2.494442611932754517e-01
1.458724495023488998e-02
-1.097574923187494278e-02
5.715497955679893494e-02
-1.511650681495666504e-01
2.105648666620254517e-01
1.809622496366500854e-01
-3.027972206473350525e-02
1.478309482336044312e-01
5.953031182289123535e-01
3.034283220767974854e-01
1.416677385568618774e-01
1.037198584526777267e-02
4.958667233586311340e-02
-3.574039787054061890e-02
-1.256339997053146362e-01
7.719343155622482300e-02
1.840758025646209717e-01
1.011757031083106995e-01
-4.706092551350593567e-02
-9.964418131858110428e-04
-1.167883425951004028e-01
-9.504143893718719482e-02
-2.568125724792480469e-02
2.312739342451095581e-01
4.184697866439819336e-01
1.315287500619888306e-01
3.295022547245025635e-01
1.712543815374374390e-01
-8.836727589368820190e-02
-2.046222239732742310e-01
-1.737741976976394653e-01
1.287664920091629028e-01
-2.270876467227935791e-01
-7.185751199722290039e-02
-5.536371096968650818e-02
2.608286440372467041e-01
3.398168683052062988e-01
-2.855529822409152985e-02
-1.417126655578613281e-01
-4.045276939868927002e-01
-4.200475215911865234e-01
-3.164543211460113525e-01
-7.910647988319396973e-02
-6.185681559145450592e-03
4.640926048159599304e-02
1.836925894021987915e-01
3.580724447965621948e-02
2.353295236825942993e-01
9.961094707250595093e-02
-5.678476393222808838e-02
-7.527442276477813721e-02
1.237848177552223206e-01
7.669845968484878540e-02
3.847956061363220215e-01
2.266754657030105591e-01
-1.081608049571514130e-02
-1.286038458347320557e-01
-1.216742098331451416e-01
1.323430687189102173e-01
2.565654814243316650e-01
2.425465583801269531e-01
1.193140894174575806e-01
-3.441514819860458374e-02
-1.230792999267578125e-01
-2.624702751636505127e-01
-1.519474536180496216e-01
6.264758855104446411e-02
1.268664300441741943e-01
2.058067321777343750e-01
2.759652733802795410e-01
2.257813215255737305e-01
2.055831998586654663e-01
2.336689680814743042e-01
5.757011845707893372e-02
-9.496160596609115601e-02
1.706211268901824951e-02
5.789487622678279877e-03
-7.006921619176864624e-02
2.622710913419723511e-02
-2.890656888484954834e-02
2.126086354255676270e-01
4.577643275260925293e-01
-3.040204057469964027e-03
1.345624625682830811e-01
1.465216726064682007e-01
2.576672136783599854e-01
-1.718741357326507568e-01
-2.041218243539333344e-02
-2.239740937948226929e-01
-1.150639206171035767e-01
-2.773833274841308594e-01
-1.517239063978195190e-01
1.308635715395212173e-02
2.853697836399078369e-01
2.643733024597167969e-01
1.217889562249183655e-01
6.125952601432800293e-01
2.790468931198120117e-01
2.217736244201660156e-01
-2.464340999722480774e-02
-1.369545310735702515e-01
-2.801296412944793701e-01
-1.870586425065994263e-01
-3.182266354560852051e-01
-2.361887693405151367e-01
-1.371780782938003540e-01
1.481981873512268066e-01
3.872918710112571716e-02
6.483505666255950928e-02
-1.221691891551017761e-01
1.487570255994796753e-01
-6.305975466966629028e-02
1.559900343418121338e-01
1.110272780060768127e-01
6.520229578018188477e-02
2.064134776592254639e-01
1.997073888778686523e-01
4.190659895539283752e-02
2.300444841384887695e-01
1.145878881216049194e-01
-8.110234141349792480e-02
-1.886553317308425903e-01
-4.670965299010276794e-02
-1.054358854889869690e-01
1.096062213182449341e-01
-3.856654092669487000e-02
4.024603962898254395e-02
1.335565447807312012e-01
1.743679344654083252e-01
1.273454427719116211e-01
1.488687992095947266e-01
8.889716118574142456e-02
1.420669108629226685e-01
1.530361622571945190e-01
9.124429523944854736e-02
1.786470562219619751e-01
2.213904261589050293e-01
7.372861355543136597e-02
8.639036118984222412e-02
1.509445011615753174e-01
2.381237298250198364e-01
2.360853925347328186e-02
-1.361881196498870850e-01
-3.297812864184379578e-02
1.284631192684173584e-01
1.276168823242187500e-01
1.423702687025070190e-01
-6.513544917106628418e-02
-3.783206269145011902e-02
8.533654361963272095e-02
6.919401884078979492e-02
3.968027234077453613e-01
2.368623465299606323e-01
2.923313379287719727e-01
-3.483028709888458252e-02
-4.484047293663024902e-01
-4.825419485569000244e-01
-4.124951660633087158e-01
-7.416526675224304199e-01
-4.909884333610534668e-01
-1.538475155830383301e-01
-1.967770606279373169e-02
-3.313779458403587341e-02
1.634785085916519165e-01
1.095221145078539848e-03
-3.286689817905426025e-01
-2.110089808702468872e-01
4.109653532505035400e-01
1.286706924438476562e-01
1.122407615184783936e-01
2.265052497386932373e-02
3.143231570720672607e-02
-6.928683817386627197e-02
-1.503028571605682373e-01
-7.458784431219100952e-02
-4.632644727826118469e-02
4.364698752760887146e-02
2.777216434478759766e-01
3.229453042149543762e-02
9.890840202569961548e-02
-3.628327324986457825e-02
3.219872713088989258e-02
3.305081725120544434e-01
-1.161442510783672333e-02
1.669433265924453735e-01
-1.611708849668502808e-02
-5.745537206530570984e-02
-3.657067939639091492e-02
-5.828564986586570740e-02
-6.648721639066934586e-03
4.156755805015563965e-01
2.865034341812133789e-01
8.541637659072875977e-02
-1.241331174969673157e-01
-8.172504603862762451e-02
-1.726884394884109497e-01
-4.076997190713882446e-02
3.002349436283111572e-01
2.980155646800994873e-01
9.178716689348220825e-02
-1.369705051183700562e-01
-1.217380836606025696e-01
3.716443106532096863e-02
2.264359593391418457e-01
3.223012089729309082e-01
1.708552092313766479e-01
8.608698844909667969e-02
-2.451940923929214478e-01
-4.063319563865661621e-01
-1.339048594236373901e-01
-1.006138846278190613e-01
1.978232860565185547e-01
1.021496802568435669e-01
-2.417292892932891846e-01
-5.660912767052650452e-02
-6.347489356994628906e-02
2.505140304565429688e-01
2.644850909709930420e-01
2.584495842456817627e-01
2.804733440279960632e-02
-5.247370153665542603e-02
1.682526022195816040e-01
-1.415689736604690552e-01
5.824073031544685364e-02
-2.731521129608154297e-01
-1.976606547832489014e-01
-6.845656037330627441e-02
1.769066601991653442e-01
1.992603093385696411e-01
2.438877820968627930e-01
1.740485876798629761e-01
4.050895273685455322e-01
-2.817209251224994659e-02
-5.077696442604064941e-01
-2.585743665695190430e-01
-2.987470328807830811e-01
-2.941326200962066650e-01
-1.559870690107345581e-01
9.322419017553329468e-02
3.860729634761810303e-01
3.478003144264221191e-01
9.073335677385330200e-02
8.563991636037826538e-02
-1.017315611243247986e-01
-1.107049584388732910e-01
2.371018528938293457e-01
1.659214347600936890e-01
-3.380840644240379333e-02
-6.233582273125648499e-03
3.975052535533905029e-01
2.390019148588180542e-01
2.388422340154647827e-01
1.944383084774017334e-01
8.072211593389511108e-02
-2.514211833477020264e-01
-1.301951147615909576e-02
-1.436073053628206253e-02
-1.883359998464584351e-01
-1.957765668630599976e-01
-7.121883332729339600e-02
1.734897494316101074e-01
4.860257208347320557e-01
5.420694947242736816e-01
5.612936615943908691e-01
2.268511056900024414e-01
-1.056061033159494400e-02
3.293106555938720703e-01
-1.628687977790832520e-01
1.219221111387014389e-02
-5.834409967064857483e-03
-7.551392912864685059e-02
7.701779156923294067e-02
-1.370663046836853027e-01
-5.169132351875305176e-02
6.683995723724365234e-01
1.439190655946731567e-01
-2.493614554405212402e-01
