-6.296800231933593750e+01
-3.387147903442382812e+01
-1.375463867187500000e+01
-2.541280984878540039e+00
2.224931955337524414e+00
3.850058317184448242e+00
3.984068393707275391e+00
3.338207721710205078e+00
2.863128662109375000e+00
1.891575217247009277e+00
9.051406383514404297e-01
-1.610166430473327637e-01
-1.000028967857360840e+00
-8.738744854927062988e-01
-5.101167559623718262e-01
-2.578718066215515137e-01
-6.534515619277954102e-01
-6.919158101081848145e-01
-6.850659847259521484e-01
-6.361594200134277344e-01
-5.595981478691101074e-01
-4.694810211658477783e-01
-3.772243261337280273e-01
-2.906997203826904297e-01
-2.145376652479171753e-01
-1.507499366998672485e-01
-9.949620068073272705e-02
1.556387692689895630e-01
2.058865725994110107e-01
-8.827041983604431152e-01
-1.360289931297302246e+00
-1.062698960304260254e+00
-5.608116388320922852e-01
1.249663680791854858e-01
-9.797934442758560181e-02
-2.007263004779815674e-01
2.325726673007011414e-02
-2.616026438772678375e-02
-1.405949890613555908e-01
-2.379930317401885986e-01
-2.917216122150421143e-01
-3.020521998405456543e-01
1.270420700311660767e-01
-5.965614914894104004e-01
-5.501617193222045898e-01
-7.950778603553771973e-01
-6.677259802818298340e-01
-5.037140250205993652e-01
-6.036667823791503906e-01
-4.203828275203704834e-01
-1.852543801069259644e-01
-3.508575633168220520e-02
-1.354217082262039185e-01
-1.431017965078353882e-01
-1.479237973690032959e-01
3.746780008077621460e-02
-2.963999211788177490e-01
-5.231457352638244629e-01
-6.413806080818176270e-01
-7.084415555000305176e-01
-7.508176565170288086e-01
-7.806278467178344727e-01
-8.029335737228393555e-01
-8.196988105773925781e-01
-4.751492738723754883e-01
-1.421702839434146881e-02
-1.170118823647499084e-01
-7.645332217216491699e-01
-6.899837851524353027e-01
-5.080251097679138184e-01
2.564217746257781982e-01
3.151161074638366699e-01
3.658269345760345459e-01
9.394270181655883789e-02
-1.330160379409790039e+00
-1.987086176872253418e+00
-1.048328757286071777e+00
2.266275733709335327e-01
7.687035799026489258e-01
1.076146125793457031e+00
1.136165618896484375e+00
1.400992512702941895e+00
1.108143687248229980e+00
4.988950192928314209e-01
2.415725737810134888e-01
1.632390022277832031e-01
6.322026252746582031e-01
9.167645573616027832e-01
9.399060159921646118e-02
-9.618840217590332031e-01
-8.447189331054687500e-01
8.565588295459747314e-02
-5.771084129810333252e-02
-8.113641142845153809e-01
-1.883200258016586304e-01
-4.041604697704315186e-01
1.166530419141054153e-02
-3.432308137416839600e-01
-4.783107042312622070e-01
-8.815546035766601562e-01
-1.733005046844482422e+00
-1.721349239349365234e+00
-1.001881122589111328e+00
-8.415415287017822266e-01
-4.813124835491180420e-01
-3.435341715812683105e-01
-4.226980209350585938e-01
-1.872502416372299194e-01
1.313850581645965576e-01
1.734951697289943695e-02
-1.140685565769672394e-02
-2.097316384315490723e-01
-3.456737399101257324e-01
4.262510687112808228e-02
-4.439445585012435913e-02
-1.119928620755672455e-02
5.322712287306785583e-02
2.623934149742126465e-01
4.708092510700225830e-01
3.718943595886230469e-01
2.245039641857147217e-01
2.375808507204055786e-01
9.651336818933486938e-02
-3.026375547051429749e-02
-1.796340346336364746e-01
3.262983262538909912e-02
1.008563637733459473e-01
-6.484804302453994751e-02
-9.785161167383193970e-02
3.294917196035385132e-02
6.127443909645080566e-02
6.775699555873870850e-02
6.036697626113891602e-01
7.203398346900939941e-01
1.666239798069000244e-01
4.894905388355255127e-01
2.785199880599975586e-01
2.429616898298263550e-01
3.422278761863708496e-01
3.061427175998687744e-01
2.856252491474151611e-01
9.740751236677169800e-02
-4.878109991550445557e-01
-2.238782942295074463e-01
-3.069486096501350403e-02
-1.448741108179092407e-01
-1.384075284004211426e-01
5.664404109120368958e-02
8.860975503921508789e-02
1.962745040655136108e-01
5.844829976558685303e-02
-2.529061138629913330e-01
-2.733756601810455322e-01
-5.441741347312927246e-01
-1.564341485500335693e-01
2.109001725912094116e-01
3.843325674533843994e-01
1.708871424198150635e-01
-2.234152555465698242e-01
-3.863733410835266113e-01
-2.811834514141082764e-01
-3.831799626350402832e-01
-2.864685058593750000e-01
-1.241810172796249390e-01
3.607439866755157709e-04
1.200006678700447083e-01
-2.253951579332351685e-01
-1.913856714963912964e-01
-1.633478105068206787e-01
2.750870883464813232e-01
5.456460714340209961e-01
5.408560037612915039e-01
4.898737370967864990e-01
2.830865085124969482e-01
2.293578982353210449e-01
2.245199382305145264e-01
2.714147269725799561e-01
3.048972785472869873e-01
1.711905151605606079e-01
2.911338210105895996e-01
3.400883078575134277e-01
2.322798520326614380e-01
2.007611989974975586e-01
2.963869273662567139e-01
4.031256139278411865e-01
5.010984539985656738e-01
4.412066340446472168e-01
3.675673305988311768e-01
1.306505799293518066e-01
1.448930501937866211e-01
9.501247853040695190e-02
1.171106621623039246e-01
2.648682892322540283e-01
3.732410073280334473e-02
2.347227782011032104e-01
1.326464414596557617e-01
1.978232860565185547e-01
1.481981873512268066e-01
2.005334012210369110e-03
2.180533409118652344e-01
2.841084003448486328e-01
2.773703634738922119e-01
1.370532959699630737e-01
-2.443478554487228394e-01
-1.700060069561004639e-01
-7.832410186529159546e-02
1.160089448094367981e-01
-1.733057200908660889e-02
-1.455287635326385498e-01
2.341160327196121216e-01
4.659233987331390381e-01
4.835668206214904785e-01
2.551124989986419678e-01
5.240907669067382812e-01
1.739208549261093140e-01
9.237794578075408936e-02
-1.675630658864974976e-01
-6.564852595329284668e-01
-9.956060647964477539e-01
-6.899039745330810547e-01
-2.617357969284057617e-01
-5.544354394078254700e-02
-3.245655000209808350e-01
-2.660308778285980225e-01
-1.398924440145492554e-01
-5.456590652465820312e-01
-9.097042083740234375e-01
-8.660027980804443359e-01
-2.619433403015136719e-01
4.859672486782073975e-02
2.866151928901672363e-01
4.921889305114746094e-01
1.336523592472076416e-01
-2.861331999301910400e-01
-2.808162271976470947e-01
-4.647015035152435303e-02
1.770184338092803955e-01
3.106453716754913330e-01
4.583391249179840088e-01
3.230835795402526855e-01
3.226365149021148682e-01
2.511686682701110840e-01
1.076742261648178101e-01
-4.573025740683078766e-03
-2.093803584575653076e-01
-6.503964960575103760e-02
-1.500793248414993286e-01
-1.933016926050186157e-01
-9.470613300800323486e-02
-1.291307508945465088e-01
-2.010296732187271118e-01
-1.690639555454254150e-01
-2.921527028083801270e-01
-2.489782571792602539e-01
-2.515010237693786621e-01
-2.074483633041381836e-01
1.216133236885070801e-01
-2.730987966060638428e-02
-3.650680929422378540e-02
-7.476348429918289185e-02
1.889297366142272949e-01
3.526861965656280518e-01
1.085843369364738464e-01
-1.001508459448814392e-01
-1.451295912265777588e-01
-1.921999901533126831e-01
2.696158736944198608e-02
5.418513715267181396e-02
1.618818193674087524e-01
1.155778393149375916e-01
3.410420380532741547e-03
-1.671958267688751221e-01
-1.956647932529449463e-01
4.701600223779678345e-02
1.203998401761054993e-01
6.571323424577713013e-02
1.685719490051269531e-01
4.888413101434707642e-02
-1.067132353782653809e-01
-4.809877276420593262e-02
7.859851419925689697e-02
-5.099933128803968430e-03
-7.479541748762130737e-02
-1.271668225526809692e-01
-2.304087579250335693e-01
-1.714749634265899658e-01
3.112680912017822266e-01
5.618045926094055176e-01
5.493823289871215820e-01
3.827039599418640137e-01
3.757743239402770996e-01
1.633507758378982544e-01
-5.314431339502334595e-02
-3.944685459136962891e-01
-5.060292482376098633e-01
-3.348641395568847656e-01
1.273454427719116211e-01
1.933685243129730225e-01
-3.694846760481595993e-03
-4.557058680802583694e-03
2.373094111680984497e-01
1.519184708595275879e-01
-1.798521541059017181e-02
5.518050398677587509e-03
1.471603363752365112e-01
2.478475719690322876e-01
-4.351627454161643982e-02
-1.920083761215209961e-01
5.830459669232368469e-02
3.763491213321685791e-01
2.905270755290985107e-01
1.913726627826690674e-01
-2.323832176625728607e-02
-1.603183685801923275e-03
6.028449162840843201e-02
2.662893533706665039e-01
2.036192715167999268e-01
1.034110635519027710e-01
1.302194744348526001e-01
1.303152740001678467e-01
-2.391107082366943359e-01
-5.760919451713562012e-01
-4.121758341789245605e-01
-1.281408071517944336e-01
-3.657067939639091492e-02
2.215500921010971069e-01
2.474218793213367462e-02
-2.894064188003540039e-01
-2.336500436067581177e-01
-1.674832403659820557e-01
-2.379930317401885986e-01
1.511520594358444214e-01
2.816973924636840820e-01
1.862153559923171997e-01
4.625224471092224121e-01
4.784893393516540527e-01
2.652674615383148193e-01
2.018150091171264648e-01
3.130882978439331055e-01
-9.419519454240798950e-02
-3.218990266323089600e-01
-3.880338966846466064e-01
1.227469742298126221e-01
1.885624974966049194e-01
1.934483647346496582e-01
7.851868122816085815e-02
-9.211949259042739868e-02
-1.539273411035537720e-01
-1.389982998371124268e-01
-2.522195279598236084e-01
-2.221858054399490356e-01
-1.811349242925643921e-01
-2.230320572853088379e-01
1.540155708789825439e-02
-1.493767797946929932e-01
-1.788941398262977600e-02
-1.992892771959304810e-01
-1.018273681402206421e-01
2.078239992260932922e-02
3.727619722485542297e-02
-1.677387058734893799e-01
-2.945796847343444824e-01
-3.452905416488647461e-01
-1.795382350683212280e-01
-2.625606581568717957e-02
8.698113262653350830e-02
2.051096223294734955e-02
-2.498883605003356934e-01
-3.148097395896911621e-01
2.198096960783004761e-01
-6.586992740631103516e-02
1.267706304788589478e-01
5.197318196296691895e-01
6.046597361564636230e-01
1.280320137739181519e-01
-1.847434490919113159e-01
-4.611303210258483887e-01
-5.983977317810058594e-01
-4.716046154499053955e-01
-3.394945561885833740e-01
3.278097808361053467e-01
4.606862664222717285e-01
-2.770905196666717529e-02
2.991492152214050293e-01
-3.629923984408378601e-02
2.962751686573028564e-01
4.179588556289672852e-01
1.126878336071968079e-01
-4.051449894905090332e-02
7.338276132941246033e-03
4.551511630415916443e-02
-2.574512548744678497e-02
-2.407393306493759155e-01
5.878360196948051453e-02
3.017837405204772949e-01
-1.248835548758506775e-01
9.442170709371566772e-02
6.927385181188583374e-02
3.346011042594909668e-02
2.912456095218658447e-01
3.061107695102691650e-01
2.015435844659805298e-01
3.780735433101654053e-01
4.557844102382659912e-01
-1.156866252422332764e-01
-3.530184924602508545e-01
-2.993697524070739746e-01
-1.992254108190536499e-01
-1.738859564065933228e-01
8.444239944219589233e-02
5.825136303901672363e-01
3.055998384952545166e-01
5.721191763877868652e-01
5.653172731399536133e-01
3.159303963184356689e-01
-3.196955919265747070e-01
5.422248970717191696e-03
3.593922853469848633e-01
3.108209967613220215e-01
1.622330844402313232e-01
2.424721419811248779e-02
-2.632686197757720947e-01
-1.281727403402328491e-01
3.708459809422492981e-02
1.383680105209350586e-02
2.586252093315124512e-01
6.300151348114013672e-01
9.734629988670349121e-01
6.548436880111694336e-01
2.332378625869750977e-01
1.767469942569732666e-01
8.728450536727905273e-02
2.071160227060317993e-01
3.320889174938201904e-01
1.388575583696365356e-01
2.386985421180725098e-01
3.418606519699096680e-01
3.672799468040466309e-01
2.414767742156982422e-01
2.922834455966949463e-01
2.328865826129913330e-01
3.122899532318115234e-01
3.279375135898590088e-01
4.787607789039611816e-01
6.705551147460937500e-01
7.569199800491333008e-01
4.610694646835327148e-01
2.975046038627624512e-01
2.653792202472686768e-01
2.401674836874008179e-01
4.403603971004486084e-01
6.477863192558288574e-01
5.645030140876770020e-01
5.294716358184814453e-01
6.142718195915222168e-01
4.037642776966094971e-01
5.391954779624938965e-01
5.397064089775085449e-01
4.307483434677124023e-01
3.466666638851165771e-01
3.703455924987792969e-01
4.312433004379272461e-01
4.117317497730255127e-01
1.133903712034225464e-01
1.028841584920883179e-01
1.070036143064498901e-01
2.465063482522964478e-01
3.192834556102752686e-01
7.459082454442977905e-02
4.738324135541915894e-02
-2.678191661834716797e-01
-2.460563182830810547e-01
-2.627896070480346680e-01
-1.655991375446319580e-01
1.375482678413391113e-01
9.357546269893646240e-02
6.960487226024270058e-04
2.472622133791446686e-02
-2.209084630012512207e-01
-3.838505744934082031e-01
-4.056134521961212158e-01
-2.399569600820541382e-01
-9.872978925704956055e-02
6.451571732759475708e-02
7.982796430587768555e-02
-1.530651301145553589e-01
-1.564980149269104004e-01
-1.565459072589874268e-01
-2.020461298525333405e-02
1.621532589197158813e-01
9.378302842378616333e-02
-1.560190021991729736e-01
-2.355181574821472168e-01
-3.671437874436378479e-02
-1.236062049865722656e-01
-4.133733510971069336e-01
-3.232721984386444092e-01
-3.193602859973907471e-01
-9.734066575765609741e-02
4.789418354630470276e-02
-9.395026601850986481e-03
4.398813843727111816e-01
3.903521001338958740e-01
8.696516603231430054e-02
-1.140739694237709045e-01
-1.491213142871856689e-01
-9.841044992208480835e-02
-3.696985170245170593e-02
-8.376880735158920288e-02
-2.093005329370498657e-01
-2.546465098857879639e-01
-1.788835972547531128e-01
-6.101598963141441345e-02
3.986283391714096069e-02
-1.416647732257843018e-01
-6.112775951623916626e-02
-5.272917076945304871e-02
-1.270869970321655273e-01
-7.581730186939239502e-02
5.249264836311340332e-02
3.446602448821067810e-02
1.119054555892944336e-01
1.449090093374252319e-01
-1.064258292317390442e-01
-3.294513821601867676e-01
-1.870586425065994263e-01
3.240629658102989197e-02
-4.647015035152435303e-02
-1.132117584347724915e-01
-7.933001220226287842e-02
-1.146807149052619934e-01
-9.310944378376007080e-02
-1.718422025442123413e-01
-1.365553587675094604e-01
-9.804321080446243286e-02
1.102768331766128540e-01
9.962691366672515869e-02
1.695618927478790283e-01
1.648676246404647827e-01
1.742561608552932739e-01
1.282076537609100342e-01
5.293972045183181763e-02
2.134229391813278198e-01
1.596943587064743042e-01
-3.217978402972221375e-02
4.656893014907836914e-02
-8.182085305452346802e-02
-1.882082670927047729e-01
-1.930781602859497070e-01
3.250751411542296410e-03
1.473519504070281982e-01
3.076595664024353027e-01
3.377252221107482910e-01
2.820167243480682373e-01
2.595672607421875000e-01
2.991172671318054199e-01
2.962432205677032471e-01
4.082988798618316650e-01
4.041474759578704834e-01
5.279228091239929199e-01
5.808849930763244629e-01
6.465728282928466797e-01
7.047561407089233398e-01
8.239969015121459961e-01
6.343262195587158203e-01
8.241086602210998535e-01
4.772439301013946533e-01
-1.748599410057067871e-01
-1.900709606707096100e-02
-1.378965824842453003e-01
6.036432459950447083e-02
7.955653220415115356e-02
7.896575331687927246e-02
1.691307872533798218e-01
1.163602173328399658e-01
4.368434194475412369e-03
3.185649514198303223e-01
4.921090900897979736e-01
5.875431895256042480e-01
5.019766092300415039e-01
4.187731742858886719e-01
4.074526429176330566e-01
2.911497950553894043e-01
2.681894004344940186e-01
3.433934748172760010e-01
3.313544392585754395e-01
5.651630461215972900e-02
1.142046824097633362e-01
1.350734084844589233e-01
7.674635946750640869e-02
-2.499362677335739136e-01
-3.430711328983306885e-01
-3.528588414192199707e-01
-2.888315916061401367e-01
-1.191035434603691101e-01
-7.383740693330764771e-02
-2.336340695619583130e-01
-2.572171688079833984e-01
1.787109225988388062e-01
3.742574751377105713e-01
8.180785924196243286e-02
1.656021028757095337e-01
5.924664437770843506e-02
-1.165967434644699097e-01
2.951628901064395905e-02
1.678534299135208130e-01
3.854662179946899414e-01
3.389546573162078857e-01
3.071380592882633209e-02
-2.993058860301971436e-01
-4.787523671984672546e-02
3.199115768074989319e-02
-3.056171117350459099e-03
1.994838565587997437e-01
4.705697596073150635e-01
3.122260868549346924e-01
1.469527781009674072e-01
1.485973596572875977e-01
-1.549438014626502991e-02
1.718451529741287231e-01
2.516317069530487061e-01
2.346269786357879639e-01
1.547446101903915405e-01
3.703296184539794922e-01
4.433621764183044434e-01
2.850983440876007080e-01
2.154986411333084106e-01
2.951415181159973145e-01
2.622497081756591797e-01
2.423230260610580444e-01
1.666718870401382446e-01
1.462182998657226562e-01
1.573631912469863892e-01
1.987493783235549927e-01
1.675340980291366577e-01
-4.172798246145248413e-02
6.697461754083633423e-02
2.201450020074844360e-01
8.827445656061172485e-02
-8.755296468734741211e-02
-2.089652270078659058e-01
-5.458133295178413391e-02
-7.111761253327131271e-03
9.327208995819091797e-02
3.448943495750427246e-01
4.326803386211395264e-01
2.762526869773864746e-01
-5.616205558180809021e-02
-1.017794683575630188e-01
2.351273782551288605e-02
5.643646791577339172e-02
-9.801127761602401733e-02
-1.951538622379302979e-01
1.182497292757034302e-02
1.896003484725952148e-01
3.443993926048278809e-01
1.920911818742752075e-01
6.382913887500762939e-02
1.475116163492202759e-01
1.008563637733459473e-01
1.836287230253219604e-01
4.176831338554620743e-03
-6.828092783689498901e-02
1.414017193019390106e-02
-6.103195622563362122e-02
-3.677824884653091431e-02
1.867742091417312622e-01
1.529403626918792725e-01
2.512165904045104980e-01
2.996122539043426514e-01
1.477830559015274048e-01
1.040391903370618820e-02
-8.452980779111385345e-03
1.966896504163742065e-01
3.681900501251220703e-01
5.947018042206764221e-02
-1.218019500374794006e-01
-1.194388493895530701e-01
1.278563737869262695e-01
5.362629517912864685e-02
-1.840887963771820068e-01
-1.479078233242034912e-01
-1.116470023989677429e-01
-2.168688327074050903e-01
-2.162461280822753906e-01
-8.245410397648811340e-03
2.119753882288932800e-02
-1.222011223435401917e-01
-1.176026538014411926e-01
-9.563221037387847900e-02
5.643646791577339172e-02
1.225553676486015320e-01
1.847144812345504761e-01
3.009694218635559082e-01
1.160887777805328369e-01
-7.000534981489181519e-02
-2.128132432699203491e-01
-1.240213438868522644e-01
-4.246246069669723511e-02
-6.666827201843261719e-02
-7.335297763347625732e-03
2.310982942581176758e-01
2.889463603496551514e-01
2.531326115131378174e-01
2.447659522294998169e-01
2.539628744125366211e-01
1.590237468481063843e-01
9.689657390117645264e-02
3.266176581382751465e-02
9.288888424634933472e-02
1.531638950109481812e-01
2.561503648757934570e-01
2.290066331624984741e-01
1.271857619285583496e-01
1.012715026736259460e-01
5.498348176479339600e-02
4.976230859756469727e-02
1.931449919939041138e-01
8.618278801441192627e-02
-1.565404795110225677e-02
-1.176505535840988159e-01
-1.097309812903404236e-01
2.139658182859420776e-01
2.341639399528503418e-01
1.571236848831176758e-01
6.387703865766525269e-02
-1.651626080274581909e-02
-1.150798872113227844e-01
-1.502868980169296265e-01
7.042346894741058350e-02
3.893675655126571655e-02
-8.427975326776504517e-02
-5.354348570108413696e-02
9.550745785236358643e-02
1.198250353336334229e-01
1.084566041827201843e-01
5.087999254465103149e-02
-2.593131037428975105e-03
-6.185681559145450592e-03
1.698812246322631836e-01
1.572993248701095581e-01
-4.108930751681327820e-02
9.017451107501983643e-02
-1.619150629267096519e-03
4.880429431796073914e-02
5.150270089507102966e-02
-6.632754579186439514e-03
4.660086333751678467e-02
-5.022237077355384827e-02
-1.223128885030746460e-01
-9.164048731327056885e-02
-1.502070575952529907e-01
-3.950316924601793289e-03
1.083927378058433533e-01
9.542761743068695068e-02
3.357188031077384949e-02
3.598288074135780334e-02
1.523655503988265991e-01
-1.993317529559135437e-02
-1.142336428165435791e-01
8.583693765103816986e-03
7.629928737878799438e-02
5.121529474854469299e-02
8.003553748130798340e-02
-5.849321931600570679e-02
4.642522707581520081e-02
1.482460945844650269e-01
9.269728511571884155e-02
2.587583847343921661e-02
1.098297610878944397e-01
5.720287933945655823e-02
3.376348316669464111e-02
-1.281194202601909637e-02
7.326557487249374390e-02
1.223158687353134155e-01
1.583052277565002441e-01
4.053344577550888062e-02
2.758429571986198425e-02
2.555650100111961365e-02
-9.568011015653610229e-02
-1.055955514311790466e-01
-5.622592195868492126e-02
1.439564209431409836e-02
1.042573153972625732e-01
1.311295777559280396e-01
2.185218036174774170e-02
1.321409270167350769e-02
-3.907747939229011536e-02
8.985517174005508423e-02
6.456361711025238037e-02
2.947380533441901207e-03
-4.019516333937644958e-02
-7.013308256864547729e-02
-4.781137034296989441e-02
1.045926138758659363e-01
1.042732819914817810e-01
8.413902670145034790e-02
3.077767416834831238e-02
1.683484166860580444e-01
1.175577342510223389e-01
-4.817860946059226990e-02
-8.123007416725158691e-02
-8.892611414194107056e-02
-1.600266993045806885e-01
-9.288590401411056519e-02
3.082503378391265869e-01
4.833113551139831543e-01
2.048167884349822998e-01
-4.017919674515724182e-02
-9.585575014352798462e-02
-4.884921759366989136e-02
-4.932822287082672119e-02
-4.750799760222434998e-02
-7.663161307573318481e-02
-2.098157536238431931e-03
1.925063133239746094e-01
9.213843941688537598e-02
-1.712993234395980835e-01
-1.948504894971847534e-01
-5.531580746173858643e-02
2.806276082992553711e-01
2.458996027708053589e-01
5.142286419868469238e-02
2.809095312841236591e-04
-7.597696781158447266e-02
-1.322762370109558105e-01
1.778062433004379272e-02
-1.054199188947677612e-01
-9.098584949970245361e-02
-5.697636678814888000e-02
-5.927559733390808105e-02
1.443980783224105835e-01
7.893382012844085693e-02
6.592080742120742798e-02
-2.097102440893650055e-02
-2.873093262314796448e-02
2.343236058950424194e-01
-3.443111479282379150e-02
-2.756429612636566162e-01
-2.466630488634109497e-01
-1.031206846237182617e-01
2.564175054430961609e-03
4.117212072014808655e-02
9.621541947126388550e-03
-1.390142589807510376e-01
-1.840568631887435913e-01
5.773520562797784805e-03
1.199527680873870850e-01
9.234601259231567383e-02
-4.586340859532356262e-02
-3.832703456282615662e-02
-1.115512028336524963e-01
1.782957762479782104e-01
4.053344577550888062e-02
-1.402437239885330200e-01
-5.498050525784492493e-02
2.367240749299526215e-02
-2.385561587288975716e-03
5.744238570332527161e-02
3.168778494000434875e-02
4.383859038352966309e-02
-7.406093925237655640e-02
-1.031845510005950928e-01
-2.526027262210845947e-01
-1.759137511253356934e-01
-8.004852384328842163e-02
9.367126226425170898e-02
4.577058553695678711e-02
1.013248227536678314e-02
-7.441221177577972412e-02
-1.446984857320785522e-01
-1.752112060785293579e-01
-1.295618563890457153e-01
4.112422093749046326e-02
6.312660127878189087e-02
1.519504040479660034e-01
-8.665882050991058350e-02
-2.424318343400955200e-01
-1.759137511253356934e-01
-9.494563192129135132e-02
2.185323536396026611e-01
2.928582429885864258e-01
1.329498142004013062e-01
2.534892968833446503e-02
1.015429422259330750e-01
-1.027215123176574707e-01
-1.237818449735641479e-01
-6.730694323778152466e-02
9.509772993624210358e-03
2.715319022536277771e-02
-3.872620686888694763e-02
-1.488498747348785400e-01
-3.348906710743904114e-02
-5.440569669008255005e-02
-1.778617203235626221e-01
-6.358665972948074341e-02
1.008882969617843628e-01
1.207032129168510437e-01
9.098882228136062622e-02
1.654743701219558716e-01
1.210704520344734192e-01
-5.153165385127067566e-02
-6.760489661246538162e-03
2.142107486724853516e-02
-7.511475682258605957e-02
-2.109610885381698608e-01
-6.350682675838470459e-02
6.491488963365554810e-02
3.989477083086967468e-02
1.158971786499023438e-01
1.760444492101669312e-01
-1.543051190674304962e-02
-1.068888679146766663e-01
5.209347605705261230e-02
2.500030994415283203e-01
1.730586439371109009e-01
-4.171201586723327637e-02
-7.687111198902130127e-02
-2.639072835445404053e-01
-2.241816669702529907e-01
-2.930574119091033936e-02
-2.042814902961254120e-02
1.638095476664602757e-03
-2.788468822836875916e-02
5.587762966752052307e-02
1.437114924192428589e-01
1.077380925416946411e-01
1.115436293184757233e-02
-9.901719540357589722e-02
-2.034831419587135315e-02
1.447653025388717651e-01
2.554637789726257324e-01
2.263455837965011597e-02
-2.011414468288421631e-01
-3.487277077510952950e-03
1.446375697851181030e-01
8.838622272014617920e-02
2.373627386987209320e-02
1.297564357519149780e-01
-1.420106180012226105e-02
-7.572149485349655151e-02
-9.489773213863372803e-02
-2.287108451128005981e-02
-2.625606581568717957e-02
2.047902904450893402e-02
1.045181974768638611e-02
-1.954996958374977112e-02
-2.751744911074638367e-02
-4.244649410247802734e-02
-1.075115799903869629e-01
-6.242107599973678589e-02
1.216027792543172836e-02
-4.983916506171226501e-02
-6.994148343801498413e-02
-1.437723934650421143e-01
-1.524264514446258545e-01
-8.006449043750762939e-02
3.310884162783622742e-02
2.632291056215763092e-02
-1.131319254636764526e-01
-4.348434135317802429e-02
4.233770444989204407e-02
-2.976336516439914703e-03
7.535723596811294556e-02
1.189628168940544128e-01
1.144282221794128418e-01
5.273215100169181824e-02
9.042998403310775757e-02
1.476393491029739380e-01
5.434480682015419006e-02
8.996694535017013550e-02
-1.188001707196235657e-01
-2.015086859464645386e-01
-1.235902383923530579e-01
-1.977245360612869263e-01
-1.717783361673355103e-01
-1.427824497222900391e-01
-6.648721639066934586e-03
1.350734084844589233e-01
9.692850708961486816e-02
6.129040569067001343e-02
1.106919720768928528e-01
1.411887258291244507e-01
-7.172977179288864136e-02
2.587848901748657227e-01
4.708731472492218018e-01
2.774182558059692383e-01
6.924191862344741821e-02
-1.841632090508937836e-02
-1.320367306470870972e-01
-1.059148907661437988e-01
-6.871203333139419556e-02
-1.448846515268087387e-02
-8.721765875816345215e-02
-1.000390723347663879e-01
1.452922224998474121e-01
2.935288548469543457e-01
8.487350493669509888e-02
-7.230458408594131470e-02
-7.260795682668685913e-02
-9.240689873695373535e-02
4.361505433917045593e-02
3.314077481627464294e-02
-1.338250190019607544e-01
-3.095033206045627594e-02
2.942048758268356323e-02
7.753415498882532120e-03
5.606923252344131470e-02
5.048082023859024048e-02
-8.632898243376985192e-05
1.509818527847528458e-02
-4.333522170782089233e-03
-1.091561689972877502e-01
1.790835894644260406e-02
-1.172034814953804016e-01
-1.338090598583221436e-01
3.205502405762672424e-02
1.568841785192489624e-01
2.609937451779842377e-02
1.765394210815429688e-01
-5.469309911131858826e-02
-9.794741123914718628e-02
-6.077648699283599854e-02
-7.888294011354446411e-02
-5.868482217192649841e-02
-5.025430396199226379e-02
-4.983916506171226501e-02
-1.563808135688304901e-02
5.741586908698081970e-03
4.664876312017440796e-02
1.059977039694786072e-01
-2.834772877395153046e-02
-4.147251322865486145e-02
4.251334071159362793e-02
1.344826370477676392e-01
-1.034240573644638062e-01
-2.360131293535232544e-01
4.259317368268966675e-02
1.692106276750564575e-01
4.506804421544075012e-02
-9.299225173890590668e-03
9.684867411851882935e-02
1.432963609695434570e-01
1.571077108383178711e-01
5.445657670497894287e-02
1.014631092548370361e-01
-2.850739657878875732e-02
-4.979126527905464172e-02
4.818158596754074097e-02
1.501301825046539307e-01
2.346483804285526276e-02
-1.695269942283630371e-01
-6.818512082099914551e-02
1.150669008493423462e-01
2.525312826037406921e-02
-5.826968327164649963e-02
-1.918273232877254486e-02
-4.716727416962385178e-03
-4.196748882532119751e-02
6.293499469757080078e-02
1.060615703463554382e-01
-7.321469485759735107e-02
7.625138014554977417e-02
1.924903541803359985e-01
1.163761839270591736e-01
3.741990029811859131e-02
-9.892138838768005371e-02
-2.138616330921649933e-02
1.314489245414733887e-01
6.063576415181159973e-02
-7.803669571876525879e-02
-9.189596027135848999e-02
2.747252769768238068e-02
2.289002947509288788e-02
3.569547832012176514e-02
-1.315779634751379490e-03
6.058786064386367798e-02
1.109953373670578003e-01
4.059996604919433594e-01
4.170168042182922363e-01
1.904146522283554077e-01
8.437853306531906128e-02
4.720760509371757507e-02
-1.968782842159271240e-01
-3.296429812908172607e-01
-3.444283306598663330e-01
-2.939889132976531982e-01
-7.256004959344863892e-02
6.678301841020584106e-02
1.603010892868041992e-01
3.010812103748321533e-01
2.291343659162521362e-01
1.110592111945152283e-01
1.341952234506607056e-01
1.228906735777854919e-01
7.561812642961740494e-03
6.692671775817871094e-02
-8.229443803429603577e-03
-2.812419086694717407e-02
6.715025752782821655e-02
1.873011142015457153e-01
2.630321085453033447e-01
1.799403727054595947e-01
5.731464922428131104e-02
1.607216522097587585e-02
-1.503188312053680420e-01
-1.763927638530731201e-01
-1.055636182427406311e-01
-1.570089608430862427e-01
-3.384247720241546631e-01
-1.058190912008285522e-01
1.214855909347534180e-01
2.693230509757995605e-01
2.578907310962677002e-01
-9.011821821331977844e-03
-1.881763339042663574e-01
-3.096045255661010742e-01
-4.203988015651702881e-01
-2.842331230640411377e-01
-1.630763709545135498e-01
-4.207925498485565186e-02
2.314974665641784668e-01
2.002502530813217163e-01
2.295654714107513428e-01
2.243283390998840332e-01
1.745914667844772339e-01
1.348498761653900146e-01
2.954822406172752380e-02
9.293678402900695801e-02
1.877960860729217529e-01
-9.618563577532768250e-03
1.644524931907653809e-01
4.415738880634307861e-01
1.566766053438186646e-01
-3.103070557117462158e-01
-3.217553198337554932e-01
-2.446671873331069946e-01
-2.424423769116401672e-02
3.705266118049621582e-02
4.973037540912628174e-02
-3.302602842450141907e-02
1.589653082191944122e-02
7.778420299291610718e-02
9.226617962121963501e-02
1.488687992095947266e-01
8.051454275846481323e-02
2.017032504081726074e-01
1.158013716340065002e-01
1.041295751929283142e-01
1.265311241149902344e-01
3.813841193914413452e-02
-1.776701062917709351e-01
-2.057399153709411621e-01
-1.678769849240779877e-02
-2.965701371431350708e-02
5.059258639812469482e-02
7.985989749431610107e-02
7.182855159044265747e-02
4.128930624574422836e-03
7.063103467226028442e-02
-1.172619313001632690e-02
-9.697343409061431885e-02
4.741517454385757446e-02
2.565495371818542480e-01
1.579220294952392578e-01
-8.782440423965454102e-02
-5.022237077355384827e-02
-2.848601434379816055e-03
2.114963717758655548e-02
6.492030806839466095e-03
3.107252120971679688e-01
2.134229391813278198e-01
-2.536191977560520172e-02
-2.337458431720733643e-01
-2.057878077030181885e-01
3.357293605804443359e-01
4.404082894325256348e-01
1.811538636684417725e-01
1.369415372610092163e-01
-1.965749114751815796e-01
-4.367488920688629150e-01
-8.705799281597137451e-02
4.759081080555915833e-02
6.236560642719268799e-03
-2.037919461727142334e-01
-1.336972862482070923e-01
-7.366176694631576538e-02
3.869725391268730164e-02
1.696631126105785370e-02
-2.259964682161808014e-02
1.527327895164489746e-01
1.470645368099212646e-01
4.979424178600311279e-02
-8.038382977247238159e-02
-9.322120994329452515e-02
-4.148847982287406921e-02
6.183328106999397278e-02
6.708638370037078857e-02
9.130816161632537842e-02
-2.333412319421768188e-02
4.884791560471057892e-04
1.796369999647140503e-01
2.068605571985244751e-01
3.281929790973663330e-01
2.318806797266006470e-01
2.965999208390712738e-02
3.761691972613334656e-03
-5.383088812232017517e-02
1.402626484632492065e-01
1.829421520233154297e-01
3.649382293224334717e-02
8.530461043119430542e-02
1.939433366060256958e-01
3.932900130748748779e-01
1.782852411270141602e-02
-2.896139919757843018e-01
-1.587014496326446533e-01
9.121236205101013184e-02
1.494595706462860107e-01
1.260521262884140015e-01
9.957901388406753540e-02
1.595187187194824219e-01
5.445657670497894287e-02
3.858548402786254883e-02
-3.794382885098457336e-02
-1.183530986309051514e-01
3.574337810277938843e-02
9.844536334276199341e-02
3.797874227166175842e-02
2.253875695168972015e-02
-1.491372734308242798e-01
-6.730694323778152466e-02
6.646367907524108887e-02
-4.381422884762287140e-03
-1.126050204038619995e-01
-1.436765938997268677e-01
3.355591371655464172e-02
7.434077560901641846e-03
1.452337764203548431e-02
8.677356690168380737e-02
9.828569740056991577e-02
1.245671957731246948e-01
6.732589006423950195e-02
1.802756786346435547e-01
-4.749203100800514221e-02
-8.075106889009475708e-02
-2.127439528703689575e-02
9.873276948928833008e-02
-2.076345495879650116e-02
1.436370890587568283e-02
1.973602473735809326e-01
2.566826902329921722e-02
-8.526969701051712036e-02
7.146673277020454407e-03
2.912775278091430664e-01
1.105003654956817627e-01
-9.556834399700164795e-02
-1.487540751695632935e-01
-1.755465120077133179e-01
2.191604860126972198e-02
-9.785161167383193970e-02
-1.498877257108688354e-01
1.264512985944747925e-01
3.918370306491851807e-01
3.929067850112915039e-01
2.094312161207199097e-01
-1.270017400383949280e-02
-7.095794659107923508e-03
4.964361190795898438e-01
2.650758624076843262e-01
-3.751272335648536682e-02
-5.831652879714965820e-01
-9.056007266044616699e-01
-8.830075860023498535e-01
-3.069220781326293945e-01
2.823360562324523926e-01
2.192987650632858276e-01
1.188031509518623352e-01
-1.515003740787506104e-01
-2.539918422698974609e-01
-3.585430383682250977e-01
-2.390308827161788940e-01
-2.011095136404037476e-01
-3.778629899024963379e-01
-3.909344598650932312e-02
3.476246893405914307e-01
3.541232049465179443e-01
-1.035038903355598450e-01
-2.544868290424346924e-01
-9.037910401821136475e-02
3.034442961215972900e-01
4.306844770908355713e-01
1.491721719503402710e-01
-2.315424084663391113e-01
-4.443491399288177490e-01
-5.676295161247253418e-01
-2.147133052349090576e-01
-1.592443138360977173e-01
-2.739983499050140381e-01
-2.334105372428894043e-01
-4.864164814352989197e-02
3.675513863563537598e-01
2.912615537643432617e-01
-1.165488436818122864e-01
-2.129090428352355957e-01
-1.067292019724845886e-01
6.996043026447296143e-02
1.147370133548974991e-02
-9.956006705760955811e-02
1.078977659344673157e-01
2.604933381080627441e-01
2.368304133415222168e-01
2.866630852222442627e-01
-1.743649691343307495e-01
-4.175407290458679199e-01
-5.586880445480346680e-01
-4.244863092899322510e-01
-1.968303769826889038e-01
2.382035702466964722e-01
2.272822111845016479e-01
-6.978181004524230957e-02
-3.174123466014862061e-01
-3.744939863681793213e-01
2.025015950202941895e-01
2.719416320323944092e-01
3.418925702571868896e-01
3.136631250381469727e-01
6.734185665845870972e-02
-5.008559823036193848e-01
-6.302037835121154785e-01
-7.242168188095092773e-01
-6.101652979850769043e-01
-5.481339097023010254e-01
-3.490427434444427490e-01
1.589653082191944122e-02
1.843312680721282959e-01
1.212460845708847046e-01
-5.708813294768333435e-02
-3.289085030555725098e-01
-2.701184153556823730e-01
1.774176061153411865e-01
4.404615983366966248e-02
-3.451148867607116699e-01
-5.168707370758056641e-01
-6.154184341430664062e-01
-4.981096684932708740e-01
-3.160391747951507568e-01
1.805206015706062317e-02
1.300598084926605225e-01
1.994040161371231079e-01
1.700409054756164551e-01
2.466500550508499146e-01
2.495400607585906982e-01
2.834377884864807129e-01
4.193853214383125305e-02
-4.651805013418197632e-02
-1.672383025288581848e-02
-1.499940641224384308e-02
6.013024132698774338e-03
-5.576288327574729919e-02
-2.946541085839271545e-02
1.648835986852645874e-01
4.688826948404312134e-02
2.768009714782238007e-02
2.590243816375732422e-01
1.656979024410247803e-01
9.442170709371566772e-02
3.120877966284751892e-02
1.344826370477676392e-01
1.549521833658218384e-01
2.684981748461723328e-02
-7.418867200613021851e-02
-7.883504033088684082e-02
5.454182624816894531e-03
-6.664688233286142349e-03
1.157694384455680847e-01
1.167274564504623413e-01
2.558843418955802917e-02
-1.099171582609415054e-02
-9.491369873285293579e-02
1.115382164716720581e-01
2.467298805713653564e-01
1.055825650691986084e-01
-1.086292639374732971e-01
-1.711236834526062012e-01
-1.376251429319381714e-01
-1.209397390484809875e-01
9.993028640747070312e-02
1.916281431913375854e-01
2.715319022536277771e-02
1.450741104781627655e-02
2.844277322292327881e-01
1.764915287494659424e-01
6.782086193561553955e-02
-1.886339485645294189e-02
-5.247370153665542603e-02
-7.857956737279891968e-02
-4.578357562422752380e-02
3.206406533718109131e-01
3.704094588756561279e-01
1.080733984708786011e-01
-1.291147917509078979e-01
-1.646836102008819580e-02
-2.836369536817073822e-02
1.243171468377113342e-02
5.903907492756843567e-02
1.493637710809707642e-01
2.791107594966888428e-01
7.882205396890640259e-02
1.273614019155502319e-01
2.675347626209259033e-01
-3.005618602037429810e-02
-2.465353161096572876e-01
-3.496494889259338379e-01
9.063754975795745850e-02
-9.983150660991668701e-02
-1.543265134096145630e-01
-1.983791738748550415e-01
1.191544234752655029e-01
3.291669785976409912e-01
-5.965880304574966431e-02
-1.827795207500457764e-01
-2.429746985435485840e-01
-2.714596092700958252e-01
-1.281248331069946289e-01
-8.576466888189315796e-02
1.215015575289726257e-01
1.229864731431007385e-01
1.949652135372161865e-01
1.396399438381195068e-01
2.169835567474365234e-01
1.819202750921249390e-01
1.733355037868022919e-02
-9.136905521154403687e-02
8.727395907044410706e-03
1.636062413454055786e-01
3.767962157726287842e-01
1.696576923131942749e-01
-3.751272335648536682e-02
-1.727842390537261963e-01
-1.576156914234161377e-01
1.233591325581073761e-02
1.319438964128494263e-01
1.248226687312126160e-01
8.327681571245193481e-02
4.615379124879837036e-02
-1.360444277524948120e-01
-1.656470447778701782e-01
-8.910175412893295288e-02
-2.071555331349372864e-02
1.226352080702781677e-01
1.409811526536941528e-01
1.772419661283493042e-01
1.477670818567276001e-01
1.411727517843246460e-01
2.560066580772399902e-01
8.464996516704559326e-02
-4.712479189038276672e-02
-8.392848074436187744e-02
-1.288114190101623535e-01
-1.052283123135566711e-01
-4.350030794739723206e-02
6.822003424167633057e-02
2.975365519523620605e-01
4.240103065967559814e-01
2.078984081745147705e-01
8.907280117273330688e-02
1.140929162502288818e-01
1.804193854331970215e-01
-8.910175412893295288e-02
-1.592443138360977173e-01
-1.533685028553009033e-01
-1.828274130821228027e-01
-2.999764978885650635e-01
-2.358853965997695923e-01
-6.823302805423736572e-02
1.164400503039360046e-01
1.621851921081542969e-01
4.880429431796073914e-02
4.625543951988220215e-01
3.993574082851409912e-01
1.463779658079147339e-01
-1.652478724718093872e-01
-2.739664316177368164e-01
-2.566583156585693359e-01
-2.507665455341339111e-01
-2.132603079080581665e-01
-1.053081452846527100e-01
2.239505574107170105e-02
1.612112075090408325e-01
1.589598804712295532e-01
5.287585407495498657e-02
-6.430517137050628662e-02
7.219579070806503296e-02
6.957722455263137817e-02
8.565588295459747314e-02
1.913886368274688721e-01
4.604202136397361755e-02
1.725796312093734741e-01
1.329019069671630859e-01
-9.670199453830718994e-02
2.189474850893020630e-01
2.043058574199676514e-01
-1.052283123135566711e-01
-1.756263524293899536e-01
-2.133401483297348022e-01
-1.590207815170288086e-01
-2.738971449434757233e-02
-4.948789253830909729e-02
2.419931441545486450e-02
6.753346323966979980e-02
8.134482055902481079e-02
5.560619011521339417e-02
4.973037540912628174e-02
1.880250498652458191e-02
1.270856941118836403e-03
-3.478238731622695923e-02
2.201185002923011780e-02
6.411654502153396606e-02
9.605032950639724731e-02
1.022295132279396057e-01
6.149797514081001282e-02
5.127916485071182251e-02
2.842999994754791260e-01
1.489326655864715576e-01
-1.757381111383438110e-01
-7.129866629838943481e-02
-4.236666113138198853e-02
-4.381964728236198425e-02
-1.143878884613513947e-02
-4.168008267879486084e-02
3.801067546010017395e-02
1.538345068693161011e-01
1.616742461919784546e-01
4.478169381618499756e-01
3.805803656578063965e-01
3.234667778015136719e-01
4.222593456506729126e-02
-5.503214001655578613e-01
-7.933853864669799805e-01
-7.344835400581359863e-01
-7.878448963165283203e-01
-7.945030927658081055e-01
-3.700072765350341797e-01
-2.374182194471359253e-01
-1.458640694618225098e-01
-3.439918160438537598e-02
-9.325314313173294067e-02
-3.638759851455688477e-01
-2.102106362581253052e-01
1.986535638570785522e-01
-2.189710363745689392e-02
1.059178709983825684e-01
1.173980608582496643e-01
-4.597517848014831543e-02
-2.545772120356559753e-02
-7.035662233829498291e-02
2.855827659368515015e-02
8.051454275846481323e-02
-2.274334803223609924e-02
6.298289448022842407e-02
1.667890883982181549e-02
-5.122828483581542969e-02
2.662628144025802612e-02
-2.927380800247192383e-02
2.497316598892211914e-01
3.903255611658096313e-02
9.528391808271408081e-02
1.190266907215118408e-01
1.782852411270141602e-02
-9.085810929536819458e-02
2.204378321766853333e-02
5.586166307330131531e-02
2.411893755197525024e-01
2.244081646203994751e-01
1.653520576655864716e-02
-2.406275719404220581e-01
-2.079752683639526367e-01
-1.101940199732780457e-01
-3.775222599506378174e-02
6.370140612125396729e-02
9.247374534606933594e-02
-1.361881196498870850e-01
-1.674513071775436401e-01
-1.153193935751914978e-01
7.498999685049057007e-02
2.202248424291610718e-01
4.181185066699981689e-01
3.136950433254241943e-01
2.560440078377723694e-02
-2.352467328310012817e-01
-4.203029870986938477e-01
-2.820616364479064941e-01
-3.582023456692695618e-02
3.548896312713623047e-01
2.580823302268981934e-01
-3.471851721405982971e-02
-1.445707380771636963e-01
-3.762449324131011963e-02
1.763797551393508911e-01
2.480551302433013916e-01
2.721492052078247070e-01
4.530754685401916504e-02
-2.180130220949649811e-02
5.372209846973419189e-02
-6.979777663946151733e-02
-6.771039916202425957e-04
-1.258415728807449341e-01
-1.693034619092941284e-01
-3.649084270000457764e-02
1.314010173082351685e-01
2.998517453670501709e-01
2.520308792591094971e-01
1.278723478317260742e-01
3.671681582927703857e-01
4.661682993173599243e-02
-3.465199768543243408e-01
-2.979966104030609131e-01
-2.688250839710235596e-01
-2.174915373325347900e-01
-2.996092438697814941e-01
-1.445068717002868652e-01
2.485181689262390137e-01
3.176867663860321045e-01
2.047688961029052734e-01
1.816967278718948364e-01
-9.310944378376007080e-02
-2.053726762533187866e-01
5.222120881080627441e-02
2.608605921268463135e-01
7.637912034988403320e-02
2.806330285966396332e-02
3.000433444976806641e-01
8.985517174005508423e-02
3.492906689643859863e-02
6.743765622377395630e-02
-3.874217346310615540e-02
-2.777026891708374023e-01
-3.251083791255950928e-01
-1.316056251525878906e-01
-1.901402622461318970e-01
-1.716665625572204590e-01
-4.904082044959068298e-02
1.795571744441986084e-01
4.013053774833679199e-01
3.432018756866455078e-01
4.237708151340484619e-01
1.095423549413681030e-01
-5.493688513524830341e-04
1.458989530801773071e-01
-4.163218289613723755e-02
-8.578064292669296265e-02
1.605619862675666809e-02
-3.390420600771903992e-02
-4.313306882977485657e-02
-8.178891986608505249e-02
-1.094276085495948792e-01
5.678719878196716309e-01
1.980308592319488525e-01
-3.796353042125701904e-01
