-6.465882873535156250e+01
-3.728177642822265625e+01
-1.890263557434082031e+01
-7.326494693756103516e+00
-6.345946788787841797e-01
2.760062456130981445e+00
4.058091163635253906e+00
4.106773853302001953e+00
3.506706237792968750e+00
2.653244018554687500e+00
1.773659825325012207e+00
9.834902286529541016e-01
3.402799069881439209e-01
-1.333619803190231323e-01
-4.416188001632690430e-01
-6.250464320182800293e-01
-6.855928897857666016e-01
-6.689873337745666504e-01
-6.185000538825988770e-01
-5.554627180099487305e-01
-5.085839629173278809e-01
-4.425608515739440918e-01
-3.638280928134918213e-01
-2.978209555149078369e-01
-2.590054571628570557e-01
-2.535128593444824219e-01
-2.688889503479003906e-01
-2.883046865463256836e-01
-2.833549678325653076e-01
-2.576482892036437988e-01
-2.336660027503967285e-01
-2.130367755889892578e-01
-1.920882165431976318e-01
-1.345914304256439209e-01
-6.176643446087837219e-02
-4.326080530881881714e-02
-6.100002303719520569e-02
-8.908578753471374512e-02
-1.176186203956604004e-01
-1.462792009115219116e-01
-1.693034619092941284e-01
-1.763448566198348999e-01
-1.837535053491592407e-01
-1.915453374385833740e-01
-1.835778653621673584e-01
-1.761851906776428223e-01
-1.659663766622543335e-01
-1.437245011329650879e-01
-1.388545930385589600e-01
-1.400840431451797485e-01
-1.315417587757110596e-01
-1.265600770711898804e-01
-1.250272542238235474e-01
-1.273584216833114624e-01
-1.410580277442932129e-01
-1.575039327144622803e-01
-1.608569771051406860e-01
-1.587972491979598999e-01
-1.555240303277969360e-01
-1.499356180429458618e-01
-1.374175697565078735e-01
-1.235104054212570190e-01
-9.877768903970718384e-02
-5.985040590167045593e-02
-3.174867480993270874e-02
-1.139088813215494156e-02
-8.963921107351779938e-03
-7.623244076967239380e-02
-1.489456743001937866e-01
-1.993691176176071167e-01
-2.302810251712799072e-01
-2.155595421791076660e-01
-1.575039327144622803e-01
-1.189279109239578247e-01
-1.316215991973876953e-01
-1.490255147218704224e-01
-1.530331969261169434e-01
-1.519793868064880371e-01
-1.454648971557617188e-01
-1.328829824924468994e-01
-1.280609667301177979e-01
-1.266558766365051270e-01
-1.368267983198165894e-01
-1.659663766622543335e-01
-1.819332689046859741e-01
-1.868830025196075439e-01
-1.845837831497192383e-01
-1.806559264659881592e-01
-1.833702921867370605e-01
-1.505423635244369507e-01
-7.693497836589813232e-02
-4.285621456801891327e-03
2.790363319218158722e-02
4.144897684454917908e-03
-4.880131781101226807e-02
-8.926142007112503052e-02
-1.137865707278251648e-01
-1.013802960515022278e-01
-6.547075510025024414e-02
-6.769014894962310791e-02
-9.092197567224502563e-02
-1.156387254595756531e-01
-1.511810421943664551e-01
-1.741414219141006470e-01
-1.810391247272491455e-01
-1.452094167470932007e-01
-9.285397082567214966e-02
-8.459909260272979736e-02
-9.253463149070739746e-02
-1.373856365680694580e-01
-1.750036478042602539e-01
-2.083105742931365967e-01
-2.311272621154785156e-01
-2.406115978956222534e-01
-2.388392835855484009e-01
-2.215950340032577515e-01
-1.912738978862762451e-01
-1.413134932518005371e-01
-8.954882621765136719e-02
-7.058015465736389160e-02
-7.794089615345001221e-02
-1.040467619895935059e-01
-1.149202212691307068e-01
-5.659316107630729675e-02
5.265231803059577942e-02
4.612185806035995483e-02
-2.699054218828678131e-02
-1.036795228719711304e-01
-1.783726513385772705e-01
-1.851266473531723022e-01
-1.195346489548683167e-01
-7.811652868986129761e-02
-6.326732039451599121e-02
-2.952927723526954651e-02
1.150563452392816544e-02
2.822297066450119019e-02
1.669487543404102325e-02
2.621114253997802734e-02
-3.455343423411250114e-03
-4.396335035562515259e-02
-6.792965531349182129e-02
-1.061543971300125122e-01
-1.216742098331451416e-01
-1.303282678127288818e-01
-1.364436000585556030e-01
-1.118705421686172485e-01
-6.687583774328231812e-02
-4.404318332672119141e-02
-1.867179200053215027e-02
1.297458913177251816e-02
2.694561891257762909e-02
4.312008246779441833e-02
3.777117282152175903e-02
1.471498049795627594e-02
-9.171490557491779327e-03
-4.001952707767486572e-02
-6.045714765787124634e-02
-6.122355908155441284e-02
-5.379895493388175964e-02
-2.322235517203807831e-02
4.081029910594224930e-03
-5.014681955799460411e-04
-3.787996247410774231e-02
-7.837200164794921875e-02
-9.175225347280502319e-02
-8.712185919284820557e-02
-7.179363816976547241e-02
-7.195331156253814697e-02
-8.206035196781158447e-02
-1.148084476590156555e-01
-1.451774835586547852e-01
-1.635074764490127563e-01
-1.814542710781097412e-01
-2.060273140668869019e-01
-2.060911804437637329e-01
-1.902679949998855591e-01
-1.730556786060333252e-01
-1.584300100803375244e-01
-1.514844149351119995e-01
-1.556198298931121826e-01
-1.228078603744506836e-01
-7.227265089750289917e-02
-5.025430396199226379e-02
-3.960438817739486694e-02
-1.332288235425949097e-02
8.857782185077667236e-02
1.114264503121376038e-01
1.057955529540777206e-02
-7.137849926948547363e-02
-1.222649887204170227e-01
-1.313501596450805664e-01
-9.157662093639373779e-02
-2.790065482258796692e-02
2.881374582648277283e-02
4.166709259152412415e-02
3.834598138928413391e-02
2.471025474369525909e-02
2.827087230980396271e-02
-9.203424677252769470e-03
-4.822650924324989319e-02
-2.938557602465152740e-02
4.288599826395511627e-03
-4.324483871459960938e-02
-6.700357049703598022e-02
-5.809404700994491577e-02
-5.943526700139045715e-02
-7.133059948682785034e-02
-5.707216635346412659e-02
-6.928683817386627197e-02
-8.859081566333770752e-02
-1.010928899049758911e-01
-1.073998138308525085e-01
-9.732469916343688965e-02
-8.739329874515533447e-02
-9.168838709592819214e-02
-1.013802960515022278e-01
-1.144731417298316956e-01
-8.720169216394424438e-02
-1.396155823022127151e-02
5.869321990758180618e-03
-3.583620116114616394e-02
-7.814846187829971313e-02
-1.065376028418540955e-01
-1.241011843085289001e-01
-1.378486901521682739e-01
-1.296576559543609619e-01
-1.069527417421340942e-01
-1.086771637201309204e-01
-1.036795228719711304e-01
-9.504143893718719482e-02
-9.098584949970245361e-02
-7.917034626007080078e-02
-9.863398969173431396e-02
-1.346074044704437256e-01
-1.609527766704559326e-01
-1.741254627704620361e-01
-1.545340865850448608e-01
-1.418244391679763794e-01
-1.521709859371185303e-01
-1.390302330255508423e-01
-1.158941984176635742e-01
-1.232549324631690979e-01
-1.386949270963668823e-01
-1.549971252679824829e-01
-1.604737639427185059e-01
-1.574560254812240601e-01
-1.585098356008529663e-01
-1.423513442277908325e-01
-7.543409615755081177e-02
-5.786509253084659576e-03
-3.720935434103012085e-02
-9.670199453830718994e-02
-1.465665996074676514e-01
-1.653596311807632446e-01
-1.545340865850448608e-01
-1.430698633193969727e-01
-1.312224268913269043e-01
-1.149840876460075378e-01
-1.157025918364524841e-01
-1.289072185754776001e-01
-1.350544840097427368e-01
-1.132436916232109070e-01
-5.723183602094650269e-02
2.330088609596714377e-04
8.292554318904876709e-02
1.066204085946083069e-01
7.356894761323928833e-02
8.934965357184410095e-03
-5.542757734656333923e-02
-9.778774529695510864e-02
-1.074796468019485474e-01
-1.033601909875869751e-01
-9.496160596609115601e-02
-1.080384850502014160e-01
-1.254104673862457275e-01
-1.438043266534805298e-01
-1.419202387332916260e-01
-1.216103434562683105e-01
-1.208439320325851440e-01
-1.227759271860122681e-01
-1.060745567083358765e-01
-4.889711737632751465e-02
7.288236916065216064e-02
1.833572834730148315e-01
1.713182479143142700e-01
1.103566661477088928e-01
3.564757481217384338e-02
-2.109875902533531189e-02
-5.014253780245780945e-02
-6.039328128099441528e-02
-5.058960989117622375e-02
-1.825665310025215149e-02
-4.987109825015068054e-02
-9.103374928236007690e-02
-1.178900599479675293e-01
-1.317493319511413574e-01
-1.276937276124954224e-01
-8.892611414194107056e-02
-6.708341091871261597e-02
-5.375105515122413635e-02
-3.676227852702140808e-02
-2.475517801940441132e-02
-5.365525186061859131e-02
-8.239565789699554443e-02
-1.041106283664703369e-01
-1.029450520873069763e-01
-8.632351458072662354e-02
-7.808459550142288208e-02
-5.566707998514175415e-02
-3.090243041515350342e-02
-2.756535075604915619e-02
-2.006091177463531494e-02
5.140689760446548462e-02
9.319225698709487915e-02
9.742347896099090576e-02
4.733534157276153564e-02
3.358784690499305725e-02
3.831404820084571838e-02
-3.850267082452774048e-02
-7.980902493000030518e-02
-1.041585355997085571e-01
-1.277097016572952271e-01
-1.490414738655090332e-01
-1.457522958517074585e-01
-1.280928999185562134e-01
-1.249474287033081055e-01
-1.204607263207435608e-01
-1.186724379658699036e-01
-1.139781698584556580e-01
-9.651038795709609985e-02
-8.485455811023712158e-02
-7.883504033088684082e-02
-8.162924647331237793e-02
-8.225195854902267456e-02
-9.203965961933135986e-02
-1.084536239504814148e-01
-1.234625056385993958e-01
-9.785161167383193970e-02
-5.831758305430412292e-02
-4.611887782812118530e-02
-3.139740601181983948e-02
-1.266823988407850266e-02
-7.894138805568218231e-03
-1.533471047878265381e-02
-5.640155822038650513e-02
-9.820288419723510742e-02
-1.113915368914604187e-01
-1.406907886266708374e-01
-1.475086510181427002e-01
-1.479876637458801270e-01
-1.660941094160079956e-01
-1.398126035928726196e-01
-9.548851102590560913e-02
-7.302309572696685791e-02
-2.434003725647926331e-02
3.968720138072967529e-02
4.636136069893836975e-02
2.212361805140972137e-02
-4.104140773415565491e-02
-8.495035767555236816e-02
-1.191035434603691101e-01
-2.001515030860900879e-01
-2.568978369235992432e-01
-2.800338566303253174e-01
-2.679947912693023682e-01
-2.430385649204254150e-01
-2.232875227928161621e-01
-2.096038907766342163e-01
-1.951378881931304932e-01
-1.712035238742828369e-01
-1.492171138525009155e-01
-1.372579038143157959e-01
-1.339687258005142212e-01
-1.343998312950134277e-01
-1.416328400373458862e-01
-1.591964215040206909e-01
-1.637789160013198853e-01
-1.067771017551422119e-01
-2.424423769116401672e-02
-3.190834447741508484e-02
-8.855887502431869507e-02
-1.228876933455467224e-01
-1.126369535923004150e-01
-9.312541037797927856e-02
-6.984568387269973755e-02
-5.437376350164413452e-02
-2.162566594779491425e-02
-4.237720742821693420e-03
8.040819317102432251e-03
2.459848672151565552e-02
4.950683936476707458e-02
2.110173739492893219e-02
-3.877411037683486938e-02
-7.655177265405654907e-02
-9.247076511383056641e-02
-1.063938960433006287e-01
-1.001508459448814392e-01
-6.767418235540390015e-02
-1.737847365438938141e-02
5.422248970717191696e-03
-5.722641944885253906e-03
-5.349558219313621521e-02
-1.127966195344924927e-01
-1.310308128595352173e-01
-1.405311226844787598e-01
-1.534323692321777344e-01
-1.536080092191696167e-01
-1.561786681413650513e-01
-1.645453274250030518e-01
-1.567055881023406982e-01
-1.745246350765228271e-01
-1.912738978862762451e-01
-1.914176046848297119e-01
-2.049575299024581909e-01
-2.072727233171463013e-01
-1.997842639684677124e-01
-1.869468837976455688e-01
-1.809752583503723145e-01
-1.733111441135406494e-01
-1.457203626632690430e-01
-1.266239434480667114e-01
-1.557635366916656494e-01
-1.975488960742950439e-01
-2.200302779674530029e-01
-2.358055710792541504e-01
-2.423200607299804688e-01
-2.371467798948287964e-01
-2.232236564159393311e-01
-2.134199887514114380e-01
-2.125897109508514404e-01
-2.154956758022308350e-01
-2.147611975669860840e-01
-2.148569971323013306e-01
-2.065542191267013550e-01
-2.046701312065124512e-01
-2.087895870208740234e-01
-1.757700592279434204e-01
-9.670199453830718994e-02
-3.356890007853507996e-02
-6.685987114906311035e-02
-1.275181025266647339e-01
-1.663495898246765137e-01
-1.655991375446319580e-01
-1.449699103832244873e-01
-1.287635117769241333e-01
-1.111999303102493286e-01
-9.698940068483352661e-02
-8.244355767965316772e-02
-7.980902493000030518e-02
-7.297518849372863770e-02
-7.714255154132843018e-02
-9.247076511383056641e-02
-1.224086880683898926e-01
-1.425748765468597412e-01
-1.409462541341781616e-01
-1.256499737501144409e-01
-1.143613755702972412e-01
-1.210355386137962341e-01
-1.280130743980407715e-01
-1.033921241760253906e-01
-6.802545487880706787e-02
-4.251036047935485840e-02
-8.468947373330593109e-03
2.091013453900814056e-02
-8.644582703709602356e-03
-3.200414776802062988e-02
-7.228861749172210693e-02
-1.155109927058219910e-01
-7.450801134109497070e-02
1.001218855381011963e-01
1.153702661395072937e-01
9.943530708551406860e-02
4.904379695653915405e-02
4.975175950676202774e-03
-7.070789486169815063e-02
-1.208439320325851440e-01
-1.419841051101684570e-01
-1.692076623439788818e-01
-1.779894530773162842e-01
-1.648806333541870117e-01
-1.421437710523605347e-01
-1.096511408686637878e-01
-8.421588689088821411e-02
-8.089476823806762695e-02
-5.763100832700729370e-02
-1.341868378221988678e-02
-1.651084399782121181e-03
-6.425185129046440125e-03
-1.827261969447135925e-02
-3.826316818594932556e-02
-7.196927815675735474e-02
-8.233179152011871338e-02
-9.373214840888977051e-02
-7.933001220226287842e-02
-5.493260547518730164e-02
-7.239496335387229919e-03
-6.712588947266340256e-03
-3.433531150221824646e-02
-3.778416290879249573e-02
6.603257358074188232e-02
1.370852291584014893e-01
1.312094181776046753e-01
1.040337756276130676e-01
7.513370364904403687e-02
1.963278278708457947e-02
-3.759256005287170410e-02
-3.621940687298774719e-02
-1.124718692153692245e-02
-3.237138316035270691e-02
-4.544826969504356384e-02
-4.282969981431961060e-02
-4.257423058152198792e-02
-4.779540374875068665e-02
-5.303254351019859314e-02
-6.297991424798965454e-02
-4.979126527905464172e-02
-2.018864639103412628e-02
-1.948610320687294006e-02
3.745725145563483238e-03
6.534599512815475464e-02
8.367598801851272583e-02
6.556953489780426025e-02
5.434480682015419006e-02
4.700003564357757568e-02
3.146424889564514160e-02
2.437495067715644836e-02
1.701421290636062622e-02
1.414558966644108295e-03
-3.821526840329170227e-02
-2.582495845854282379e-02
-2.192903682589530945e-02
-3.971615433692932129e-02
-3.184447810053825378e-02
1.291816234588623047e-01
2.060941457748413086e-01
1.889456957578659058e-01
1.352650076150894165e-01
5.673984065651893616e-02
4.560037050396203995e-03
-5.023833736777305603e-02
-8.217211812734603882e-02
-6.385809928178787231e-02
-4.838617891073226929e-02
-5.989830568432807922e-02
-4.902485385537147522e-02
-1.463216729462146759e-02
-1.686753332614898682e-02
-5.437376350164413452e-02
-6.090421974658966064e-02
-1.479183696210384369e-02
-9.645080426707863808e-04
3.378486493602395058e-03
6.763468030840158463e-03
8.237838628701865673e-04
5.454182624816894531e-03
3.069783933460712433e-02
1.447547692805528641e-02
-2.750148251652717590e-02
-4.795507341623306274e-02
-3.630979219451546669e-03
4.374279081821441650e-02
6.205681711435317993e-02
1.048640534281730652e-01
1.543614119291305542e-01
1.901432126760482788e-01
2.158339470624923706e-01
2.038907110691070557e-01
1.360314190387725830e-01
6.261565536260604858e-02
2.803678391501307487e-03
-1.300354488193988800e-02
6.380262318998575211e-03
3.483326360583305359e-02
6.370140612125396729e-02
4.767064750194549561e-02
2.397577837109565735e-02
-6.776456721127033234e-03
-5.279304087162017822e-02
-7.875520735979080200e-02
-9.057071059942245483e-02
-6.495980918407440186e-02
-2.817209251224994659e-02
-2.184920385479927063e-02
-2.379716373980045319e-02
-1.137492153793573380e-02
4.016620665788650513e-02
5.111949518322944641e-02
3.506221808493137360e-03
-2.200887165963649750e-02
-4.632644727826118469e-02
-5.873272567987442017e-02
-6.217615213245153427e-03
4.648909717798233032e-02
8.110532164573669434e-02
8.522477746009826660e-02
8.896102756261825562e-02
3.526436910033226013e-02
1.771675609052181244e-02
2.867545932531356812e-03
-3.551686182618141174e-02
-3.152513876557350159e-02
-2.922590635716915131e-02
-1.209343131631612778e-02
6.699600256979465485e-03
-6.680655293166637421e-03
-1.795328035950660706e-02
-4.217505827546119690e-02
-5.062154307961463928e-02
-5.477293580770492554e-02
-5.713603645563125610e-02
-5.563514679670333862e-02
-7.029275596141815186e-02
-9.328507632017135620e-02
-1.501112580299377441e-01
-1.725447326898574829e-01
-1.698303669691085815e-01
-1.781970262527465820e-01
-1.913218051195144653e-01
-1.831148266792297363e-01
-1.780852526426315308e-01
-1.670840680599212646e-01
-1.586535423994064331e-01
-1.495843529701232910e-01
-1.447942852973937988e-01
-1.386310607194900513e-01
-1.251550018787384033e-01
-1.222809553146362305e-01
-1.324039697647094727e-01
-1.148723140358924866e-01
-4.337257519364356995e-02
4.208223521709442139e-02
6.280726194381713867e-02
4.875639453530311584e-02
4.153935983777046204e-02
3.489713370800018311e-02
5.076822265982627869e-02
6.165764480829238892e-02
6.533002853393554688e-02
1.877598813734948635e-03
3.761691972613334656e-03
2.831877209246158600e-02
8.908876776695251465e-02
1.238007918000221252e-01
1.282076537609100342e-01
1.489805728197097778e-01
1.283992528915405273e-01
1.452123820781707764e-01
1.602531969547271729e-01
1.615145802497863770e-01
1.216931566596031189e-01
1.040976420044898987e-01
9.264937788248062134e-02
7.909349352121353149e-02
7.596398144960403442e-02
5.121529474854469299e-02
4.719705786556005478e-03
3.358784690499305725e-02
9.927564114332199097e-02
1.190745905041694641e-01
1.048800200223922729e-01
9.017451107501983643e-02
3.689299523830413818e-02
-1.867179200053215027e-02
-2.772501856088638306e-02
2.809095312841236591e-04
1.022828370332717896e-02
6.492030806839466095e-03
-2.090715616941452026e-02
-4.714075848460197449e-02
-6.444887071847915649e-02
-4.476169496774673462e-02
-5.330397933721542358e-02
-4.677352309226989746e-02
-6.120759248733520508e-02
-9.615912288427352905e-02
-1.291467249393463135e-01
-1.303761750459671021e-01
-1.124453470110893250e-01
-1.195346489548683167e-01
-1.042383685708045959e-01
-7.299115508794784546e-02
-8.509406447410583496e-02
-9.667006134986877441e-02
-1.062022969126701355e-01
-1.152874529361724854e-01
-1.188001707196235657e-01
-1.093477755784988403e-01
-8.263516426086425781e-02
-7.806862890720367432e-02
-7.444414496421813965e-02
-2.223240770399570465e-02
6.101896613836288452e-02
1.395760625600814819e-01
1.300278753042221069e-01
7.015202939510345459e-02
5.418513715267181396e-02
-6.744523067027330399e-03
-5.346364900469779968e-02
-8.728152513504028320e-02
-9.288590401411056519e-02
-8.332173526287078857e-02
-8.376880735158920288e-02
-9.481789916753768921e-02
-1.175068542361259460e-01
-1.215784102678298950e-01
-1.252986937761306763e-01
-1.066653355956077576e-01
-9.028330445289611816e-02
-9.389182180166244507e-02
-9.286993741989135742e-02
-7.607276737689971924e-02
-6.875993311405181885e-02
-8.038382977247238159e-02
-9.810707718133926392e-02
-9.245479851961135864e-02
-7.030872255563735962e-02
-5.480486899614334106e-02
-3.973212093114852905e-02
-2.105085924267768860e-02
-7.686569355428218842e-03
2.579600363969802856e-02
3.390718623995780945e-02
3.307690471410751343e-02
-2.465937659144401550e-02
-9.646248817443847656e-02
-1.203329935669898987e-01
-1.307434141635894775e-01
-1.188161373138427734e-01
-1.009491905570030212e-01
-8.566886931657791138e-02
-5.544354394078254700e-02
-4.091367125511169434e-02
-6.089880131185054779e-03
-7.590768393129110336e-03
-1.972560584545135498e-02
-1.947013661265373230e-02
-5.261740460991859436e-02
-1.399403512477874756e-01
-1.908427923917770386e-01
-2.121426314115524292e-01
-2.057239413261413574e-01
-1.758658587932586670e-01
-1.359486281871795654e-01
-1.071762740612030029e-01
-1.095074415206909180e-01
-1.202691271901130676e-01
-1.238457113504409790e-01
-1.123335808515548706e-01
-8.785633742809295654e-02
-3.832703456282615662e-02
5.900713801383972168e-02
1.649793982505798340e-01
1.249983087182044983e-01
4.061327874660491943e-02
-6.230930611491203308e-02
-1.397806704044342041e-01
-1.869309097528457642e-01
-2.044785171747207642e-01
-1.938765048980712891e-01
-1.282845139503479004e-01
-1.589355245232582092e-02
2.293792925775051117e-02
-5.914244335144758224e-03
-6.831286102533340454e-02
-8.629158139228820801e-02
-6.301184743642807007e-02
-3.069486096501350403e-02
-5.842935293912887573e-02
-1.118545755743980408e-01
-1.515961736440658569e-01
-1.694471687078475952e-01
-1.656151115894317627e-01
-1.224086880683898926e-01
-1.827261969447135925e-02
1.990367770195007324e-01
3.119227290153503418e-01
3.352663218975067139e-01
2.736021876335144043e-01
1.386819183826446533e-01
1.513011939823627472e-02
6.066769734025001526e-02
9.735961258411407471e-02
1.346103698015213013e-01
1.206393465399742126e-01
1.634944677352905273e-01
2.512804567813873291e-01
2.526057064533233643e-01
2.262443602085113525e-01
1.491242647171020508e-01
1.165198832750320435e-01
7.968426495790481567e-02
7.029572874307632446e-02
2.554053254425525665e-02
-2.146058250218629837e-03
4.565453564282506704e-04
8.008885197341442108e-03
1.460321247577667236e-02
1.899410784244537354e-02
4.358312115073204041e-02
8.560798317193984985e-02
9.260147809982299805e-02
4.521174356341362000e-02
-1.370608806610107422e-02
-6.741871684789657593e-02
-1.057711914181709290e-01
-1.207800656557083130e-01
-1.129243597388267517e-01
-1.207161992788314819e-01
-1.266079843044281006e-01
-1.269432902336120605e-01
-1.322123706340789795e-01
-1.174908876419067383e-01
-9.409938752651214600e-02
-8.978833258152008057e-02
-8.686638623476028442e-02
-7.121883332729339600e-02
-3.871024027466773987e-02
-1.826720195822417736e-03
3.336431086063385010e-02
1.037463694810867310e-01
1.441266387701034546e-01
7.545303553342819214e-02
2.044709399342536926e-02
2.020759135484695435e-02
4.746307805180549622e-02
7.190839201211929321e-02
7.350508123636245728e-02
3.802664205431938171e-02
-2.331815659999847412e-02
-2.095505781471729279e-02
-8.021874353289604187e-03
4.783573094755411148e-03
1.813731272704899311e-03
-1.179006043821573257e-02
-4.541091620922088623e-03
-9.325742721557617188e-04
3.378486493602395058e-03
2.330088609596714377e-04
-2.453164011240005493e-02
-4.659788683056831360e-02
-7.894680649042129517e-02
-1.041425690054893494e-01
-8.440748602151870728e-02
-5.595448613166809082e-02
-4.749203100800514221e-02
-2.175340242683887482e-02
1.079254201613366604e-03
-7.510933559387922287e-03
1.201657578349113464e-02
2.683385089039802551e-02
2.611534111201763153e-02
-4.376006254460662603e-04
-1.460023410618305206e-02
2.117102034389972687e-03
1.388470176607370377e-02
6.667666602879762650e-03
1.797222718596458435e-02
3.650978952646255493e-02
1.695034466683864594e-02
8.743362501263618469e-03
-1.412122696638107300e-02
-2.673507109284400940e-02
-2.510644868016242981e-02
-3.142933920025825500e-02
-4.005146026611328125e-02
1.749863731674849987e-03
5.372209846973419189e-02
8.568781614303588867e-02
2.019746899604797363e-01
2.779132425785064697e-01
2.064933180809020996e-01
1.188510507345199585e-01
9.244181215763092041e-02
6.430814415216445923e-02
6.015675514936447144e-02
5.587762966752052307e-02
9.349562972784042358e-02
8.496930450201034546e-02
8.694919943809509277e-02
6.609643995761871338e-02
1.907978653907775879e-01
3.550013899803161621e-01
4.050735831260681152e-01
3.407270014286041260e-01
2.868227660655975342e-01
2.783603072166442871e-01
2.355530560016632080e-01
2.070840895175933838e-01
1.950450539588928223e-01
2.083774060010910034e-01
2.205920815467834473e-01
1.812177300453186035e-01
1.716375946998596191e-01
1.435039192438125610e-01
1.108835712075233459e-01
1.232100129127502441e-01
1.101969927549362183e-01
9.860502928495407104e-02
1.169509887695312500e-01
1.070674881339073181e-01
8.800301700830459595e-02
8.254233747720718384e-02
3.346011042594909668e-02
-6.157483160495758057e-02
-3.088646382093429565e-02
6.444130092859268188e-03
6.047609448432922363e-02
5.645243823528289795e-02
8.563991636037826538e-02
6.041222438216209412e-02
2.357660606503486633e-02
2.381610870361328125e-02
1.143121742643415928e-03
-5.722641944885253906e-03
8.934965357184410095e-03
2.956419065594673157e-02
5.629276856780052185e-02
9.263341128826141357e-02
8.356422185897827148e-02
1.401508748531341553e-01
1.598540246486663818e-01
1.445258110761642456e-01
8.257427066564559937e-02
3.732410073280334473e-02
5.833652988076210022e-02
8.655002713203430176e-02
3.122474625706672668e-02
-9.627088904380798340e-02
-1.777818799018859863e-01
-2.101946771144866943e-01
-2.093643993139266968e-01
-2.099711298942565918e-01
-2.068895250558853149e-01
-1.809912323951721191e-01
-1.523945182561874390e-01
-1.431656628847122192e-01
-1.330905556678771973e-01
-1.252348273992538452e-01
-1.297534555196762085e-01
-1.251070946455001831e-01
-1.183530986309051514e-01
-1.278055012226104736e-01
-1.386949270963668823e-01
-1.095872744917869568e-01
-2.111472561955451965e-02
1.059817373752593994e-01
8.442643284797668457e-02
3.879305347800254822e-02
6.089123338460922241e-02
1.032673642039299011e-01
1.142845228314399719e-01
9.162750095129013062e-02
5.345066264271736145e-02
1.409227121621370316e-02
1.526327221654355526e-03
-1.188586186617612839e-02
4.952280595898628235e-02
1.031396314501762390e-01
2.227316498756408691e-01
2.337168604135513306e-01
1.777688711881637573e-01
1.001059189438819885e-01
6.651157885789871216e-02
3.879305347800254822e-02
5.297165364027023315e-02
9.917984157800674438e-02
1.045127809047698975e-01
6.315853446722030640e-02
-1.906554680317640305e-03
-6.831286102533340454e-02
-1.039190292358398438e-01
-1.330107152462005615e-01
-1.397806704044342041e-01
-1.137227043509483337e-01
-9.112954884767532349e-02
-9.200772643089294434e-02
-9.552044421434402466e-02
-8.667478710412979126e-02
-8.228389173746109009e-02
-8.761683106422424316e-02
-8.367300778627395630e-02
-8.804793655872344971e-02
-9.920879453420639038e-02
-1.208119988441467285e-01
-1.266558766365051270e-01
-7.453994452953338623e-02
3.090540878474712372e-02
4.498820751905441284e-02
3.122474625706672668e-02
3.288102161604911089e-04
-5.178712680935859680e-02
-1.374814510345458984e-01
-1.995926499366760254e-01
-2.325802594423294067e-01
-2.276624590158462524e-01
-2.056920081377029419e-01
-1.884637326002120972e-01
-1.696866601705551147e-01
-1.495045125484466553e-01
-1.328829824924468994e-01
-1.183211654424667358e-01
-1.098267808556556702e-01
-1.155588924884796143e-01
-1.253466010093688965e-01
-1.347351372241973877e-01
-1.435648351907730103e-01
-1.082939580082893372e-01
-1.252453774213790894e-02
9.825376421213150024e-02
9.640160202980041504e-02
4.361505433917045593e-02
2.844650670886039734e-02
9.350104257464408875e-03
1.950504817068576813e-02
4.632942751049995422e-02
4.198643192648887634e-02
1.182497292757034302e-02
5.070977378636598587e-03
-3.120038658380508423e-03
2.311356551945209503e-02
3.285336866974830627e-02
5.348259583115577698e-02
4.564284905791282654e-02
4.847440868616104126e-03
-2.887463569641113281e-02
-3.855057060718536377e-02
-6.671617180109024048e-02
-8.488649129867553711e-02
-6.799352169036865234e-02
-7.073982805013656616e-02
-6.802545487880706787e-02
-2.165760099887847900e-02
7.415971904993057251e-02
7.794387638568878174e-02
2.340096980333328247e-02
-1.962980441749095917e-02
-1.239680312573909760e-02
9.959498047828674316e-02
1.550639569759368896e-01
1.367978304624557495e-01
9.346369653940200806e-02
9.153170138597488403e-02
1.257806867361068726e-01
1.812815964221954346e-01
2.061260789632797241e-01
1.310816854238510132e-01
6.881081312894821167e-02
2.260262519121170044e-02
1.048375386744737625e-02
1.382083445787429810e-02
-3.059905953705310822e-02
-5.490066856145858765e-02
-4.399528354406356812e-02
-2.976878173649311066e-02
-5.860498920083045959e-02
-9.662216156721115112e-02
-1.198699548840522766e-01
-1.254104673862457275e-01
-1.229515671730041504e-01
-1.189598441123962402e-01
-8.214018493890762329e-02
-3.738499060273170471e-02
-2.525015175342559814e-02
-4.910468682646751404e-02
-8.178891986608505249e-02
-1.071124076843261719e-01
-1.174110546708106995e-01
-1.199817210435867310e-01
-1.134352982044219971e-01
-1.086771637201309204e-01
-6.872799992561340332e-02
5.274811759591102600e-02
1.108676046133041382e-01
6.376527249813079834e-02
-1.440863125026226044e-02
-1.006937175989151001e-01
-1.587174087762832642e-01
-1.842325031757354736e-01
-1.810550987720489502e-01
-1.673076003789901733e-01
-1.588770747184753418e-01
-1.065056622028350830e-01
-1.212536543607711792e-02
-1.568598300218582153e-02
-4.785927012562751770e-02
-8.172504603862762451e-02
-1.147126480937004089e-01
-1.323560774326324463e-01
-1.486263424158096313e-01
-1.616233885288238525e-01
-1.619586944580078125e-01
-1.570568531751632690e-01
-1.660302430391311646e-01
-1.704530715942382812e-01
-1.752271801233291626e-01
-1.699261665344238281e-01
-1.282206326723098755e-01
-7.792492955923080444e-02
-4.484152793884277344e-02
-1.747427508234977722e-02
1.158546935766935349e-02
3.631818667054176331e-02
3.520050272345542908e-02
1.675874181091785431e-02
1.558260992169380188e-03
-4.221753682941198349e-03
-2.673507109284400940e-02
-3.762449324131011963e-02
-5.098878219723701477e-02
-7.942581921815872192e-02
-8.514196425676345825e-02
-6.200593709945678711e-02
-5.236193537712097168e-02
-2.925784140825271606e-02
-2.352572605013847351e-02
-3.436724469065666199e-02
-6.170256435871124268e-02
-8.159731328487396240e-02
-1.564980149269104004e-01
-2.133241891860961914e-01
-2.393023222684860229e-01
-2.285566031932830811e-01
-2.111047804355621338e-01
-1.993531584739685059e-01
-1.825719475746154785e-01
-1.635234504938125610e-01
-1.525382250547409058e-01
-1.430379301309585571e-01
-1.412496268749237061e-01
-1.504625231027603149e-01
-1.604258716106414795e-01
-1.702295392751693726e-01
-1.656470447778701782e-01
-1.485305279493331909e-01
-1.397487372159957886e-01
-1.391260325908660889e-01
-8.967655897140502930e-02
2.811120264232158661e-02
1.836287230253219604e-01
1.747671067714691162e-01
6.306272745132446289e-02
-3.433531150221824646e-02
-9.465823322534561157e-02
-1.343200057744979858e-01
-1.435488611459732056e-01
-1.301047354936599731e-01
-1.048770397901535034e-01
-7.920227944850921631e-02
-5.292077362537384033e-02
-4.872148111462593079e-02
-8.250742405652999878e-02
-9.868188947439193726e-02
-9.890542179346084595e-02
-1.089645698666572571e-01
-1.037912964820861816e-01
-8.549323678016662598e-02
-4.584744200110435486e-02
6.823600083589553833e-02
1.514075398445129395e-01
1.426417082548141479e-01
1.215654239058494568e-01
9.362336248159408569e-02
5.190187320113182068e-02
6.189714744687080383e-02
1.586459577083587646e-02
-1.638852618634700775e-02
2.707877196371555328e-03
5.884747207164764404e-02
7.768840342760086060e-02
7.146131247282028198e-02
3.282143548130989075e-02
4.278477653861045837e-02
6.763468030840158463e-03
-1.236486900597810745e-02
-3.219575062394142151e-02
-2.315848879516124725e-02
3.312480822205543518e-02
1.128315329551696777e-01
1.308581531047821045e-01
1.271698027849197388e-01
6.287112832069396973e-02
1.426790747791528702e-02
4.416334908455610275e-03
-1.705913618206977844e-02
-3.970018774271011353e-02
-6.737080961465835571e-02
-8.578064292669296265e-02
-8.530163019895553589e-02
-8.622771501541137695e-02
-6.604555994272232056e-02
-2.510644868016242981e-02
-1.315779634751379490e-03
-8.564748801290988922e-03
-1.753814145922660828e-02
-6.425185129046440125e-03
2.967595867812633514e-02
-6.552920211106538773e-03
-2.788468822836875916e-02
-1.970963925123214722e-02
2.728092484176158905e-02
2.184844464063644409e-01
3.464910387992858887e-01
2.621698975563049316e-01
1.748469322919845581e-01
1.814093291759490967e-01
1.956198662519454956e-01
1.733300834894180298e-01
9.084512293338775635e-02
3.069783933460712433e-02
-7.558834273368120193e-03
-1.212536543607711792e-02
1.477884780615568161e-02
3.512066975235939026e-02
1.873863674700260162e-02
6.188659928739070892e-03
-3.203608095645904541e-02
-3.597990423440933228e-02
-2.874690108001232147e-02
-3.007215261459350586e-02
-2.715021185576915741e-02
-1.562211476266384125e-02
2.851037494838237762e-02
1.010319963097572327e-01
1.892810016870498657e-01
2.483744770288467407e-01
2.046571224927902222e-01
1.716535538434982300e-01
2.663851380348205566e-01
3.290392160415649414e-01
3.871587216854095459e-01
4.330954551696777344e-01
3.393219113349914551e-01
2.439676076173782349e-01
1.779924184083938599e-01
1.265311241149902344e-01
6.552163511514663696e-02
7.280253618955612183e-02
7.898171991109848022e-02
6.387703865766525269e-02
6.775699555873870850e-02
6.307869404554367065e-02
9.649740159511566162e-02
1.290379315614700317e-01
1.567245125770568848e-01
1.519025117158889771e-01
1.398155689239501953e-01
1.068758815526962280e-01
9.119639545679092407e-02
5.827266350388526917e-02
6.750152260065078735e-02
7.775226980447769165e-02
8.972743898630142212e-02
1.154501065611839294e-01
1.559421271085739136e-01
2.008250653743743896e-01
1.718611270189285278e-01
1.424022167921066284e-01
1.144761219620704651e-01
1.322632282972335815e-01
1.445577442646026611e-01
1.977274864912033081e-01
1.859119981527328491e-01
2.053756266832351685e-01
2.712869942188262939e-01
4.690050184726715088e-01
3.597595393657684326e-01
1.808664500713348389e-01
4.917153343558311462e-02
-1.667593047022819519e-02
-6.390599906444549561e-02
-7.779719680547714233e-02
-7.878714054822921753e-02
-7.137849926948547363e-02
-4.875341802835464478e-02
-4.755590111017227173e-02
-5.598641932010650635e-02
-6.157483160495758057e-02
-7.326259464025497437e-02
-8.616384118795394897e-02
-1.003424450755119324e-01
-1.081662252545356750e-01
-1.089166626334190369e-01
-9.708520025014877319e-02
-8.049559593200683594e-02
-6.454467028379440308e-02
-5.512420460581779480e-02
-5.518807470798492432e-02
-6.850446015596389771e-02
-7.083562761545181274e-02
-7.604083418846130371e-02
-8.740926533937454224e-02
-4.268599674105644226e-02
1.662727147340774536e-01
2.304915487766265869e-01
1.913886368274688721e-01
1.105961650609970093e-01
3.729216754436492920e-02
-1.444056537002325058e-02
-1.488763745874166489e-02
-1.044884230941534042e-02
1.934537850320339203e-02
1.493851654231548309e-02
2.646661363542079926e-02
1.675874181091785431e-02
-2.229627594351768494e-02
-4.851391166448593140e-02
-1.710703596472740173e-02
2.707335539162158966e-02
5.522298440337181091e-02
5.726674944162368774e-02
4.300831258296966553e-02
3.483326360583305359e-02
3.013899736106395721e-02
3.486519679427146912e-02
1.857896894216537476e-02
-2.816667547449469566e-03
2.255472354590892792e-02
6.823600083589553833e-02
8.439449965953826904e-02
1.462981253862380981e-01
1.491721719503402710e-01
1.138055101037025452e-01
8.423482626676559448e-02
5.246071517467498779e-02
9.438977390527725220e-02
2.065412104129791260e-01
2.475441992282867432e-01
3.176707923412322998e-01
2.470971196889877319e-01
3.145093619823455811e-01
4.388435482978820801e-01
2.991971075534820557e-01
1.554471552371978760e-01
5.033711716532707214e-02
-1.065641175955533981e-02
-6.294798105955123901e-02
-1.143933087587356567e-01
-1.121898815035820007e-01
-8.386461436748504639e-02
-6.725904345512390137e-02
-4.979126527905464172e-02
-5.724780261516571045e-02
-5.598641932010650635e-02
-6.636489927768707275e-02
-7.776525616645812988e-02
-6.741871684789657593e-02
-4.464992508292198181e-02
-5.339436233043670654e-03
4.128389060497283936e-02
1.194577962160110474e-01
2.082975804805755615e-01
2.600941658020019531e-01
2.572201192378997803e-01
2.062059044837951660e-01
1.710947155952453613e-01
1.793974936008453369e-01
1.723081916570663452e-01
1.493478119373321533e-01
1.429131478071212769e-01
1.457073539495468140e-01
1.393525302410125732e-01
1.978871673345565796e-01
1.869658082723617554e-01
1.793655604124069214e-01
1.834051907062530518e-01
2.469853609800338745e-01
3.104856908321380615e-01
3.364159464836120605e-01
3.445271253585815430e-01
2.510569095611572266e-01
1.968173831701278687e-01
1.547446101903915405e-01
1.499545425176620483e-01
9.276115149259567261e-02
7.596398144960403442e-02
6.526616215705871582e-02
8.487350493669509888e-02
1.194418296217918396e-01
1.185317113995552063e-01
1.314010173082351685e-01
1.967375427484512329e-01
1.951727867126464844e-01
1.726914048194885254e-01
1.976476609706878662e-01
1.904465854167938232e-01
1.934802979230880737e-01
2.229711413383483887e-01
2.885631620883941650e-01
3.570451438426971436e-01
4.108535945415496826e-01
5.653172731399536133e-01
8.321719765663146973e-01
7.724078893661499023e-01
8.284995555877685547e-01
6.876236796379089355e-01
5.733007192611694336e-01
5.045792460441589355e-01
4.037163853645324707e-01
3.457405865192413330e-01
2.882917225360870361e-01
2.605093121528625488e-01
2.394330203533172607e-01
1.877322196960449219e-01
1.604927033185958862e-01
1.405660212039947510e-01
1.413962990045547485e-01
1.558782607316970825e-01
1.896482408046722412e-01
1.833572834730148315e-01
2.418599873781204224e-01
2.575713992118835449e-01
2.707920074462890625e-01
2.632556259632110596e-01
2.361757606267929077e-01
2.025335282087326050e-01
2.078664749860763550e-01
2.203366160392761230e-01
2.288150340318679810e-01
2.009527981281280518e-01
1.437434256076812744e-01
1.086003035306930542e-01
1.276009082794189453e-01
1.865825951099395752e-01
2.300125509500503540e-01
2.761568725109100342e-01
2.855454087257385254e-01
3.220776617527008057e-01
4.080753326416015625e-01
4.876862764358520508e-01
4.595526158809661865e-01
4.443202018737792969e-01
4.483917355537414551e-01
4.369913935661315918e-01
3.765566945075988770e-01
3.211675584316253662e-01
3.026140332221984863e-01
2.765401005744934082e-01
2.406464964151382446e-01
2.006334662437438965e-01
1.789983212947845459e-01
1.549362242221832275e-01
1.729468703269958496e-01
1.845069080591201782e-01
2.407742291688919067e-01
3.572686910629272461e-01
4.040516912937164307e-01
4.077879488468170166e-01
4.354425966739654541e-01
4.499086141586303711e-01
4.953503906726837158e-01
5.154207348823547363e-01
6.687188744544982910e-01
8.158378601074218750e-01
6.444492340087890625e-01
5.616129636764526367e-01
4.164100587368011475e-01
2.757098078727722168e-01
1.666080206632614136e-01
1.590237468481063843e-01
1.421946436166763306e-01
6.702251732349395752e-02
9.829111397266387939e-03
-3.075872920453548431e-02
-5.443762987852096558e-02
-5.218629911541938782e-02
-3.150917217135429382e-02
-2.271141484379768372e-02
-1.218923274427652359e-02
-2.641031751409173012e-03
-1.284387614578008652e-02
-3.075872920453548431e-02
-6.499174237251281738e-02
-3.329746425151824951e-02
1.063010767102241516e-01
2.521745860576629639e-01
3.359369337558746338e-01
3.757104575634002686e-01
3.390664458274841309e-01
3.445909917354583740e-01
2.626808285713195801e-01
1.804034113883972168e-01
1.410769522190093994e-01
1.615465134382247925e-01
1.209427118301391602e-01
1.303951144218444824e-01
2.161852121353149414e-01
2.356648296117782593e-01
2.202408164739608765e-01
1.988292038440704346e-01
1.798445731401443481e-01
1.975997537374496460e-01
2.123531699180603027e-01
1.985258311033248901e-01
1.580976694822311401e-01
-4.131284356117248535e-02
-1.745565682649612427e-01
-2.415855824947357178e-01
-2.586701512336730957e-01
-2.397014945745468140e-01
-2.119989246129989624e-01
-1.774625480175018311e-01
-1.424950510263442993e-01
-1.277735680341720581e-01
-1.191833764314651489e-01
-1.193430498242378235e-01
-1.226162612438201904e-01
-1.255861073732376099e-01
-1.371301710605621338e-01
-1.497440189123153687e-01
-1.526499986648559570e-01
-1.241650506854057312e-01
-8.664285391569137573e-02
-7.559376209974288940e-02
-2.928977459669113159e-02
8.116918802261352539e-02
4.707773327827453613e-01
6.680961847305297852e-01
6.197963356971740723e-01
3.799416720867156982e-01
1.880515515804290771e-01
3.047430329024791718e-02
-9.615912288427352905e-02
-1.582703441381454468e-01
-1.658705770969390869e-01
-1.457682549953460693e-01
-1.058989241719245911e-01
-6.716324388980865479e-02
-1.820875145494937897e-02
1.231994666159152985e-02
2.932468615472316742e-02
1.180900633335113525e-02
-2.074748650193214417e-02
-3.772029280662536621e-02
-3.792786225676536560e-02
-2.893850393593311310e-02
2.452406799420714378e-03
5.220524221658706665e-02
9.311242401599884033e-02
1.550639569759368896e-01
2.416364401578903198e-01
2.518233358860015869e-01
2.089202851057052612e-01
2.187079936265945435e-01
2.287032604217529297e-01
4.050097167491912842e-01
5.408241152763366699e-01
5.015136003494262695e-01
3.927151858806610107e-01
3.368789851665496826e-01
2.772426307201385498e-01
2.119060903787612915e-01
1.850178390741348267e-01
1.295807957649230957e-01
1.036186367273330688e-01
9.922774136066436768e-02
1.139811500906944275e-01
1.659853160381317139e-01
2.249510437250137329e-01
2.325512766838073730e-01
2.668322026729583740e-01
3.067813813686370850e-01
3.029173910617828369e-01
2.565814554691314697e-01
2.243602722883224487e-01
2.770829498767852783e-01
4.797347486019134521e-01
5.552581548690795898e-01
4.500043988227844238e-01
4.085224270820617676e-01
3.339570462703704834e-01
2.574756145477294922e-01
2.089202851057052612e-01
1.516949385404586792e-01
1.877960860729217529e-01
2.428179979324340820e-01
3.204809725284576416e-01
4.547944664955139160e-01
4.586744308471679688e-01
5.057607889175415039e-01
5.056490302085876465e-01
6.880068778991699219e-01
1.213621020317077637e+00
1.167524576187133789e+00
9.083340167999267578e-01
6.713215112686157227e-01
4.599038660526275635e-01
2.959877550601959229e-01
2.548091411590576172e-01
2.958281040191650391e-01
3.628411293029785156e-01
4.227648973464965820e-01
4.436176419258117676e-01
4.099913835525512695e-01
5.381256937980651855e-01
5.280984640121459961e-01
3.627133965492248535e-01
3.000593185424804688e-01
2.926027774810791016e-01
2.984466552734375000e-01
2.805956900119781494e-01
2.105648666620254517e-01
3.793189823627471924e-01
5.380777716636657715e-01
7.537904977798461914e-01
7.643924951553344727e-01
8.122771978378295898e-01
7.762559056282043457e-01
7.157254219055175781e-01
5.646147727966308594e-01
4.604786932468414307e-01
5.129139423370361328e-01
4.584988057613372803e-01
4.386359751224517822e-01
4.690369367599487305e-01
6.348211765289306641e-01
6.406810283660888672e-01
7.243954539299011230e-01
7.562174797058105469e-01
7.389413118362426758e-01
6.471635699272155762e-01
4.255111813545227051e-01
7.816686630249023438e-01
8.648242354393005371e-01
6.036537885665893555e-01
3.607175350189208984e-01
2.106766402721405029e-01
7.990780472755432129e-02
2.053234493359923363e-03
-5.967476963996887207e-02
-6.729097664356231689e-02
-4.843407869338989258e-02
-2.183323539793491364e-02
2.947380533441901207e-03
-6.872258149087429047e-03
-2.769308537244796753e-02
-3.663454577326774597e-02
-3.334536403417587280e-02
1.089889276772737503e-02
1.644844263792037964e-01
3.447985649108886719e-01
3.367831707000732422e-01
4.172882437705993652e-01
4.192521572113037109e-01
3.856258988380432129e-01
3.368310630321502686e-01
2.452768981456756592e-01
1.548563838005065918e-01
1.235772520303726196e-01
9.641756862401962280e-02
7.950863242149353027e-02
1.162165179848670959e-01
1.222041025757789612e-01
9.371916204690933228e-02
8.835428953170776367e-02
6.244002282619476318e-02
7.487823069095611572e-02
8.832235634326934814e-02
6.844357401132583618e-02
6.446781754493713379e-02
8.265410363674163818e-02
