-6.089846801757812500e+01
-3.055780410766601562e+01
-1.141709327697753906e+01
-1.570541977882385254e+00
1.628967761993408203e+00
3.025224685668945312e+00
2.812912940979003906e+00
2.087824344635009766e+00
1.609120965003967285e+00
1.091586112976074219e+00
6.726148128509521484e-01
-3.705182075500488281e-01
-9.144144654273986816e-01
-6.860559582710266113e-01
-4.619127213954925537e-01
1.604767292737960815e-01
-3.329800665378570557e-01
-3.013815879821777344e-01
-3.597246110439300537e-01
-2.193958731368184090e-03
-5.463616251945495605e-01
-2.525708079338073730e-01
-4.835957586765289307e-01
-7.310027480125427246e-01
-6.186916232109069824e-01
-5.511197447776794434e-01
-8.378478139638900757e-02
-1.891129463911056519e-02
-2.930468618869781494e-01
-7.261168956756591797e-01
-1.266516327857971191e+00
-1.192350149154663086e+00
-4.746862351894378662e-01
3.795105814933776855e-01
5.244474485516548157e-02
-1.695110350847244263e-01
-2.453537732362747192e-01
-4.971356689929962158e-01
-7.204167246818542480e-01
-9.239626526832580566e-01
-4.429440498352050781e-01
-6.758690476417541504e-01
-1.544861793518066406e-01
-7.584658265113830566e-01
-4.222030639648437500e-01
-1.132378458976745605e+00
-8.917734026908874512e-01
-4.602042436599731445e-01
-7.894735336303710938e-01
-9.221743345260620117e-01
-4.825898408889770508e-01
-2.449705600738525391e-01
-1.430858224630355835e-01
1.345784366130828857e-01
-3.017488121986389160e-01
1.124004274606704712e-01
-5.361108779907226562e-01
-7.954930067062377930e-01
-1.051809549331665039e+00
-9.770046472549438477e-01
-8.521754741668701172e-01
-5.622646212577819824e-01
-8.724853992462158203e-01
-5.382983088493347168e-01
-5.104520916938781738e-01
5.827266350388526917e-02
-1.947013661265373230e-02
-8.691003918647766113e-01
-1.342359066009521484e+00
-8.933860659599304199e-01
-5.165354609489440918e-01
-1.882561594247817993e-01
1.591514796018600464e-01
4.312592744827270508e-01
-1.355020880699157715e+00
-1.842282533645629883e+00
-1.530321359634399414e+00
-4.396069645881652832e-01
2.476559579372406006e-01
5.726780295372009277e-01
5.130736231803894043e-01
7.126917243003845215e-01
-2.590479329228401184e-02
-7.574598789215087891e-01
-7.955089807510375977e-01
-7.130240201950073242e-01
-1.137386709451675415e-01
-5.628978833556175232e-02
-7.170796394348144531e-01
-1.723712325096130371e+00
-1.133416295051574707e+00
3.531227260828018188e-02
-3.811202347278594971e-01
-9.970590472221374512e-01
-2.106257826089859009e-01
-1.164599657058715820e+00
-3.067943453788757324e-01
-9.269484281539916992e-01
-4.148901998996734619e-01
-1.179017782211303711e+00
-1.924320340156555176e+00
-2.055025339126586914e+00
-1.556506991386413574e+00
-1.438431859016418457e+00
-1.324827432632446289e+00
-9.932270050048828125e-01
-8.794309496879577637e-01
-3.873153924942016602e-01
-1.956169009208679199e-01
-1.035837233066558838e-01
4.123598709702491760e-02
-3.083271682262420654e-01
-5.623444914817810059e-01
-2.702940404415130615e-01
-3.098599910736083984e-01
-5.145395994186401367e-01
-4.980298280715942383e-01
-1.882082670927047729e-01
3.209759593009948730e-01
7.131761312484741211e-02
-3.758990764617919922e-01
-4.946767687797546387e-01
-6.362552046775817871e-01
-6.173344254493713379e-01
-1.293223500251770020e-01
-1.439480334520339966e-01
-6.066366434097290039e-01
-7.496840357780456543e-01
-8.325681686401367188e-01
-8.807243108749389648e-01
-6.603971719741821289e-01
-7.222848534584045410e-01
-1.734708249568939209e-01
2.921876311302185059e-01
-2.244211733341217041e-01
-9.938443452119827271e-02
-2.193756401538848877e-01
1.332212537527084351e-01
2.116027176380157471e-01
-2.606819868087768555e-01
-3.447476625442504883e-01
-5.534828305244445801e-01
-9.945682287216186523e-01
-5.630629658699035645e-01
-5.314325690269470215e-01
-4.704230725765228271e-01
-1.705808192491531372e-01
1.612112075090408325e-01
-1.524104923009872437e-01
-1.718687079846858978e-02
-8.643528074026107788e-02
-3.115524947643280029e-01
-6.582202762365341187e-02
-6.196975708007812500e-01
-3.272639214992523193e-01
5.659613758325576782e-02
2.254779487848281860e-01
-2.566529065370559692e-02
-4.175726473331451416e-01
-3.278387188911437988e-01
-2.400048524141311646e-01
-3.398777544498443604e-01
-2.098753303289413452e-01
-3.020202517509460449e-01
-4.047352671623229980e-01
-1.905499771237373352e-02
-4.252527356147766113e-01
-3.112491071224212646e-01
-1.395890712738037109e-01
1.748788654804229736e-01
3.712078034877777100e-01
3.509138822555541992e-01
5.285455584526062012e-01
-1.223288550972938538e-01
-2.375459522008895874e-01
-1.390940994024276733e-01
1.386659592390060425e-01
1.716216206550598145e-01
-4.265406355261802673e-02
5.587762966752052307e-02
9.648143500089645386e-02
4.856105744838714600e-01
3.845241665840148926e-01
2.681894004344940186e-01
1.293891966342926025e-01
3.858494460582733154e-01
6.664037108421325684e-01
4.388649389147758484e-02
-1.516440808773040771e-01
-4.356631338596343994e-01
-1.252827346324920654e-01
-2.466470897197723389e-01
-2.674998342990875244e-01
-5.107554197311401367e-01
-2.594206035137176514e-01
-3.192431107163429260e-02
-9.864995628595352173e-02
7.669845968484878540e-02
1.728565059602260590e-02
-4.907275363802909851e-02
2.014797180891036987e-01
5.761747956275939941e-01
8.544830977916717529e-02
-3.007908165454864502e-01
-2.570415437221527100e-01
7.227562367916107178e-02
4.557898268103599548e-02
-3.046228587627410889e-01
-3.098440170288085938e-01
-2.009019404649734497e-01
8.875346183776855469e-02
1.268824040889739990e-01
-1.122058480978012085e-01
1.564051806926727295e-01
-1.881763339042663574e-01
1.384104937314987183e-01
-2.771278619766235352e-01
-7.780731320381164551e-01
-9.443683028221130371e-01
-4.809452593326568604e-01
-2.012532055377960205e-01
-2.398771196603775024e-01
-3.765537142753601074e-01
-4.554141759872436523e-01
-1.502389907836914062e-01
-5.684118866920471191e-01
-9.291359186172485352e-01
-8.515847325325012207e-01
-2.693040966987609863e-01
1.378356814384460449e-01
4.075803756713867188e-01
4.345005452632904053e-01
1.471443772315979004e-01
-4.274082481861114502e-01
-4.428961575031280518e-01
-1.682177186012268066e-01
3.250751411542296410e-03
1.019421145319938660e-01
1.610196083784103394e-01
2.122893035411834717e-01
1.650592237710952759e-01
9.571502357721328735e-02
-1.681538373231887817e-01
-2.440125495195388794e-01
-3.785814940929412842e-01
-1.554920971393585205e-01
-1.334577947854995728e-01
-1.244524493813514709e-01
9.529988467693328857e-02
9.014257788658142090e-02
-5.574691668152809143e-02
-1.923277229070663452e-01
-3.504159152507781982e-01
-1.434530615806579590e-01
-2.183697223663330078e-01
-3.771764039993286133e-01
-7.463575154542922974e-02
1.511415280401706696e-02
1.124642938375473022e-01
-1.878569871187210083e-01
1.068120151758193970e-01
2.216937988996505737e-01
5.416917055845260620e-02
8.950931951403617859e-03
1.735695898532867432e-01
6.323836743831634521e-02
-5.569901317358016968e-02
1.526327221654355526e-03
3.116087988018989563e-02
-3.513419926166534424e-01
-4.545839130878448486e-01
-4.873000681400299072e-01
-3.395424485206604004e-01
5.083208903670310974e-02
-1.116789355874061584e-01
-1.579190641641616821e-01
-2.595269493758678436e-02
-2.675637006759643555e-01
-3.946761190891265869e-01
-2.802573740482330322e-01
-1.981077343225479126e-01
-1.163572371006011963e-01
2.767795920372009277e-01
4.850996434688568115e-01
-3.535719215869903564e-02
-1.604737639427185059e-01
2.952532768249511719e-01
2.690037190914154053e-01
1.598220914602279663e-01
3.256063461303710938e-01
4.130889475345611572e-01
-3.678879700601100922e-03
-4.278233945369720459e-01
-7.260849475860595703e-01
-9.767811298370361328e-01
-6.637980937957763672e-01
-2.174755781888961792e-01
-1.646091938018798828e-01
-1.604098975658416748e-01
-1.624217331409454346e-01
7.050871849060058594e-03
-5.930211395025253296e-03
-1.474447846412658691e-01
-2.506547868251800537e-01
-1.140739694237709045e-01
-1.178261935710906982e-01
-2.256346493959426880e-01
-3.134046494960784912e-01
-1.355175226926803589e-01
5.983741953969001770e-02
4.307218268513679504e-02
1.323430687189102173e-01
1.216771900653839111e-01
-2.224837616086006165e-02
1.622490584850311279e-01
3.539156615734100342e-01
2.604933381080627441e-01
4.052332341670989990e-01
-1.322708092629909515e-02
-1.092200353741645813e-01
-4.707583785057067871e-01
-7.858011126518249512e-01
-5.419547557830810547e-01
-4.592622220516204834e-01
-2.275666445493698120e-01
-1.138504371047019958e-01
-1.270550489425659180e-01
-5.292450785636901855e-01
-3.603153824806213379e-01
-1.319089978933334351e-01
-1.822526156902313232e-01
2.308907210826873779e-01
9.255357831716537476e-02
1.418752968311309814e-01
2.381237298250198364e-01
3.051367998123168945e-01
5.148673430085182190e-02
9.812602400779724121e-02
2.230030745267868042e-01
-9.734066575765609741e-02
-1.962875127792358398e-01
-2.446831613779067993e-01
1.881473511457443237e-01
-7.145833969116210938e-02
1.493851654231548309e-02
-3.491385579109191895e-01
-3.451628088951110840e-01
-5.986052751541137695e-01
-5.765709877014160156e-01
-4.774325191974639893e-01
-4.462491869926452637e-01
-2.839137911796569824e-01
-1.332023143768310547e-01
1.550479829311370850e-01
-1.956967264413833618e-01
1.698227971792221069e-02
-3.060918152332305908e-01
-2.686973512172698975e-01
-3.794382885098457336e-02
-1.034400239586830139e-01
-2.604424953460693359e-01
-1.549332588911056519e-01
-1.575997322797775269e-01
-9.456243366003036499e-02
5.281198397278785706e-02
-1.697930134832859039e-02
-2.173743396997451782e-02
-2.265767008066177368e-01
-6.032196879386901855e-01
-1.457203626632690430e-01
-2.420166879892349243e-01
-1.246919557452201843e-01
4.605744779109954834e-01
9.688060730695724487e-02
-2.058357149362564087e-01
-3.086784482002258301e-01
-5.789660215377807617e-01
-9.237550497055053711e-01
-6.307147145271301270e-01
-7.211351990699768066e-01
-8.495035767555236816e-02
-1.393814980983734131e-01
-5.148589015007019043e-01
-3.682988286018371582e-01
-5.462817549705505371e-01
-2.788842320442199707e-01
-1.867872029542922974e-01
-3.495377302169799805e-01
-9.590364992618560791e-02
-7.126673310995101929e-02
-7.438027858734130859e-02
-6.799352169036865234e-02
-2.777505815029144287e-01
-2.033448815345764160e-01
-9.611121565103530884e-02
-2.055588550865650177e-02
-7.554586231708526611e-02
1.397357434034347534e-01
2.815057933330535889e-01
5.748974084854125977e-01
3.896655142307281494e-01
2.030923664569854736e-01
1.417316049337387085e-01
3.670085072517395020e-01
-1.982674002647399902e-01
-5.203994512557983398e-01
-5.717170238494873047e-01
-4.593739807605743408e-01
-3.367482423782348633e-01
-5.499105434864759445e-03
5.442888736724853516e-01
1.832934170961380005e-01
4.902729094028472900e-01
4.563911557197570801e-01
2.878127098083496094e-01
-3.796353042125701904e-01
-3.624868690967559814e-01
1.177333667874336243e-01
9.603436291217803955e-02
-2.587340176105499268e-01
-1.266399174928665161e-01
-4.278233945369720459e-01
-6.135821938514709473e-01
-4.328689277172088623e-01
-4.615081474184989929e-02
3.706649243831634521e-01
5.055212974548339844e-01
6.805822849273681641e-01
3.439682722091674805e-01
1.122247949242591858e-01
-5.964283645153045654e-02
-1.962236464023590088e-01
4.926733672618865967e-02
-5.483680218458175659e-02
-2.751160264015197754e-01
-1.343359649181365967e-01
1.745116263628005981e-01
3.300770819187164307e-01
3.075477778911590576e-01
2.689398527145385742e-01
4.268364310264587402e-01
3.383319675922393799e-01
-1.167829241603612900e-02
2.070256508886814117e-02
6.114670261740684509e-02
2.669439911842346191e-01
1.179090067744255066e-01
1.410929262638092041e-01
-1.296895891427993774e-01
1.508167684078216553e-01
-5.898819491267204285e-02
3.848115801811218262e-01
2.931935489177703857e-01
5.202906727790832520e-01
2.694188654422760010e-01
1.826707124710083008e-01
2.385229021310806274e-01
3.578914105892181396e-01
5.191783979535102844e-02
1.497150510549545288e-01
2.944230139255523682e-01
2.850185036659240723e-01
2.276229485869407654e-02
2.444945126771926880e-01
2.431373298168182373e-01
-1.171022653579711914e-02
3.248239755630493164e-01
3.559274673461914062e-01
1.145773474127054214e-02
-4.249439388513565063e-02
-2.769522368907928467e-01
-2.291473746299743652e-01
-3.853674232959747314e-01
-1.093318089842796326e-01
5.116739496588706970e-02
-9.279010444879531860e-02
-1.755624860525131226e-01
1.301236748695373535e-01
-2.601656131446361542e-02
-5.090789198875427246e-01
-1.698463410139083862e-01
-4.868689775466918945e-01
-1.163093373179435730e-01
-6.543882191181182861e-02
-1.790911704301834106e-01
-2.018120586872100830e-01
-1.198060885071754456e-01
-3.527151346206665039e-01
-3.546896204352378845e-02
3.821929991245269775e-01
-4.780595190823078156e-03
-6.151096150279045105e-02
-2.732638716697692871e-01
6.689478456974029541e-02
-1.442354470491409302e-01
-2.437411099672317505e-01
-6.096808984875679016e-02
-2.315743416547775269e-01
-2.176936902105808258e-02
1.740485876798629761e-01
2.755820751190185547e-01
7.748348712921142578e-01
3.203372657299041748e-01
2.473366260528564453e-01
5.865586921572685242e-02
-1.865636706352233887e-01
-1.012844890356063843e-01
-5.673686414957046509e-02
-1.380562484264373779e-01
-3.201426863670349121e-01
-4.049747884273529053e-01
-1.567854136228561401e-01
-1.739019304513931274e-01
8.693323284387588501e-02
-9.148082137107849121e-02
-1.138983368873596191e-01
-3.783206269145011902e-02
-1.046854406595230103e-01
-6.029747799038887024e-02
1.546647846698760986e-01
5.860796570777893066e-02
1.176056340336799622e-01
1.117298156023025513e-01
-3.473448380827903748e-02
-1.537676751613616943e-01
-3.096629865467548370e-02
7.021589577198028564e-02
-1.342296600341796875e-04
5.838442966341972351e-02
1.941988021135330200e-01
1.889456957578659058e-01
-7.369370013475418091e-02
-1.747960746288299561e-01
2.274259179830551147e-01
9.740751236677169800e-02
2.062538117170333862e-01
1.020698472857475281e-01
1.930491924285888672e-01
-2.949734404683113098e-02
-1.101940199732780457e-01
-1.905074864625930786e-01
-8.383268117904663086e-02
5.913487449288368225e-02
-8.922948688268661499e-02
-5.536371096968650818e-02
-4.747606441378593445e-02
-2.078635096549987793e-01
-3.596128225326538086e-01
-3.708535134792327881e-01
-3.661857917904853821e-02
1.276701968163251877e-02
2.994046807289123535e-01
3.248239755630493164e-01
9.718398004770278931e-02
1.872532069683074951e-01
3.526383042335510254e-01
3.898571133613586426e-01
2.745442390441894531e-01
1.439509987831115723e-01
4.248405694961547852e-01
3.066855669021606445e-01
4.238825738430023193e-01
3.672001063823699951e-01
6.524965167045593262e-01
4.306685030460357666e-01
5.037809014320373535e-01
2.458357363939285278e-01
2.308163233101367950e-02
4.168306291103363037e-02
6.735782325267791748e-02
2.215500921010971069e-01
1.654424369335174561e-01
3.102621734142303467e-01
4.531818032264709473e-01
1.425139755010604858e-01
1.229545399546623230e-01
5.041481256484985352e-01
4.467311799526214600e-01
3.402000963687896729e-01
3.553366959095001221e-01
2.795418500900268555e-01
3.450699746608734131e-01
2.083614468574523926e-01
2.946625053882598877e-01
3.173195421695709229e-01
2.211988270282745361e-01
6.844357401132583618e-02
1.854808777570724487e-01
2.253342419862747192e-01
5.340275913476943970e-02
-1.461195349693298340e-01
-2.764253318309783936e-01
-1.222330555319786072e-01
-1.453052163124084473e-01
-2.539385296404361725e-02
2.612075768411159515e-03
1.041934415698051453e-01
-7.798337843269109726e-03
4.234355092048645020e-01
4.952865242958068848e-01
2.140935510396957397e-01
1.856884509325027466e-01
7.069490104913711548e-02
1.940924674272537231e-02
1.911171972751617432e-01
1.896801739931106567e-01
2.062218785285949707e-01
-1.923063211143016815e-02
-2.840734720230102539e-01
-4.996903836727142334e-01
-3.527949750423431396e-01
-1.852543801069259644e-01
-1.721934676170349121e-01
-4.551213607192039490e-02
3.680303692817687988e-01
8.876942843198776245e-02
1.237528845667839050e-01
1.549735758453607559e-02
-1.251709610223770142e-01
-3.628327324986457825e-02
-3.610763698816299438e-02
4.811771959066390991e-02
-9.758017212152481079e-02
1.272656023502349854e-01
-6.323538720607757568e-02
-2.085500806570053101e-01
-2.801456153392791748e-01
-1.660941094160079956e-01
2.062273025512695312e-02
1.417794972658157349e-01
4.416334908455610275e-03
1.411887258291244507e-01
2.997932955622673035e-02
-1.651201397180557251e-01
-1.144412085413932800e-01
-3.733443617820739746e-01
-1.210994049906730652e-01
1.975837945938110352e-01
-1.351502835750579834e-01
-6.277234852313995361e-02
-1.678664386272430420e-01
9.238336235284805298e-03
9.898823499679565430e-02
1.650432646274566650e-01
4.856265485286712646e-01
5.833918452262878418e-01
3.697547912597656250e-01
1.925063133239746094e-01
3.064939677715301514e-01
2.882278561592102051e-01
1.322792023420333862e-01
1.228801254183053970e-02
-3.324531614780426025e-01
-1.371301710605621338e-01
1.167274564504623413e-01
3.209440112113952637e-01
1.184199452400207520e-01
1.171266287565231323e-01
4.847323894500732422e-01
7.152518630027770996e-02
-6.823302805423736572e-02
9.621541947126388550e-03
-8.942109346389770508e-02
3.684509173035621643e-02
-2.445180714130401611e-02
5.504735186696052551e-02
1.390012651681900024e-01
-9.716503322124481201e-02
-7.910106331110000610e-03
5.543055385351181030e-02
-1.121100410819053650e-01
-1.221372559666633606e-01
-6.034538149833679199e-02
7.973216474056243896e-02
2.092076838016510010e-01
-1.580308377742767334e-01
-2.834986448287963867e-01
-2.727209925651550293e-01
2.665821649134159088e-02
-1.350065767765045166e-01
-1.957606077194213867e-01
-3.792201876640319824e-01
-2.985235154628753662e-01
-4.651060998439788818e-01
-4.466164410114288330e-01
-8.252339065074920654e-02
-2.214832603931427002e-01
-1.259533464908599854e-01
-2.502076923847198486e-01
-2.713318765163421631e-01
-1.118226423859596252e-01
1.421946436166763306e-01
2.753745019435882568e-01
2.854815423488616943e-01
1.590194762684404850e-03
-4.016536474227905273e-01
-5.671664476394653320e-01
-5.985094904899597168e-01
-4.064756631851196289e-01
-4.925372004508972168e-01
-2.796187102794647217e-01
5.792139098048210144e-02
1.602691560983657837e-01
4.565453564282506704e-04
6.010885536670684814e-02
-1.463216729462146759e-02
-1.503028571605682373e-01
-2.572810351848602295e-01
-1.818853765726089478e-01
-2.948830425739288330e-01
-1.492171138525009155e-01
6.742168962955474854e-02
-8.902192115783691406e-02
-1.909864991903305054e-01
-9.138502180576324463e-02
-3.569623231887817383e-01
-1.574560254812240601e-01
-1.634436100721359253e-01
-2.059315145015716553e-01
-3.998813331127166748e-01
-3.106902837753295898e-01
-2.059953808784484863e-01
8.247847110033035278e-02
1.390066836029291153e-02
-1.890066117048263550e-01
-2.090290933847427368e-01
-3.016689717769622803e-01
-2.628694474697113037e-01
-3.931912183761596680e-01
3.567950800061225891e-02
-1.796500086784362793e-01
-1.735506504774093628e-01
-2.233354300260543823e-01
-5.179767496883869171e-03
-1.072561070322990417e-01
1.201657578349113464e-02
-1.759297251701354980e-01
-2.630131244659423828e-01
-3.192485272884368896e-01
-1.319409310817718506e-01
-1.966707110404968262e-01
-4.032663106918334961e-01
-2.198546379804611206e-01
-2.962082922458648682e-01
-3.231444656848907471e-01
-2.958729863166809082e-01
-4.600605666637420654e-01
-3.905247449874877930e-01
-4.192651510238647461e-01
-2.849995493888854980e-01
-6.031344458460807800e-02
-8.456715196371078491e-02
-1.535441428422927856e-01
-2.934939265251159668e-01
-2.350551187992095947e-01
-4.010469317436218262e-01
-3.507831394672393799e-01
-2.632047235965728760e-01
-4.431196749210357666e-01
-5.441741347312927246e-01
2.515732869505882263e-02
-1.139143034815788269e-01
-9.005976468324661255e-02
-3.178594112396240234e-01
-3.996897339820861816e-01
-1.187203377485275269e-01
-1.114234700798988342e-01
-1.960000991821289062e-01
-4.935111999511718750e-01
-3.743343055248260498e-01
-3.331397175788879395e-01
-3.047984838485717773e-01
-3.705501556396484375e-01
-1.613679081201553345e-01
2.136145532131195068e-01
1.035547703504562378e-01
-3.225961700081825256e-02
5.095982551574707031e-02
-6.323538720607757568e-02
-3.418736159801483154e-01
-4.329273849725723267e-02
-2.572650611400604248e-01
-1.809698343276977539e-02
6.683633662760257721e-03
-4.118511080741882324e-02
2.628245353698730469e-01
1.363028585910797119e-01
9.434187412261962891e-02
7.095037400722503662e-02
2.365643903613090515e-02
5.410530418157577515e-02
1.143803223967552185e-01
1.437114924192428589e-01
-1.562904417514801025e-01
1.258764863014221191e-01
-5.225016549229621887e-02
-2.604849636554718018e-02
-2.900237031280994415e-02
9.238336235284805298e-03
1.287664920091629028e-01
-1.589888483285903931e-01
-1.351662427186965942e-01
-1.927747875452041626e-01
-3.165022134780883789e-01
-2.562910914421081543e-01
8.543234318494796753e-02
2.533082365989685059e-01
-2.274708449840545654e-01
-2.971982657909393311e-01
-4.161196649074554443e-01
-2.630929648876190186e-01
-4.415229856967926025e-01
-3.604431152343750000e-01
-3.743662536144256592e-01
-2.395418137311935425e-01
1.034430041909217834e-01
-6.112775951623916626e-02
-1.469977051019668579e-01
-1.258894801139831543e-01
6.253582239151000977e-02
2.996601462364196777e-01
1.077061593532562256e-01
-3.811946511268615723e-02
-1.297694295644760132e-01
-1.018273681402206421e-01
-2.046222239732742310e-01
-3.751272335648536682e-02
-2.373703271150588989e-01
-1.827156543731689453e-01
-2.994495928287506104e-01
-2.288440018892288208e-01
-1.674193739891052246e-01
-6.339505314826965332e-02
-9.272623807191848755e-02
-5.613012239336967468e-02
1.230397913604974747e-02
1.709031164646148682e-01
3.569547832012176514e-02
-2.164217531681060791e-01
-3.087263405323028564e-01
-1.776222139596939087e-01
-1.826358139514923096e-01
-1.704850047826766968e-01
-1.466304808855056763e-01
-4.344656169414520264e-01
-2.452899068593978882e-01
-1.970539242029190063e-01
-4.482556134462356567e-02
-8.220405876636505127e-02
-7.885100692510604858e-02
-1.823803484439849854e-01
-1.481313556432723999e-01
5.452044308185577393e-02
-3.774681128561496735e-03
-2.634761631488800049e-01
-8.183681964874267578e-02
2.145300805568695068e-02
-1.392058730125427246e-01
5.917222704738378525e-03
-2.277103513479232788e-01
-1.398285776376724243e-01
-2.042390257120132446e-01
-3.182745575904846191e-01
-3.968316614627838135e-01
-8.953285962343215942e-02
-9.207159280776977539e-02
1.808824241161346436e-01
7.257899641990661621e-02
1.887221634387969971e-01
1.310816854238510132e-01
-1.728267222642898560e-02
-6.310765445232391357e-02
1.771461665630340576e-01
1.420190036296844482e-01
2.295654714107513428e-01
1.262117922306060791e-01
-1.344477385282516479e-01
-1.237978115677833557e-01
-9.737260639667510986e-02
-6.036134809255599976e-02
2.217416912317276001e-01
6.372481584548950195e-01
3.787282109260559082e-01
9.967481344938278198e-02
1.377877742052078247e-01
4.013427346944808960e-02
-3.904554620385169983e-02
2.924485132098197937e-02
3.425152897834777832e-01
2.056151330471038818e-01
2.653792202472686768e-01
4.644119367003440857e-02
3.117311298847198486e-01
1.102448999881744385e-01
6.981672346591949463e-02
2.591840624809265137e-01
3.649168312549591064e-01
3.069889545440673828e-01
8.407516032457351685e-02
3.562627732753753662e-01
1.597262918949127197e-01
2.672208286821842194e-02
1.304110884666442871e-01
-9.953868575394153595e-03
7.506982982158660889e-02
-7.069192826747894287e-02
8.583151549100875854e-02
1.211023852229118347e-01
2.324235439300537109e-01
2.286713272333145142e-01
2.414129078388214111e-01
-3.915731236338615417e-02
-9.944830089807510376e-02
2.584390342235565186e-02
2.741131186485290527e-01
1.191703900694847107e-01
7.324960827827453613e-02
1.944542825222015381e-01
-2.003271281719207764e-01
9.014257788658142090e-02
1.189628168940544128e-01
6.268494296818971634e-03
-8.485455811023712158e-02
-3.125370293855667114e-02
1.559900343418121338e-01
3.289274573326110840e-01
4.029180407524108887e-01
-1.298757735639810562e-02
-7.626437395811080933e-02
-4.589534178376197815e-02
-2.628799900412559509e-02
1.602372229099273682e-01
-2.998327910900115967e-01
-5.599813461303710938e-01
-3.796832263469696045e-01
-2.702780663967132568e-01
-1.801290065050125122e-01
-1.763448566198348999e-01
-1.754507124423980713e-01
-3.099877238273620605e-01
-4.952835142612457275e-01
-3.953467309474945068e-01
-5.265945792198181152e-01
-4.644354879856109619e-01
-2.391266822814941406e-01
4.561091586947441101e-02
-1.209237724542617798e-01
-4.379783272743225098e-01
-1.465027332305908203e-01
-2.420645952224731445e-01
-1.486582756042480469e-01
-1.211313381791114807e-01
-2.614429779350757599e-02
-8.693025261163711548e-02
-1.684093177318572998e-01
-1.837215572595596313e-01
1.352490484714508057e-01
3.253403306007385254e-02
3.053762912750244141e-01
1.975518614053726196e-01
5.301955342292785645e-02
2.291982322931289673e-01
8.880136162042617798e-02
1.840119361877441406e-01
1.729628443717956543e-01
2.376926243305206299e-01
2.688759863376617432e-01
1.501461565494537354e-01
2.456655353307723999e-02
-2.586861252784729004e-01
-4.891308397054672241e-02
-4.044319093227386475e-01
-3.545193970203399658e-01
-2.765370905399322510e-01
-2.445873618125915527e-01
-2.129409760236740112e-01
-1.391100734472274780e-01
-2.012477815151214600e-02
-2.625606581568717957e-02
2.411947958171367645e-02
-1.193909496068954468e-01
-4.516086727380752563e-02
-5.747133865952491760e-02
-3.240066766738891602e-01
1.181325390934944153e-01
2.413011342287063599e-01
1.502259820699691772e-01
8.506510406732559204e-02
-1.177463605999946594e-01
-2.247884124517440796e-01
-1.507180035114288330e-01
-1.311425864696502686e-01
-6.441693753004074097e-02
-3.241344094276428223e-01
-3.086465001106262207e-01
-1.198539882898330688e-01
-4.650208353996276855e-02
-8.707395941019058228e-02
-2.070651650428771973e-01
-2.630290985107421875e-01
-2.848558425903320312e-01
-2.071609646081924438e-01
-2.583029270172119141e-01
-2.924081981182098389e-01
-2.237505614757537842e-01
-1.457043886184692383e-01
-3.140752613544464111e-01
-4.065820202231407166e-02
1.218049302697181702e-01
1.768482290208339691e-02
6.228035315871238708e-02
-3.374453634023666382e-02
-1.439266465604305267e-02
-5.193082615733146667e-02
-1.018752679228782654e-01
1.016441639512777328e-02
7.463872432708740234e-02
2.217097580432891846e-01
9.033418446779251099e-02
3.259416520595550537e-01
-5.378298833966255188e-02
-4.716727416962385178e-03
-6.281482987105846405e-03
-1.484985947608947754e-01
-2.052395045757293701e-02
-2.039196789264678955e-01
1.101490929722785950e-01
-1.165169104933738708e-01
-7.006921619176864624e-02
-7.077176123857498169e-02
-9.393972158432006836e-02
-3.674525916576385498e-01
-1.329094823449850082e-02
1.107558384537696838e-01
1.497629433870315552e-01
-9.574397653341293335e-02
-2.173743396997451782e-02
2.708558738231658936e-01
4.360493421554565430e-01
2.133910059928894043e-01
1.621851921081542969e-01
2.680137753486633301e-01
3.099907338619232178e-01
4.140309989452362061e-01
3.900966346263885498e-01
4.645716026425361633e-02
-2.320054471492767334e-01
-1.915293782949447632e-01
-2.357736378908157349e-01
5.570199340581893921e-02
-1.041904687881469727e-01
-3.673248291015625000e-01
-7.771735638380050659e-02
2.051361352205276489e-01
-1.556198298931121826e-01
-1.465027332305908203e-01
-2.251875847578048706e-01
-1.869628429412841797e-01
-2.024986296892166138e-01
-2.068416178226470947e-01
-1.394134312868118286e-01
-1.917369514703750610e-01
2.764816209673881531e-02
1.151627004146575928e-01
-1.220095157623291016e-01
-2.025944292545318604e-01
-4.095253348350524902e-01
-4.728021323680877686e-01
-3.814555406570434570e-01
-2.282691895961761475e-01
-2.979966104030609131e-01
-4.792313650250434875e-02
2.012881040573120117e-01
-5.327204614877700806e-02
-1.389025002717971802e-01
-2.737907767295837402e-01
-9.532883763313293457e-02
-2.637795507907867432e-01
1.378197073936462402e-01
1.607321947813034058e-01
-1.814862042665481567e-01
-1.170438155531883240e-01
1.112188771367073059e-01
-1.910184323787689209e-01
-4.696566462516784668e-01
-3.640516400337219238e-01
-4.901421666145324707e-01
-1.778936535120010376e-01
-5.159552395343780518e-02
-1.209078058600425720e-01
-2.694264240562915802e-02
-6.137780845165252686e-03
-1.389025002717971802e-01
-2.917375862598419189e-01
-2.589735388755798340e-01
-3.806093037128448486e-01
-3.546790778636932373e-01
-1.829870939254760742e-01
-3.362053632736206055e-01
3.882498666644096375e-02
4.118808731436729431e-02
2.611534111201763153e-02
-2.402069978415966034e-02
-8.614787459373474121e-02
1.056358870118856430e-02
-2.104980498552322388e-01
-2.208924889564514160e-01
-2.847440838813781738e-01
-4.283024072647094727e-01
-7.074036598205566406e-01
-5.185951590538024902e-01
-2.414418756961822510e-01
1.097872760146856308e-02
-1.280609667301177979e-01
-3.876506984233856201e-01
-4.488198459148406982e-01
-5.442060828208923340e-01
-1.844560354948043823e-01
-2.380249649286270142e-01
-1.311425864696502686e-01
-8.370494097471237183e-02
8.937616646289825439e-02
9.539568424224853516e-02
-2.160969935357570648e-02
1.463514566421508789e-02
-2.550562098622322083e-02
-4.179185256361961365e-02
-3.351196348667144775e-01
-1.390940994024276733e-01
-8.148554712533950806e-02
-3.889599740505218506e-01
-1.475086510181427002e-01
9.113252907991409302e-02
-3.612095117568969727e-01
-6.639897227287292480e-01
-4.624236524105072021e-01
-3.083591163158416748e-01
5.007109604775905609e-03
1.551437824964523315e-01
2.204004824161529541e-01
-1.365713328123092651e-01
-1.115831360220909119e-01
-1.161975711584091187e-01
-1.514045745134353638e-01
-3.593200072646141052e-02
-5.946720018982887268e-02
6.428163032978773117e-03
-9.714906662702560425e-02
-7.058015465736389160e-02
3.820227831602096558e-02
-2.983798086643218994e-01
-3.964484632015228271e-01
-3.106902837753295898e-01
-8.935721963644027710e-02
-2.642745077610015869e-01
-1.934453994035720825e-01
-1.457682549953460693e-01
1.224436014890670776e-01
1.922987550497055054e-01
9.969078004360198975e-02
1.679172962903976440e-01
-1.164370700716972351e-01
7.743293046951293945e-02
3.714951872825622559e-01
6.287112832069396973e-02
-8.515793085098266602e-02
7.831111550331115723e-02
8.891312777996063232e-02
9.715204685926437378e-02
2.560864686965942383e-01
2.786796391010284424e-01
2.766199111938476562e-01
-1.102578863501548767e-01
-2.408031970262527466e-01
-1.127008199691772461e-01
2.129918336868286133e-01
4.442243874073028564e-01
1.479586809873580933e-01
1.087759435176849365e-01
-1.588291823863983154e-01
-3.816790878772735596e-01
1.449569165706634521e-01
2.771627902984619141e-01
-1.602128706872463226e-02
-3.942610025405883789e-01
-3.476376533508300781e-01
-6.321942061185836792e-02
-1.659344434738159180e-01
-7.556182891130447388e-02
-2.243732661008834839e-01
-7.195331156253814697e-02
3.926777862943708897e-04
-1.998800635337829590e-01
-1.555080711841583252e-01
-2.247245460748672485e-01
-9.853818267583847046e-02
4.784628003835678101e-02
-9.785161167383193970e-02
-5.775874480605125427e-02
-1.702135801315307617e-01
9.636966884136199951e-02
3.812030553817749023e-01
3.459322154521942139e-01
2.354093641042709351e-01
3.293745219707489014e-01
8.670970052480697632e-02
1.640213876962661743e-01
-7.415132131427526474e-03
1.692425608634948730e-01
6.311062723398208618e-02
-1.614158153533935547e-01
2.312953211367130280e-02
6.809230148792266846e-02
1.567404717206954956e-01
-9.247076511383056641e-02
-4.111539721488952637e-01
-3.398617804050445557e-01
-3.119995594024658203e-01
-4.116914421319961548e-02
-1.048131734132766724e-01
-1.174215972423553467e-02
-1.939030177891254425e-02
-6.765821576118469238e-02
1.592632532119750977e-01
8.182382583618164062e-02
-2.321694046258926392e-03
1.878759115934371948e-01
3.109008371829986572e-01
3.213751316070556641e-01
1.457073539495468140e-01
1.415240317583084106e-01
7.403198629617691040e-02
2.745442390441894531e-01
9.945128113031387329e-02
1.245352625846862793e-01
-1.256819069385528564e-01
2.887387871742248535e-01
1.019740477204322815e-01
-3.253105282783508301e-02
1.348818093538284302e-01
-2.485097944736480713e-02
2.582100927829742432e-01
-5.847725272178649902e-02
2.694348096847534180e-01
-4.388351365923881531e-02
1.353448480367660522e-01
2.292737830430269241e-03
1.150828674435615540e-01
1.204850897192955017e-02
6.133830547332763672e-02
1.577463895082473755e-01
-6.513544917106628418e-02
-1.223448216915130615e-01
-3.151972312480211258e-03
2.724046707153320312e-01
6.268494296818971634e-03
2.108577080070972443e-02
-1.439161002635955811e-01
-4.702899232506752014e-02
1.292614638805389404e-01
1.322153359651565552e-01
-1.999704353511333466e-02
3.208801448345184326e-01
5.288808345794677734e-01
8.352695703506469727e-01
7.522895932197570801e-01
1.856245845556259155e-01
-2.713424339890480042e-02
4.127057492733001709e-01
6.210471689701080322e-02
-4.308516904711723328e-02
-6.353770494461059570e-01
-7.918206453323364258e-01
-7.199376821517944336e-01
-1.850627809762954712e-01
1.066204085946083069e-01
-2.005826085805892944e-01
-2.135636806488037109e-01
-4.998500347137451172e-01
-5.180682539939880371e-01
-4.593420326709747314e-01
-3.565631508827209473e-01
-3.757393956184387207e-01
-5.880990624427795410e-01
-4.315436780452728271e-01
-1.304719746112823486e-01
3.700476139783859253e-02
-1.856535524129867554e-01
-3.269605338573455811e-01
-3.523638546466827393e-01
2.524141073226928711e-01
-1.466410141438245773e-02
2.269842661917209625e-02
-4.055815041065216064e-01
-3.837867081165313721e-01
-6.405981779098510742e-01
-2.121426314115524292e-01
-2.923283576965332031e-01
-2.734874188899993896e-01
-4.456105232238769531e-01
-1.960639655590057373e-01
3.968186974525451660e-01
6.788472831249237061e-02
-2.231278568506240845e-01
-2.014128863811492920e-01
-3.358860313892364502e-01
-1.012950390577316284e-02
-1.666689217090606689e-01
-6.634893268346786499e-02
-4.524070024490356445e-02
2.913573682308197021e-01
1.005689576268196106e-01
1.458191275596618652e-01
-2.589735388755798340e-01
-2.970864772796630859e-01
-4.886572659015655518e-01
-3.553017675876617432e-01
-1.616393476724624634e-01
2.434566766023635864e-01
4.904006421566009521e-01
-1.017315611243247986e-01
-9.676586091518402100e-02
-2.652325332164764404e-01
2.878925502300262451e-01
2.150675356388092041e-01
4.286886155605316162e-01
3.498440980911254883e-01
1.793655604124069214e-01
-2.779102325439453125e-01
-3.664785921573638916e-01
-3.427358269691467285e-01
-4.657287895679473877e-01
-5.744473934173583984e-01
-4.549032449722290039e-01
-1.535920351743698120e-01
-1.501272171735763550e-01
-3.524756431579589844e-01
-5.433119535446166992e-01
-5.183237195014953613e-01
-6.676940321922302246e-01
-1.079586520791053772e-01
-1.601703912019729614e-01
-4.385052621364593506e-01
-5.670387148857116699e-01
-5.949807763099670410e-01
-3.907642364501953125e-01
-3.794437050819396973e-01
-2.817209251224994659e-02
-2.154583111405372620e-02
1.352650076150894165e-01
8.651809394359588623e-02
8.704499900341033936e-02
3.100546002388000488e-01
2.624732553958892822e-01
1.278723478317260742e-01
8.019520342350006104e-02
2.962591946125030518e-01
1.316405236721038818e-01
2.125926613807678223e-01
1.108516380190849304e-01
-7.367231883108615875e-03
2.305873483419418335e-01
1.454359143972396851e-01
2.435898408293724060e-02
2.092076838016510010e-01
3.222852349281311035e-01
2.060781717300415039e-01
7.567657530307769775e-02
4.117636978626251221e-01
1.344347298145294189e-01
2.304117232561111450e-01
1.037198584526777267e-02
1.753738373517990112e-01
1.627759635448455811e-01
-3.308989480137825012e-02
1.959391981363296509e-01
3.063397109508514404e-02
2.863810956478118896e-02
1.580338031053543091e-01
-8.097460120916366577e-02
1.631432026624679565e-01
1.971207559108734131e-01
9.300065040588378906e-02
-1.212590709328651428e-01
-7.251214981079101562e-02
1.004412248730659485e-01
-1.712514162063598633e-01
2.128800749778747559e-01
2.820646464824676514e-01
2.241102233529090881e-02
2.272343039512634277e-01
8.996001482009887695e-01
6.006520390510559082e-01
5.088743567466735840e-01
3.140143752098083496e-01
4.164579510688781738e-01
4.325206577777862549e-01
3.605419099330902100e-01
5.238033533096313477e-01
5.223343968391418457e-01
2.885950803756713867e-01
6.335013359785079956e-02
-7.040452212095260620e-02
-1.180656924843788147e-01
-1.509574949741363525e-01
-2.295091934502124786e-02
7.974813133478164673e-02
2.378842234611511230e-01
-1.047972068190574646e-01
2.344353795051574707e-01
1.335405856370925903e-01
-1.440757662057876587e-01
-1.848232746124267578e-01
-1.094595417380332947e-01
1.833572834730148315e-01
-5.826968327164649963e-02
-5.264933779835700989e-02
-1.386575680226087570e-02
3.190120160579681396e-01
2.584176361560821533e-01
-5.167535692453384399e-02
-1.979320943355560303e-01
-4.536099135875701904e-01
-4.659523367881774902e-01
-2.753395736217498779e-01
1.019421145319938660e-01
1.224276348948478699e-01
2.773224711418151855e-01
5.535337328910827637e-01
2.815057933330535889e-01
5.578926801681518555e-01
4.650611877441406250e-01
3.876057863235473633e-01
2.071000635623931885e-01
4.310676753520965576e-01
3.850989937782287598e-01
4.551297724246978760e-01
3.517601191997528076e-01
6.986462324857711792e-02
-5.276110768318176270e-02
-7.698287814855575562e-02
1.358557790517807007e-01
1.867901682853698730e-01
1.285748928785324097e-01
1.499226093292236328e-01
1.693437807261943817e-02
8.168554864823818207e-03
1.932941190898418427e-02
8.434659987688064575e-02
5.077087283134460449e-01
4.644544422626495361e-01
6.604480147361755371e-01
9.169721603393554688e-01
6.627312898635864258e-01
6.341665387153625488e-01
5.500848889350891113e-01
2.490450888872146606e-01
-3.882201015949249268e-02
-5.131866782903671265e-03
-4.587937518954277039e-02
-2.630929648876190186e-01
-1.680420786142349243e-01
-2.650569081306457520e-01
-2.248787879943847656e-02
1.816328614950180054e-01
-3.039362728595733643e-01
-1.566896140575408936e-01
-2.316701412200927734e-01
-7.527442276477813721e-02
-5.260357260704040527e-01
-4.105472266674041748e-01
-6.078501343727111816e-01
-4.950280487537384033e-01
-4.869487881660461426e-01
-2.387115359306335449e-01
1.524188742041587830e-02
2.473685592412948608e-01
2.096707224845886230e-01
1.568203121423721313e-01
5.784899592399597168e-01
2.107245475053787231e-01
1.680450439453125000e-01
-1.931046694517135620e-02
-1.490574479103088379e-01
-2.945158183574676514e-01
-3.610763698816299438e-02
-2.070172578096389771e-01
-1.788995563983917236e-01
-9.705326706171035767e-02
2.117144912481307983e-01
9.188297390937805176e-02
1.463779658079147339e-01
-8.456715196371078491e-02
3.374218344688415527e-01
-9.932056069374084473e-02
3.039446845650672913e-02
-1.408664286136627197e-01
-2.764093577861785889e-01
-1.764246970415115356e-01
-1.986506134271621704e-01
-5.170144438743591309e-01
-2.920888364315032959e-01
-4.166944622993469238e-01
-6.320559382438659668e-01
-7.168880105018615723e-01
-5.863107442855834961e-01
-6.037625670433044434e-01
-4.201752543449401855e-01
-5.946455001831054688e-01
-5.159766077995300293e-01
-3.437896370887756348e-01
-2.002473026514053345e-01
-2.903165221214294434e-01
-3.693686127662658691e-01
-3.535933196544647217e-01
6.668721139430999756e-02
2.606370449066162109e-01
2.766678333282470703e-01
1.467452049255371094e-01
2.011603713035583496e-01
2.384804189205169678e-02
-7.602486759424209595e-02
-6.229333952069282532e-02
-9.885752201080322266e-02
-3.505276739597320557e-01
-5.501936674118041992e-01
-4.486442208290100098e-01
-3.438215851783752441e-01
-3.673088848590850830e-01
-3.249966204166412354e-01
-5.103402733802795410e-01
-5.158488750457763672e-01
-4.111858904361724854e-01
-4.394153654575347900e-01
-2.280775904655456543e-01
-3.844094276428222656e-01
-3.549984097480773926e-01
-6.426898837089538574e-01
-1.064215779304504395e+00
-1.089219927787780762e+00
-9.819384217262268066e-01
-1.081795334815979004e+00
-7.047851085662841797e-01
-5.535627007484436035e-01
-6.347489356994628906e-02
-1.980972301680594683e-04
1.533395349979400635e-01
1.123046278953552246e-01
-1.083578243851661682e-01
5.404143407940864563e-02
4.070215225219726562e-01
2.724685370922088623e-01
9.295275062322616577e-02
2.520522847771644592e-02
3.087347559630870819e-02
-1.534962356090545654e-01
-2.369232475757598877e-01
-1.585417687892913818e-01
-1.860367655754089355e-01
-1.252827346324920654e-01
5.795332416892051697e-02
-1.645612865686416626e-01
-3.521349281072616577e-02
-2.446192950010299683e-01
-1.168362423777580261e-01
4.242817461490631104e-01
1.344507038593292236e-01
2.419238537549972534e-01
-1.235945150256156921e-03
2.644009422510862350e-03
7.019992917776107788e-02
5.356242880225181580e-02
-3.580426797270774841e-02
1.967854499816894531e-01
1.515831798315048218e-01
-7.233651727437973022e-02
-9.657426178455352783e-02
-4.239859431982040405e-02
-8.504616469144821167e-02
-7.510933559387922287e-03
2.373573184013366699e-01
6.293764710426330566e-01
5.485201478004455566e-01
3.097991347312927246e-01
2.905909419059753418e-01
3.973775207996368408e-01
3.269475698471069336e-01
2.979516983032226562e-01
1.900633871555328369e-01
1.893289089202880859e-01
-5.553934723138809204e-02
-2.654401063919067383e-01
-5.957897007465362549e-02
1.839640289545059204e-01
4.420369267463684082e-01
2.708558738231658936e-01
-1.469498127698898315e-01
1.546009182929992676e-01
9.876470267772674561e-02
3.368310630321502686e-01
2.011603713035583496e-01
1.872053146362304688e-01
3.877708688378334045e-02
8.581554889678955078e-02
4.149251282215118408e-01
1.598220914602279663e-01
5.501008629798889160e-01
3.827997446060180664e-01
2.190911918878555298e-01
2.263242006301879883e-01
7.266308069229125977e-01
5.002043247222900391e-01
4.687335789203643799e-01
2.935767471790313721e-01
5.312918424606323242e-01
3.835821449756622314e-01
-1.035996899008750916e-01
3.510895073413848877e-01
4.296466112136840820e-01
4.549860656261444092e-01
1.406458467245101929e-01
9.001430273056030273e-01
1.092975139617919922e+00
9.670283198356628418e-01
5.511227250099182129e-01
4.847962558269500732e-01
7.031170278787612915e-02
-4.193555191159248352e-02
2.073076218366622925e-01
8.969550579786300659e-02
-1.900763809680938721e-01
-2.342408150434494019e-01
1.175055513158440590e-03
-1.358368545770645142e-01
-1.979959607124328613e-01
-1.501431912183761597e-01
-3.840581476688385010e-01
-6.531002521514892578e-01
-2.232715636491775513e-01
1.214536577463150024e-01
-1.244205161929130554e-01
3.633415326476097107e-02
2.015914767980575562e-01
4.212799668312072754e-01
6.354917883872985840e-01
5.420535206794738770e-01
3.778180778026580811e-01
1.741124540567398071e-01
-5.865288898348808289e-02
3.308434784412384033e-01
-1.389344334602355957e-01
1.251420080661773682e-01
3.382734954357147217e-02
-8.404024690389633179e-02
2.411947958171367645e-02
-1.934453994035720825e-01
-1.031047180294990540e-01
4.366241395473480225e-01
-1.657268702983856201e-01
-4.677087068557739258e-01
