-5.752113723754882812e+01
-2.506752395629882812e+01
-5.600529670715332031e+00
1.698407769203186035e+00
2.338791847229003906e+00
2.855783939361572266e+00
2.852606534957885742e+00
2.178516387939453125e+00
1.050838589668273926e+00
3.288955390453338623e-01
5.734444260597229004e-01
2.988777756690979004e-01
-1.016197949647903442e-01
-4.040327370166778564e-01
-7.689560651779174805e-01
-2.540876567363739014e-01
-3.127020895481109619e-01
-4.193290174007415771e-01
-4.301705360412597656e-01
-3.870120346546173096e-01
-4.247737228870391846e-01
8.674163371324539185e-02
-4.793910309672355652e-02
-8.735392093658447266e-01
-5.088234543800354004e-01
-6.350896358489990234e-01
-5.131025910377502441e-01
-2.570415437221527100e-01
-5.932723283767700195e-01
-7.504664063453674316e-01
-1.251124262809753418e+00
-1.307247877120971680e+00
-7.099903225898742676e-01
-3.836589753627777100e-01
-5.962262153625488281e-01
-4.822385609149932861e-01
-8.205291032791137695e-01
-1.250852823257446289e+00
-1.466294050216674805e+00
-1.595594048500061035e+00
-1.218631625175476074e+00
-1.190003037452697754e+00
-6.705840229988098145e-01
-2.032969743013381958e-01
-2.917375862598419189e-01
-5.787105560302734375e-01
-3.538168370723724365e-01
-2.434058040380477905e-01
-1.122606754302978516e+00
-1.095638632774353027e+00
-6.192025542259216309e-01
-7.603818178176879883e-01
-4.997702240943908691e-01
-1.541029810905456543e-01
-2.620711028575897217e-01
6.208875030279159546e-02
-7.219654917716979980e-01
-1.396901965141296387e+00
-1.456314802169799805e+00
-1.422033905982971191e+00
-1.119429349899291992e+00
-1.059489607810974121e+00
-7.666408419609069824e-01
-3.884011507034301758e-01
-3.080078363418579102e-01
2.879777923226356506e-02
2.583857178688049316e-01
-5.915958285331726074e-01
-6.367661356925964355e-01
-1.182195186614990234e+00
-7.853859663009643555e-01
-5.066519379615783691e-01
5.224302411079406738e-01
-5.782261118292808533e-02
-9.218390583992004395e-01
-2.134359478950500488e-01
-7.035556435585021973e-01
-1.607452034950256348e-01
-1.446186453104019165e-01
-1.234375000000000000e+00
-5.685715675354003906e-01
2.626648545265197754e-01
-7.071801424026489258e-01
-1.092509150505065918e+00
-1.100189208984375000e+00
-9.592494964599609375e-01
-6.765396595001220703e-01
-6.142049431800842285e-01
-4.385531544685363770e-01
-1.265494465827941895e+00
-6.250624060630798340e-01
-2.150645703077316284e-01
-9.712405800819396973e-01
2.138914167881011963e-02
4.832474887371063232e-01
-8.095757961273193359e-01
2.030285000801086426e-01
-2.414099425077438354e-01
-3.023236095905303955e-01
-1.081651687622070312e+00
-1.426823973655700684e+00
-9.443204402923583984e-01
-8.466829061508178711e-01
-1.386683225631713867e+00
-1.295496225357055664e+00
-1.021025419235229492e+00
-1.312804341316223145e+00
-8.679667711257934570e-01
-6.673586964607238770e-01
-1.145263791084289551e+00
-2.722579538822174072e-01
-4.815679490566253662e-01
-7.896012663841247559e-01
-4.713491499423980713e-01
-3.177795708179473877e-01
-5.013828873634338379e-01
-1.828593462705612183e-01
3.709842562675476074e-01
-1.937433518469333649e-02
3.746780008077621460e-02
4.190446138381958008e-01
3.266761302947998047e-01
-6.907182931900024414e-01
-4.280788600444793701e-01
1.770503669977188110e-01
-1.479397565126419067e-01
-4.153851866722106934e-01
-5.091906785964965820e-01
-1.252188682556152344e-01
-2.494732290506362915e-01
-5.745911002159118652e-01
-4.732172787189483643e-01
-2.926955819129943848e-01
1.024051532149314880e-01
-5.379790067672729492e-01
-3.117919862270355225e-01
-3.664945662021636963e-01
-9.133711457252502441e-02
4.888413101434707642e-02
-2.855529822409152985e-02
1.458724495023488998e-02
-3.473662137985229492e-01
-8.983677029609680176e-01
-4.433272480964660645e-01
-5.489642024040222168e-01
-3.894230127334594727e-01
-2.774631679058074951e-01
-3.298505544662475586e-01
2.214542925357818604e-01
1.536748409271240234e-01
4.084106385707855225e-01
-1.915453374385833740e-01
2.858168482780456543e-01
-2.614643573760986328e-01
-3.778150975704193115e-01
-2.445394545793533325e-01
-1.682815849781036377e-01
-3.475045040249824524e-02
-4.539931416511535645e-01
-5.569636225700378418e-01
-4.299789369106292725e-01
-4.471433460712432861e-01
1.225607935339212418e-02
-3.065867722034454346e-01
-4.980617463588714600e-01
-4.622639715671539307e-01
-6.003616452217102051e-01
-3.740468919277191162e-01
-5.332527756690979004e-01
1.569640189409255981e-01
6.643174588680267334e-02
-2.574407160282135010e-01
1.781201511621475220e-01
-1.725447326898574829e-01
-4.765703082084655762e-01
-5.376276969909667969e-01
-4.479416906833648682e-01
-3.716039657592773438e-01
-3.058363497257232666e-01
-2.178268432617187500e-01
1.261159926652908325e-01
1.488049328327178955e-01
4.740345776081085205e-01
4.781540334224700928e-01
4.699151217937469482e-01
2.511527240276336670e-01
3.899369537830352783e-01
-5.063750967383384705e-02
-5.229700803756713867e-01
-3.714922070503234863e-01
-6.947100162506103516e-01
-1.097788810729980469e-01
-2.827322483062744141e-01
-5.344343185424804688e-01
-2.165015935897827148e-01
-1.919445097446441650e-01
-3.366843760013580322e-01
-1.715707629919052124e-01
3.845774754881858826e-02
-4.250291883945465088e-01
1.232579126954078674e-01
9.097285568714141846e-02
-4.271687567234039307e-01
1.691946536302566528e-01
-3.126966953277587891e-02
-2.127653360366821289e-01
-1.186564713716506958e-01
-7.489655017852783203e-01
-4.155927598476409912e-01
-1.797937154769897461e-01
-3.013656139373779297e-01
-3.153685629367828369e-01
4.682439938187599182e-02
-2.625181674957275391e-01
-5.014786720275878906e-01
-2.039196789264678955e-01
-5.017341375350952148e-01
-6.891535520553588867e-01
-7.567732930183410645e-01
-3.408836722373962402e-01
-1.813744306564331055e-01
-2.574247419834136963e-01
-3.555891811847686768e-01
-3.281101584434509277e-01
-5.025324821472167969e-01
-6.709193587303161621e-01
-9.855629205703735352e-01
-5.701682567596435547e-01
3.478961288928985596e-01
3.658588826656341553e-01
4.704739749431610107e-01
1.175827383995056152e+00
2.721012830734252930e-01
-1.749238073825836182e-01
-3.367482423782348633e-01
-5.190103054046630859e-01
-2.243892401456832886e-01
-5.520404130220413208e-02
-2.567701041698455811e-01
1.384424269199371338e-01
2.705738879740238190e-02
8.402726054191589355e-02
4.297637939453125000e-02
-3.770486712455749512e-01
-3.353431522846221924e-01
-4.762030839920043945e-01
-2.767286896705627441e-01
-4.182911515235900879e-01
2.189953923225402832e-01
7.486226409673690796e-02
2.994525730609893799e-01
1.700887978076934814e-01
-4.038091897964477539e-01
-2.890551388263702393e-01
-2.976453304290771484e-01
-4.374354779720306396e-01
-1.532567292451858521e-01
-3.090137541294097900e-01
-2.463756501674652100e-01
-3.447795808315277100e-01
-7.180961221456527710e-02
3.934337198734283447e-01
2.255737483501434326e-01
-2.073844969272613525e-01
8.027503639459609985e-02
3.918370306491851807e-01
1.338758915662765503e-01
-2.757068276405334473e-01
3.005862236022949219e-01
-4.657287895679473877e-01
-6.416041254997253418e-01
-3.394785821437835693e-01
-7.870305776596069336e-01
-3.211006820201873779e-01
-2.809279859066009521e-01
-5.603166818618774414e-01
-1.471200212836265564e-02
-6.410133242607116699e-01
-6.390494108200073242e-01
-1.490574479103088379e-01
-5.788701772689819336e-01
-4.903816878795623779e-01
2.223484367132186890e-01
-1.431496888399124146e-01
-1.915613114833831787e-01
5.485680103302001953e-01
4.412864744663238525e-01
-1.770314425230026245e-01
-2.269120067358016968e-01
-3.686660528182983398e-01
-1.420160382986068726e-01
-4.732491970062255859e-01
-2.956121228635311127e-02
1.733896788209676743e-03
-8.424835801124572754e-01
-5.207347273826599121e-01
-2.361568361520767212e-01
-6.467294692993164062e-01
-5.458506941795349121e-01
-2.471580207347869873e-01
-8.897402137517929077e-02
-4.131977260112762451e-01
-7.735011726617813110e-02
-1.998002231121063232e-01
-3.087103664875030518e-01
-1.657747775316238403e-01
-6.070996522903442383e-01
-6.658259034156799316e-01
-4.197441637516021729e-01
-2.758664786815643311e-01
-4.588311016559600830e-01
-5.013189911842346191e-01
-1.910344064235687256e-01
-4.114254117012023926e-01
-3.265453875064849854e-01
3.614999353885650635e-01
-2.370669543743133545e-01
2.111077457666397095e-01
6.647964566946029663e-02
1.408214867115020752e-01
-1.523466259241104126e-01
-1.045694231986999512e+00
-6.647561192512512207e-01
-6.187395453453063965e-01
-6.335089206695556641e-01
-3.341616094112396240e-01
-2.056600749492645264e-01
-4.127666056156158447e-01
-5.491079092025756836e-01
-3.975980579853057861e-01
-5.442380309104919434e-01
-2.119456045329570770e-02
-1.813424974679946899e-01
1.667197793722152710e-01
1.086162701249122620e-01
2.093194574117660522e-01
2.197618037462234497e-01
-4.305323585867881775e-02
2.854336500167846680e-01
-3.035211265087127686e-01
2.009582333266735077e-02
-2.678670585155487061e-01
5.870482325553894043e-01
2.796855568885803223e-01
3.627453446388244629e-01
-2.170550078153610229e-02
-2.732000052928924561e-01
-2.666535973548889160e-01
-6.254935264587402344e-01
-2.878097295761108398e-01
-5.771936774253845215e-01
-3.634448945522308350e-01
-9.218336641788482666e-02
2.403590977191925049e-01
2.533880770206451416e-01
-5.205856263637542725e-02
-4.410704970359802246e-02
-1.311106532812118530e-01
-4.589109420776367188e-01
-8.447135239839553833e-02
-4.609706699848175049e-01
-6.038104891777038574e-01
-3.354070186614990234e-01
-4.819032549858093262e-01
1.046085804700851440e-01
1.366541236639022827e-01
-3.200628459453582764e-01
-3.034732341766357422e-01
-5.774970650672912598e-01
-4.571970552206039429e-02
-4.688423573970794678e-01
-2.537683248519897461e-01
3.201935589313507080e-01
3.531492352485656738e-01
-1.764246970415115356e-01
-4.702633917331695557e-01
-5.864065885543823242e-01
-6.840281486511230469e-01
-1.839610636234283447e-01
1.426896154880523682e-01
5.686383843421936035e-01
4.029394313693046570e-02
-6.029482483863830566e-01
-4.044638276100158691e-01
-9.145262241363525391e-01
-2.096677571535110474e-01
-4.606992304325103760e-01
-8.803570866584777832e-01
-6.333811879158020020e-01
-2.777026891708374023e-01
-4.403254687786102295e-01
-2.434058040380477905e-01
-4.106909334659576416e-01
-2.267204076051712036e-01
6.679898500442504883e-02
-4.291486442089080811e-01
-1.686967164278030396e-01
-2.734714448451995850e-01
2.374211847782135010e-01
-1.426492910832166672e-02
3.663219213485717773e-01
4.140788912773132324e-01
5.800122395157814026e-02
1.192502230405807495e-01
-3.767932057380676270e-01
-5.882747173309326172e-01
-5.560694932937622070e-01
-4.208139181137084961e-01
-4.137406051158905029e-01
-3.421610295772552490e-01
2.949818372726440430e-01
-2.512241527438163757e-02
2.493963539600372314e-01
1.341632902622222900e-01
1.674382984638214111e-01
-3.585590124130249023e-01
1.336204260587692261e-01
2.815910428762435913e-02
-1.135949641466140747e-01
-1.000390723347663879e-01
-3.689694404602050781e-01
-4.767459630966186523e-01
-4.117127954959869385e-01
-7.271227836608886719e-01
-6.449092626571655273e-01
-3.655046224594116211e-01
2.935448288917541504e-01
9.642980098724365234e-01
1.269622296094894409e-01
-8.113427460193634033e-02
-1.021626740694046021e-01
-4.215164780616760254e-01
-1.485145688056945801e-01
7.415971904993057251e-02
-6.268826723098754883e-01
-1.736464500427246094e-01
-2.526825666427612305e-01
1.155459061264991760e-01
-1.137865707278251648e-01
-2.595483362674713135e-01
-2.040793448686599731e-01
1.614826470613479614e-01
2.051361352205276489e-01
-2.988588213920593262e-01
-2.246766388416290283e-01
-8.499826490879058838e-02
-3.009664416313171387e-01
-2.412822097539901733e-01
-4.687784612178802490e-01
-5.167749524116516113e-01
-5.914041996002197266e-01
-5.268500447273254395e-01
-2.883366346359252930e-01
-1.717463880777359009e-01
1.037783026695251465e-01
-5.766987204551696777e-01
1.403105407953262329e-01
2.225135266780853271e-02
-2.041112929582595825e-01
-2.210042625665664673e-01
-1.188044436275959015e-03
3.036678433418273926e-01
2.436003684997558594e-01
5.469607934355735779e-02
3.613402545452117920e-01
-3.340977430343627930e-01
-3.703266084194183350e-01
-4.267003014683723450e-02
-3.308724164962768555e-01
-2.865323722362518311e-01
-8.184214830398559570e-01
-1.253944933414459229e-01
-4.050705730915069580e-01
-7.843002080917358398e-01
-4.959221780300140381e-01
-3.903810381889343262e-01
-3.798269331455230713e-01
-4.793166220188140869e-01
-4.415708780288696289e-01
-8.586101531982421875e-01
-5.008719563484191895e-01
-3.396701812744140625e-01
-2.727689146995544434e-01
-8.715379238128662109e-02
-2.056281417608261108e-01
-3.683307468891143799e-01
-1.023063734173774719e-01
-4.073857665061950684e-01
-4.407246410846710205e-01
1.056943312287330627e-01
-3.597246110439300537e-01
-8.851097524166107178e-02
-2.351988255977630615e-01
-3.586867451667785645e-01
-2.531456053256988525e-01
-5.640209913253784180e-01
-4.424650371074676514e-01
-4.139800965785980225e-01
-2.238144278526306152e-01
4.411002993583679199e-02
-3.525395095348358154e-01
7.031435370445251465e-01
2.756139934062957764e-01
-3.058842420578002930e-01
3.639801964163780212e-02
-2.341290414333343506e-01
-3.823177516460418701e-01
-2.996092438697814941e-01
-3.050060570240020752e-01
-3.248369395732879639e-01
-7.298212051391601562e-01
-3.658718466758728027e-01
-2.562591433525085449e-01
-2.521556615829467773e-01
-1.300089359283447266e-01
-1.353418827056884766e-01
-3.137718737125396729e-01
-2.110089808702468872e-01
-3.178274631500244141e-01
-1.523945182561874390e-01
-1.638906896114349365e-01
-9.472209960222244263e-02
-1.294341236352920532e-01
-3.195199668407440186e-01
-3.137080073356628418e-01
-4.262107312679290771e-01
-4.059966504573822021e-01
-2.446033209562301636e-01
-3.499049544334411621e-01
2.477412298321723938e-02
-1.094595417380332947e-01
-2.902366816997528076e-01
1.990048438310623169e-01
1.214376911520957947e-01
-4.452911913394927979e-01
-8.044769614934921265e-02
2.484340686351060867e-03
1.006966978311538696e-01
2.963347360491752625e-03
-5.151622891426086426e-01
-5.902066826820373535e-01
-2.973898649215698242e-01
-4.394792318344116211e-01
-6.313853263854980469e-01
-9.817095100879669189e-02
-1.988102793693542480e-01
-6.378359198570251465e-01
-5.125117897987365723e-01
-4.390960335731506348e-01
-4.106430113315582275e-01
-4.048256576061248779e-02
-1.087090969085693359e-01
1.643726527690887451e-01
-3.863040730357170105e-02
1.242159307003021240e-01
-2.994016706943511963e-01
3.225087821483612061e-01
3.164892494678497314e-01
1.386819183826446533e-01
2.839966118335723877e-01
4.494455754756927490e-01
3.173674345016479492e-01
1.494393451139330864e-03
3.173354864120483398e-01
9.405446797609329224e-02
3.589452207088470459e-01
-5.159552395343780518e-02
-8.977236598730087280e-02
-4.865761473774909973e-02
-5.618814229965209961e-01
3.252071738243103027e-01
-3.716145083308219910e-02
-4.401817619800567627e-01
4.304769039154052734e-01
-3.902957960963249207e-02
-1.639864891767501831e-01
2.352975904941558838e-01
1.836766302585601807e-01
4.343728125095367432e-01
-1.255062669515609741e-01
1.393525302410125732e-01
7.645895332098007202e-02
2.796376645565032959e-01
1.156896054744720459e-01
3.792710602283477783e-01
3.956530988216400146e-01
-2.377215921878814697e-01
2.772799693048000336e-02
1.338279843330383301e-01
-6.452870368957519531e-02
-1.275979280471801758e-01
6.715567316859960556e-03
-3.865489661693572998e-01
-2.869794368743896484e-01
-1.121100410819053650e-01
-2.916203998029232025e-02
-4.912438988685607910e-01
-3.842816948890686035e-01
1.511840075254440308e-01
3.779937326908111572e-01
-1.088687628507614136e-01
1.864069700241088867e-01
3.910865783691406250e-01
2.750711441040039062e-01
1.252697408199310303e-01
4.703941345214843750e-01
2.276494503021240234e-01
-4.904082044959068298e-02
3.999057039618492126e-02
-8.687970042228698730e-01
-6.149075031280517578e-01
-4.799073934555053711e-01
-7.616910934448242188e-01
-3.908281028270721436e-01
2.935927212238311768e-01
2.654430866241455078e-01
1.433761864900588989e-01
1.784235239028930664e-01
-1.560190021991729736e-01
2.005057334899902344e-01
-5.435237661004066467e-03
-9.539271146059036255e-02
1.204956397414207458e-01
2.718512341380119324e-02
7.762453705072402954e-02
-2.410107702016830444e-01
-3.284454643726348877e-01
-3.651054501533508301e-01
-3.980132043361663818e-01
-4.589534178376197815e-02
-2.742857635021209717e-01
-3.693526387214660645e-01
3.261811435222625732e-01
-1.956647932529449463e-01
-5.518382787704467773e-01
-5.932403802871704102e-01
-6.515994071960449219e-01
-1.056115180253982544e-01
-5.533550977706909180e-01
-8.028218150138854980e-01
-6.054071784019470215e-01
-5.691942572593688965e-01
-4.692894220352172852e-01
-4.206861853599548340e-01
-1.443791389465332031e-01
3.270912766456604004e-01
-1.144891083240509033e-01
-5.420824885368347168e-01
2.561024427413940430e-01
2.398321926593780518e-01
-2.715713977813720703e-01
9.761508554220199585e-02
-3.222822248935699463e-01
-7.779773473739624023e-01
-8.547727018594741821e-02
-2.213874608278274536e-01
-6.296609044075012207e-01
-6.286070942878723145e-01
9.440574049949645996e-02
-1.607931107282638550e-01
-3.549504876136779785e-01
-2.647375464439392090e-01
-2.964158654212951660e-01
-6.399116516113281250e-01
-3.728334307670593262e-01
-1.786760240793228149e-01
1.464737653732299805e-01
-3.829404711723327637e-01
-8.156538009643554688e-02
5.803315714001655579e-02
-6.226833462715148926e-01
-3.593573570251464844e-01
-2.835465669631958008e-01
-4.438541531562805176e-01
2.181651145219802856e-01
-5.591191649436950684e-01
-6.707437038421630859e-01
-4.293242990970611572e-01
-3.892154395580291748e-01
-6.063970923423767090e-01
-4.954431951045989990e-01
-3.268008828163146973e-01
-5.851451754570007324e-01
-7.860246300697326660e-01
-4.504165351390838623e-01
-3.951072394847869873e-01
-5.639730691909790039e-01
3.077767416834831238e-02
-1.617511212825775146e-01
-2.854146957397460938e-01
-2.041112929582595825e-01
-4.123195409774780273e-01
5.983741953969001770e-02
2.421633452177047729e-01
3.294224441051483154e-01
-7.746189087629318237e-02
-1.264483183622360229e-01
-3.348481953144073486e-01
-5.139328241348266602e-01
-4.635253548622131348e-01
-5.673740506172180176e-01
-2.600752413272857666e-01
-3.321657478809356689e-01
-4.913716316223144531e-01
-4.520930647850036621e-01
-1.866594702005386353e-01
-5.136454701423645020e-01
-4.574100375175476074e-01
-3.124785721302032471e-01
-5.511037707328796387e-01
-3.885927498340606689e-01
-1.369225978851318359e-01
-4.367169439792633057e-01
-3.844253718852996826e-01
-2.767606377601623535e-01
-6.786952018737792969e-01
-3.279824256896972656e-01
-3.133407831192016602e-01
-4.972793757915496826e-01
-3.453384339809417725e-01
-6.713185310363769531e-01
-3.511024713516235352e-01
-1.183530986309051514e-01
-6.155886501073837280e-02
-1.537197679281234741e-01
-3.879860043525695801e-01
-4.544721543788909912e-01
-2.979167699813842773e-01
-2.116955667734146118e-01
-1.489456743001937866e-01
-5.153165385127067566e-02
-1.157025918364524841e-01
-9.817095100879669189e-02
-1.581425964832305908e-01
1.556122582405805588e-02
-1.552206575870513916e-01
-1.384554207324981689e-01
-4.364295601844787598e-01
-3.692887723445892334e-01
-3.937021493911743164e-01
-4.648665785789489746e-01
-4.323420226573944092e-01
-7.166590541601181030e-02
-1.148403808474540710e-01
-9.660619497299194336e-02
-2.807629108428955078e-02
-4.844739437103271484e-01
-5.387134552001953125e-01
-5.774012207984924316e-01
-7.327431440353393555e-01
-2.693040966987609863e-01
-2.318457812070846558e-01
-2.070332318544387817e-01
-1.258840505033731461e-02
-3.738233745098114014e-01
-7.405828833580017090e-01
-7.612121105194091797e-01
-5.367655158042907715e-01
-9.460288882255554199e-01
-4.975667893886566162e-01
-1.217061504721641541e-01
1.390066836029291153e-02
3.405354022979736328e-01
3.772327303886413574e-02
-4.999937415122985840e-01
-1.234146058559417725e-01
-4.760114848613739014e-01
-1.223607882857322693e-01
-3.709173798561096191e-01
-7.663055658340454102e-01
-5.244390368461608887e-01
-7.073876857757568359e-01
-5.518541932106018066e-01
4.559494927525520325e-02
3.987985849380493164e-01
5.208016037940979004e-01
1.637339740991592407e-01
1.030811760574579239e-02
-2.189126014709472656e-01
-2.329155653715133667e-01
-3.634608685970306396e-01
-6.410452723503112793e-01
-1.506062299013137817e-01
-6.401776522397994995e-02
-5.590074062347412109e-01
-9.729276597499847412e-02
-1.322762370109558105e-01
-3.266731202602386475e-01
-7.987289130687713623e-02
-3.579842150211334229e-01
-3.859741687774658203e-01
-9.872978925704956055e-02
-2.806405723094940186e-01
-4.207819998264312744e-01
1.679652035236358643e-01
-1.940840780735015869e-01
-4.646270871162414551e-01
-8.412007987499237061e-02
-1.651840060949325562e-01
-1.406428962945938110e-01
-2.527624070644378662e-01
-6.459257006645202637e-02
-2.658073306083679199e-01
-6.561658978462219238e-01
-2.807683050632476807e-01
-5.574691668152809143e-02
-3.387227281928062439e-02
-5.207507014274597168e-01
-3.682668805122375488e-01
-4.170457422733306885e-01
-5.493314266204833984e-01
-4.213727712631225586e-01
-4.527796506881713867e-01
-4.348009228706359863e-01
-5.863426923751831055e-01
-3.742747474461793900e-03
-3.686660528182983398e-01
-5.365419387817382812e-01
-3.511768952012062073e-02
-1.228238269686698914e-01
-1.147072296589612961e-02
-7.018098235130310059e-02
-7.569384761154651642e-04
-4.863739907741546631e-01
-6.429293751716613770e-01
-1.828274130821228027e-01
-2.667972743511199951e-01
-7.276177406311035156e-01
-3.803218901157379150e-01
-3.169173598289489746e-01
-7.118105292320251465e-01
-2.583827376365661621e-01
-3.262100815773010254e-01
-4.094135761260986328e-01
-1.612082421779632568e-01
-6.344296038150787354e-02
2.330088609596714377e-04
-7.670602761209011078e-03
-1.974051892757415771e-01
-3.443804085254669189e-01
-3.567068576812744141e-01
-1.098746806383132935e-01
-5.644840002059936523e-01
-3.860859274864196777e-01
-4.739038348197937012e-01
-5.885301828384399414e-01
-2.776547670364379883e-01
-1.693833023309707642e-01
-3.689001500606536865e-02
-3.794596791267395020e-01
-2.393182814121246338e-01
-2.815985977649688721e-01
8.386758714914321899e-02
-1.361881196498870850e-01
-1.681219041347503662e-01
5.793735757470130920e-02
1.152584999799728394e-01
-2.995453774929046631e-01
1.895684152841567993e-01
-9.310944378376007080e-02
-4.099723994731903076e-01
-3.313993215560913086e-01
-7.339246869087219238e-01
-6.669435501098632812e-01
-3.465199768543243408e-01
-4.163272380828857422e-01
1.066044420003890991e-01
2.782485485076904297e-01
2.457399368286132812e-01
2.226997166872024536e-01
-5.453343316912651062e-02
-6.510351598262786865e-02
-1.908693090081214905e-02
-1.939030177891254425e-02
1.500663161277770996e-01
4.343728125095367432e-01
-3.473342955112457275e-01
-1.081342920660972595e-01
-5.613012239336967468e-02
1.338972803205251694e-02
3.999961018562316895e-01
4.277305901050567627e-01
4.192521572113037109e-01
-1.228557601571083069e-01
3.498121500015258789e-01
-1.591165810823440552e-01
-4.478937685489654541e-01
-3.443644642829895020e-01
1.240243241190910339e-01
-2.664140760898590088e-01
-1.495524197816848755e-01
-3.470255061984062195e-02
-1.260437257587909698e-02
3.130458295345306396e-02
-1.866115778684616089e-01
1.452123820781707764e-01
2.160734534263610840e-01
1.539622396230697632e-01
-9.587171673774719238e-02
4.080274403095245361e-01
9.496457874774932861e-02
-1.811987906694412231e-01
1.091591492295265198e-01
-2.307759970426559448e-01
-1.306316405534744263e-01
-4.377388358116149902e-01
-4.902485385537147522e-02
-5.410232394933700562e-02
-1.632041037082672119e-01
3.523243591189384460e-02
-3.230751678347587585e-02
-3.695123195648193359e-01
-4.159120917320251465e-01
-2.511178255081176758e-01
-1.560190021991729736e-01
-2.172041386365890503e-01
-2.787564992904663086e-01
2.809523604810237885e-02
-3.923449516296386719e-01
-5.981847271323204041e-02
-9.166073868982493877e-04
-7.834006845951080322e-02
-1.593720465898513794e-01
-3.927600979804992676e-01
-1.072880402207374573e-01
-2.829982712864875793e-02
3.673597574234008789e-01
-3.826316818594932556e-02
-2.694797217845916748e-01
1.050716266036033630e-01
-5.664106085896492004e-02
9.852519631385803223e-02
-1.483389288187026978e-01
-4.816158711910247803e-01
-2.013809531927108765e-01
-3.650096356868743896e-01
-3.736477196216583252e-01
-2.700226008892059326e-01
-3.179871439933776855e-01
-4.272166490554809570e-01
-4.113136231899261475e-01
-5.462498664855957031e-01
-5.922664403915405273e-01
-8.780578374862670898e-01
-3.238310217857360840e-01
-1.101620867848396301e-01
-4.049853235483169556e-02
2.963347360491752625e-03
1.181804388761520386e-01
-1.154151931405067444e-01
-1.956967264413833618e-01
-7.948968559503555298e-02
-4.304898679256439209e-01
-1.793785691261291504e-01
-3.181468248367309570e-01
-1.599947661161422729e-01
-2.669729292392730713e-01
-6.652456521987915039e-02
3.322060778737068176e-02
2.349942177534103394e-01
-1.234784722328186035e-01
1.311774849891662598e-01
7.851868122816085815e-02
-5.461326614022254944e-02
8.760384470224380493e-02
-9.234303236007690430e-02
-6.828092783689498901e-02
1.363507509231567383e-01
-3.079066239297389984e-02
-2.784690856933593750e-01
-2.782081998884677887e-02
-3.631255626678466797e-01
-3.217872679233551025e-01
-1.455766558647155762e-01
-3.823656439781188965e-01
-3.862615823745727539e-01
-3.443963825702667236e-01
-1.272466629743576050e-01
-2.223774045705795288e-01
4.567478597164154053e-02
-4.429865255951881409e-02
-1.224086880683898926e-01
2.421528100967407227e-02
-4.420978128910064697e-01
1.544731855392456055e-01
2.546334862709045410e-01
5.785752460360527039e-02
1.610994338989257812e-01
2.681788429617881775e-02
-6.915910542011260986e-02
-7.077176123857498169e-02
-2.963041067123413086e-01
-1.710598170757293701e-01
-4.328050613403320312e-01
-4.497459530830383301e-01
-1.403874158859252930e-01
-2.716831564903259277e-01
-3.922012746334075928e-01
-3.990670144557952881e-01
-4.444768726825714111e-01
-2.931586205959320068e-01
-2.085820138454437256e-01
-4.336353540420532227e-01
-2.818700373172760010e-01
-3.451308608055114746e-01
-5.044165849685668945e-01
-4.681078791618347168e-01
-3.396807238459587097e-02
-3.583620116114616394e-02
5.075225606560707092e-02
2.324554771184921265e-01
-1.038870960474014282e-01
-1.217540502548217773e-01
2.640274539589881897e-02
-4.103875458240509033e-01
-1.999758630990982056e-01
-2.109610885381698608e-01
-1.453371495008468628e-01
-1.723052412271499634e-01
2.847844175994396210e-02
-4.224106073379516602e-01
-3.073372244834899902e-01
-1.542466878890991211e-01
-5.207347273826599121e-01
-3.723065257072448730e-01
-3.017328381538391113e-01
-1.262088119983673096e-01
-1.048131734132766724e-01
-2.148889452219009399e-01
-1.397168040275573730e-01
-3.866767287254333496e-01
-3.987955749034881592e-01
-1.349851861596107483e-02
2.430734634399414062e-01
3.606217503547668457e-01
1.305228471755981445e-01
-3.843880444765090942e-02
2.114590257406234741e-01
3.678547441959381104e-01
4.235951602458953857e-01
3.714846447110176086e-02
2.467777878046035767e-01
9.442170709371566772e-02
2.472622133791446686e-02
3.692438602447509766e-01
3.210078775882720947e-01
-4.645418375730514526e-02
-3.700178489089012146e-02
-2.998647093772888184e-01
-4.214312136173248291e-02
-2.209882885217666626e-01
-6.065248847007751465e-01
-2.576482892036437988e-01
-4.669368639588356018e-02
-3.123348653316497803e-01
-1.932538002729415894e-01
-2.088534533977508545e-01
-5.191061496734619141e-01
-3.182745575904846191e-01
-4.309529066085815430e-01
-4.610824286937713623e-01
-5.716052651405334473e-01
-2.852709889411926270e-01
-1.225310098379850388e-02
-3.263537883758544922e-01
-3.252041935920715332e-01
-4.758358299732208252e-01
-7.919004559516906738e-01
-6.716058850288391113e-01
-6.636863350868225098e-01
-5.816963315010070801e-01
-2.862928509712219238e-01
1.284950524568557739e-01
-1.512768417596817017e-01
-3.246453404426574707e-01
-4.039209485054016113e-01
-3.299463391304016113e-01
-3.211645483970642090e-01
-7.225668430328369141e-02
3.850565105676651001e-02
-1.298812031745910645e-01
-2.897576689720153809e-01
-7.198524475097656250e-02
-4.089984297752380371e-01
-5.461859703063964844e-01
-3.109776675701141357e-01
-3.731208145618438721e-01
-5.258281826972961426e-01
-1.050526797771453857e-01
-3.253957927227020264e-01
-3.329481184482574463e-01
-2.790598571300506592e-01
-3.523958027362823486e-01
-4.737761020660400391e-01
-4.365253448486328125e-01
-5.530836582183837891e-01
-6.042256355285644531e-01
-3.251562714576721191e-01
-2.495211213827133179e-01
5.369016528129577637e-02
1.321834027767181396e-01
2.688280642032623291e-01
1.905902922153472900e-01
-2.153519839048385620e-01
4.216206818819046021e-02
-3.032816350460052490e-01
-1.302963346242904663e-01
-1.523306518793106079e-01
-4.162952899932861328e-01
-5.511516928672790527e-01
-4.818713366985321045e-01
-5.792374610900878906e-01
-2.244850397109985352e-01
-5.062687397003173828e-01
-6.606686115264892578e-01
-5.647714138031005859e-01
-1.015612602233886719e+00
-7.895373702049255371e-01
-5.941026210784912109e-01
-2.924081981182098389e-01
-1.573602259159088135e-01
-1.134831979870796204e-01
-5.402249097824096680e-02
-1.666848957538604736e-01
-2.061390876770019531e-01
-2.426393926143646240e-01
-3.603313565254211426e-01
-5.184514522552490234e-01
-3.648659288883209229e-01
-3.059002161026000977e-01
-7.217419743537902832e-01
-3.794916272163391113e-01
-6.689180433750152588e-02
-5.485810041427612305e-01
-8.462996482849121094e-01
-6.468572020530700684e-01
-6.389696002006530762e-01
-3.147458732128143311e-01
-3.895507454872131348e-01
2.786477208137512207e-01
-1.688349992036819458e-02
-4.246938824653625488e-01
-2.992260456085205078e-01
-4.787098765373229980e-01
-4.275679290294647217e-01
-2.921527028083801270e-01
-3.470948040485382080e-01
-5.178607106208801270e-01
-3.208611905574798584e-01
-1.860686987638473511e-01
-5.175573229789733887e-01
-8.179105520248413086e-01
-5.562132000923156738e-01
-3.862136900424957275e-01
-6.665443778038024902e-01
-5.535627007484436035e-01
-6.240405440330505371e-01
-6.319920420646667480e-01
-2.621668875217437744e-01
-4.198718965053558350e-01
-1.993212252855300903e-01
-3.127020895481109619e-01
-3.150811791419982910e-01
2.562036737799644470e-02
-4.055176377296447754e-01
-5.544568300247192383e-01
-1.455766558647155762e-01
-4.122716486454010010e-01
-4.149860143661499023e-01
1.856300048530101776e-02
-2.168368995189666748e-01
1.121768876910209656e-01
-1.745725423097610474e-01
-4.297234714031219482e-01
-2.008540332317352295e-01
-1.621343195438385010e-01
-5.227668210864067078e-03
-5.670492723584175110e-02
-5.132408440113067627e-02
-2.614643573760986328e-01
-6.297886371612548828e-01
-4.527317583560943604e-01
-8.124604076147079468e-02
-3.951391577720642090e-01
-6.669276356697082520e-01
-5.265945792198181152e-01
-3.992426693439483643e-01
-2.503194808959960938e-01
-8.533356338739395142e-02
-1.461195349693298340e-01
-1.241490840911865234e-01
3.957543149590492249e-02
-4.319109320640563965e-01
-2.679947912693023682e-01
-2.273271530866622925e-01
-4.052781462669372559e-01
6.539931520819664001e-03
-3.308564722537994385e-01
-8.169311285018920898e-02
-3.685862123966217041e-01
-3.846648931503295898e-01
3.590729534626007080e-01
1.355683803558349609e-01
-6.616787519305944443e-03
-1.536878347396850586e-01
-9.758017212152481079e-02
6.509052217006683350e-02
-3.363650441169738770e-01
-3.131970763206481934e-01
1.147156283259391785e-01
-2.495849877595901489e-01
-1.082460582256317139e-01
-3.604377061128616333e-02
6.923136766999959946e-03
-3.127819299697875977e-01
-5.260676741600036621e-01
-4.736324250698089600e-01
-5.705354809761047363e-01
-3.049421906471252441e-01
-3.551261425018310547e-01
-3.898221850395202637e-01
-2.202538102865219116e-01
-5.961144566535949707e-01
1.120226364582777023e-02
-3.724502027034759521e-01
-6.220766305923461914e-01
-1.994914188981056213e-02
-7.370966672897338867e-02
4.150742664933204651e-02
-6.743468344211578369e-02
7.930105924606323242e-02
7.026379555463790894e-02
-9.371618181467056274e-02
-3.180669844150543213e-01
-1.827261969447135925e-02
-1.973413228988647461e-01
9.669442661106586456e-03
2.276771003380417824e-03
-9.949620068073272705e-02
2.468416541814804077e-01
-2.973100244998931885e-01
1.885944306850433350e-01
-1.790538057684898376e-02
1.683164685964584351e-01
-8.921352028846740723e-02
-4.013129323720932007e-02
9.477839805185794830e-03
-2.023229897022247314e-01
-2.452260404825210571e-01
-2.966713309288024902e-01
-1.265121847391128540e-01
-3.159912824630737305e-01
-4.345774054527282715e-01
-4.213567972183227539e-01
-2.520917952060699463e-01
-2.011414468288421631e-01
-3.101633787155151367e-01
-5.575384497642517090e-01
-4.435188472270965576e-01
-3.376424014568328857e-01
-3.346406221389770508e-01
-4.417784512042999268e-01
8.322891592979431152e-02
2.226198762655258179e-01
1.850817054510116577e-01
6.326177716255187988e-01
-6.153747905045747757e-03
-2.355766110122203827e-02
2.977121770381927490e-01
-3.231763839721679688e-01
-4.870551452040672302e-02
-7.323120236396789551e-01
-9.938337802886962891e-01
-8.867438435554504395e-01
-4.800511002540588379e-01
-2.369871139526367188e-01
-3.407878577709197998e-01
-1.030408516526222229e-01
-5.218684077262878418e-01
-7.428022623062133789e-01
-6.037785410881042480e-01
-7.642937302589416504e-01
-8.685734868049621582e-01
-7.346272468566894531e-01
-6.225396394729614258e-01
-4.817436039447784424e-01
-5.913882255554199219e-01
-6.990050673484802246e-01
-7.971535921096801758e-01
-6.475597620010375977e-01
-2.229522168636322021e-01
-3.435022532939910889e-01
2.739269286394119263e-02
-2.822851836681365967e-01
-1.824921071529388428e-01
-6.856088638305664062e-01
2.948435582220554352e-02
-3.326607048511505127e-01
-4.774644672870635986e-01
-3.245974481105804443e-01
-3.510705530643463135e-01
4.518565535545349121e-01
2.638144791126251221e-01
-3.520126044750213623e-01
-7.706271857023239136e-02
-5.582090616226196289e-01
-2.705441042780876160e-02
-3.042396605014801025e-01
-1.355334818363189697e-01
-1.621502935886383057e-01
2.026133537292480469e-01
1.659374088048934937e-01
3.823421150445938110e-02
-3.495537042617797852e-01
-2.951544821262359619e-01
-6.798767447471618652e-01
-5.787105560302734375e-01
-3.894868791103363037e-01
-1.255382001399993896e-01
-1.304879337549209595e-01
-5.085520148277282715e-01
-2.165973931550979614e-01
-5.442220568656921387e-01
2.417961210012435913e-01
-1.707510277628898621e-02
1.205275729298591614e-01
8.164819329977035522e-02
-2.187848538160324097e-01
-1.870586425065994263e-01
-5.476229786872863770e-01
-4.986525177955627441e-01
-3.792042136192321777e-01
-7.127366065979003906e-01
-7.517756819725036621e-01
-3.692568242549896240e-01
-5.093823075294494629e-01
-5.351528525352478027e-01
-5.181481242179870605e-01
-4.687944352626800537e-01
-6.788389086723327637e-01
-1.393655389547348022e-01
-1.638587564229965210e-01
-5.512794256210327148e-01
-6.832138299942016602e-01
-8.670725822448730469e-01
-8.136633634567260742e-01
-7.229873538017272949e-01
-2.711083590984344482e-01
-3.949635326862335205e-01
-1.600107252597808838e-01
-6.826496124267578125e-02
-2.096517980098724365e-01
1.145240217447280884e-01
2.420473145321011543e-03
-2.870592772960662842e-01
-2.691763639450073242e-01
-4.953579232096672058e-02
-3.403567671775817871e-01
-1.552631333470344543e-02
-1.973732560873031616e-01
-5.431203246116638184e-01
1.919474750757217407e-01
-1.643058210611343384e-01
-4.596613943576812744e-01
-4.035377502441406250e-01
-3.639504313468933105e-02
-4.468399584293365479e-01
-5.975354909896850586e-01
1.944383084774017334e-01
-4.298032820224761963e-01
-4.297340288758277893e-02
-2.101308107376098633e-01
-6.121931076049804688e-01
-3.853460401296615601e-02
-2.264170348644256592e-01
-7.506685703992843628e-02
-1.355334818363189697e-01
-3.622633516788482666e-01
3.727619722485542297e-02
-4.771610796451568604e-01
-3.245495259761810303e-01
2.142372578382492065e-01
-9.743647277355194092e-02
-5.612747073173522949e-01
-2.841213643550872803e-01
-6.971794366836547852e-02
-5.668950080871582031e-01
5.343469232320785522e-02
3.128488063812255859e-01
-4.706465899944305420e-01
-5.207347273826599121e-01
5.692930817604064941e-01
3.353301882743835449e-01
-1.003584116697311401e-01
3.775147199630737305e-01
5.519689917564392090e-01
-2.923443019390106201e-01
-2.093803584575653076e-01
2.321840375661849976e-01
-1.357729882001876831e-01
-2.747009098529815674e-01
3.678122535347938538e-02
6.726202368736267090e-02
8.392090909183025360e-03
-2.293549478054046631e-01
-4.359505474567413330e-01
-2.542313635349273682e-01
4.859672486782073975e-02
-1.004861444234848022e-01
1.285110265016555786e-01
7.240336388349533081e-02
-4.488039016723632812e-01
-2.224093377590179443e-01
-5.121285915374755859e-01
-4.177802205085754395e-01
-5.745112299919128418e-01
-4.905094206333160400e-01
-3.661273121833801270e-01
1.786045730113983154e-02
-2.876660227775573730e-01
-3.150332570075988770e-01
-3.495696485042572021e-01
-5.576502084732055664e-01
-4.774644672870635986e-01
-3.778789639472961426e-01
-1.014601290225982666e-01
-9.350861608982086182e-02
2.393372058868408203e-01
7.183918952941894531e-01
-1.062821298837661743e-01
5.905449986457824707e-01
3.551770448684692383e-01
-1.394613385200500488e-01
-1.057871580123901367e-01
1.240562573075294495e-01
-8.016029000282287598e-02
-1.695110350847244263e-01
2.284477949142456055e-01
-4.235602319240570068e-01
-6.710789799690246582e-01
-5.025005340576171875e-01
-5.269937515258789062e-01
-9.322120994329452515e-02
-1.817681826651096344e-02
-1.064577624201774597e-01
3.933592885732650757e-02
-4.700760822743177414e-03
-3.350238204002380371e-01
-4.631102383136749268e-01
1.652667969465255737e-01
-2.828599810600280762e-01
-3.632373213768005371e-01
1.744477599859237671e-01
-1.392537653446197510e-01
-1.193111166357994080e-01
-3.280249238014221191e-02
-1.838173717260360718e-01
-3.721947371959686279e-01
-3.741905987262725830e-01
-2.588882669806480408e-02
-1.634755432605743408e-01
-3.202863633632659912e-01
-5.358234643936157227e-01
-2.798422276973724365e-01
-1.958244740962982178e-01
-8.129927515983581543e-01
-4.153692126274108887e-01
-5.048317313194274902e-01
-2.997529506683349609e-01
-5.158009529113769531e-01
-6.603971719741821289e-01
-5.050233006477355957e-01
-6.742244958877563477e-01
-7.261647582054138184e-01
-8.108691573143005371e-01
-6.020541191101074219e-01
-5.431842207908630371e-01
-2.088534533977508545e-01
-2.456731051206588745e-01
3.473053574562072754e-01
-1.422236114740371704e-01
7.684215903282165527e-02
-2.640509903430938721e-01
-4.321823716163635254e-01
-9.282203763723373413e-02
-1.326275020837783813e-01
-4.448760449886322021e-01
-2.324684858322143555e-01
-1.188161373138427734e-01
-9.267833828926086426e-02
-2.730243802070617676e-01
4.901186376810073853e-02
-2.339693754911422729e-01
5.436077341437339783e-02
-1.719699352979660034e-01
-1.989380121231079102e-01
-8.891014754772186279e-02
-6.606686115264892578e-01
-3.664626181125640869e-01
-3.981090188026428223e-01
-5.664798617362976074e-01
-5.094461441040039062e-01
-6.387779712677001953e-01
-6.726596951484680176e-01
-9.477213621139526367e-01
-8.932902216911315918e-01
-7.655550837516784668e-01
-7.086171507835388184e-01
-7.693871855735778809e-01
-1.037567019462585449e+00
-8.269637823104858398e-01
-6.547288894653320312e-01
-6.981748342514038086e-01
-6.374207735061645508e-01
-8.806444406509399414e-01
-7.799891829490661621e-01
-4.957146346569061279e-01
-4.100522398948669434e-01
-4.378825426101684570e-01
-6.159079819917678833e-02
-4.663036167621612549e-01
-7.615953087806701660e-01
-2.152561694383621216e-01
-6.341316103935241699e-01
-9.240744113922119141e-01
-9.589780569076538086e-01
-1.037998199462890625e+00
-8.491577506065368652e-01
-4.135649502277374268e-01
-4.371001720428466797e-01
-1.004707217216491699e+00
-1.077340602874755859e+00
-1.071544647216796875e+00
-1.210696101188659668e+00
-1.004579424858093262e+00
-1.135060906410217285e+00
-1.116363644599914551e+00
-1.315502762794494629e+00
-1.532173514366149902e+00
-1.016953825950622559e+00
-9.339739084243774414e-01
-1.039674758911132812e+00
-7.163131833076477051e-01
-1.034229993820190430e+00
-2.925359308719635010e-01
-4.636051952838897705e-01
-2.578398883342742920e-01
4.885219410061836243e-02
-9.361613392829895020e-01
-8.162819147109985352e-01
-5.312728881835937500e-01
-4.939902126789093018e-01
-5.833728909492492676e-01
-9.312435388565063477e-01
-3.432308137416839600e-01
-9.400732517242431641e-01
-1.228195786476135254e+00
-8.600791096687316895e-01
-1.079176783561706543e+00
-1.029280304908752441e+00
-3.585270941257476807e-01
-2.857978940010070801e-01
-4.276637136936187744e-01
-6.802120804786682129e-01
-4.637489020824432373e-01
1.936559379100799561e-01
-7.445586323738098145e-01
2.766413055360317230e-02
-3.166459202766418457e-01
-4.164868891239166260e-01
-1.669243872165679932e-01
-6.819045543670654297e-01
-7.986704111099243164e-01
-5.427850484848022461e-01
-2.191201597452163696e-01
-6.951091885566711426e-01
-4.073698222637176514e-01
-7.711061835289001465e-02
-7.442712187767028809e-01
-1.006064414978027344e+00
-7.943114638328552246e-01
1.836287230253219604e-01
1.111869439482688904e-01
-5.139009356498718262e-01
-6.666561961174011230e-01
3.242226317524909973e-02
-2.403241991996765137e-01
-7.310292869806289673e-02
1.340036243200302124e-01
8.900892734527587891e-02
-4.534981548786163330e-01
-7.347070574760437012e-01
-1.619586944580078125e-01
-1.111360639333724976e-01
-3.519210964441299438e-03
1.521420180797576904e-01
-6.359997391700744629e-01
-2.636677920818328857e-01
-2.383602708578109741e-01
-7.590768393129110336e-03
3.265643715858459473e-01
-2.452260404825210571e-01
1.663525551557540894e-01
3.544585108757019043e-01
3.777542114257812500e-01
-7.888294011354446411e-02
6.915036439895629883e-01
2.947263717651367188e-01
-3.147777915000915527e-01
2.138221114873886108e-01
3.193473219871520996e-01
-7.291132211685180664e-02
3.723733723163604736e-01
4.323130846023559570e-01
5.341339707374572754e-01
9.150561094284057617e-01
1.846027076244354248e-01
6.127229928970336914e-01
3.487423658370971680e-01
-1.197901219129562378e-01
-4.569949209690093994e-01
2.121615558862686157e-01
2.055033743381500244e-01
7.078537344932556152e-01
2.956524491310119629e-01
-6.844059377908706665e-02
-1.913218051195144653e-01
-2.019876837730407715e-01
-7.562569528818130493e-02
-1.940361708402633667e-01
-3.456737399101257324e-01
-4.199836552143096924e-01
-3.850321173667907715e-01
-2.685696184635162354e-01
-5.376596450805664062e-01
-1.510852426290512085e-01
-4.548553526401519775e-01
-6.317365765571594238e-01
-2.556843459606170654e-01
-4.347051382064819336e-01
-4.359185993671417236e-01
-2.620870471000671387e-01
-4.245821237564086914e-01
-3.466956317424774170e-01
-2.259060889482498169e-01
8.455416560173034668e-02
9.842939674854278564e-02
-4.110527411103248596e-02
-3.575211763381958008e-01
1.120970547199249268e-01
-2.099232375621795654e-01
-3.655470907688140869e-02
-9.679779410362243652e-02
-4.936069846153259277e-01
4.107632115483283997e-02
-4.051823318004608154e-01
-5.186910033226013184e-01
4.513191059231758118e-02
-6.405023932456970215e-01
-4.741593301296234131e-01
