1.419210672378540039e+00
2.080447673797607422e+00
1.890425682067871094e+00
-7.034279108047485352e-01
2.583537697792053223e-01
7.718650102615356445e-01
9.983713626861572266e-01
-3.856069445610046387e-01
-1.910184323787689209e-01
1.289580911397933960e-01
8.525671064853668213e-02
1.005684137344360352e+00
8.304315805435180664e-01
-3.814236223697662354e-01
7.214096188545227051e-01
1.534874916076660156e+00
8.492246270179748535e-01
-1.133943200111389160e+00
1.633630156517028809e+00
-1.000507950782775879e+00
2.717659771442413330e-01
1.487117886543273926e+00
2.175583690404891968e-01
-7.426585555076599121e-01
-5.932563543319702148e-01
3.378369808197021484e-01
1.189031958580017090e+00
-5.574745535850524902e-01
9.683695435523986816e-01
4.595526158809661865e-01
-2.249837398529052734e+00
-4.481652081012725830e-01
1.815796375274658203e+00
1.981181502342224121e+00
1.063596129417419434e+00
7.323469519615173340e-01
8.559201657772064209e-02
2.854230813682079315e-02
-6.000582575798034668e-01
-1.219978323206305504e-03
-1.514498114585876465e+00
-2.035194396972656250e+00
-8.245847225189208984e-01
-3.761385679244995117e-01
-1.645442605018615723e+00
-7.078347802162170410e-01
5.711930990219116211e-01
1.337444305419921875e+00
-5.626478195190429688e-01
-2.108019351959228516e+00
-1.754049420356750488e+00
-8.456131219863891602e-01
9.847037196159362793e-01
-1.578589200973510742e+00
2.507854700088500977e-01
7.796409130096435547e-01
2.333815544843673706e-01
-8.896816968917846680e-01
-1.356441855430603027e+00
-9.763659834861755371e-01
3.841888606548309326e-01
-1.447101950645446777e+00
1.348977684974670410e-01
-1.154109477996826172e+00
-1.018438696861267090e+00
8.231985569000244141e-01
1.947257220745086670e-01
-2.419485569000244141e+00
1.272586703300476074e+00
-7.430737018585205078e-01
-3.449845075607299805e+00
-2.645129680633544922e+00
9.244446158409118652e-01
-5.251256227493286133e-01
-9.505740553140640259e-02
-9.683027267456054688e-01
-1.960868597030639648e+00
9.055398106575012207e-01
1.556765556335449219e+00
-4.954751133918762207e-01
-4.109985660761594772e-03
1.375078201293945312e+00
1.240078210830688477e+00
-2.302011847496032715e-01
-4.188819229602813721e-01
1.097126603126525879e+00
-6.055668592453002930e-01
-7.685249447822570801e-01
-1.313043832778930664e+00
-1.485534191131591797e+00
1.053744554519653320e+00
-1.969442844390869141e+00
-5.212776064872741699e-01
1.483126163482666016e+00
-5.330132842063903809e-01
-1.628469824790954590e+00
-1.942842006683349609e+00
9.005581736564636230e-01
1.859226346015930176e+00
-1.047849774360656738e+00
-8.024545907974243164e-01
-2.987310588359832764e-01
9.459733963012695312e-02
-9.943925738334655762e-01
7.452961206436157227e-01
1.640373468399047852e-01
1.466297149658203125e+00
5.760630369186401367e-01
-1.077228784561157227e+00
-1.765705227851867676e+00
-6.402309536933898926e-01
1.471124440431594849e-01
-1.063337683677673340e+00
-9.759029150009155273e-01
-1.544835209846496582e+00
-2.503423690795898438e+00
-9.286249876022338867e-01
2.308135509490966797e+00
-3.218671083450317383e-01
-3.739670813083648682e-01
6.966290473937988281e-01
-8.446071743965148926e-01
-3.767793893814086914e+00
-1.887261271476745605e+00
1.548877835273742676e+00
6.625397205352783203e-01
-4.061084091663360596e-01
-5.479423403739929199e-01
-4.924254417419433594e-01
-4.065395295619964600e-01
9.135552048683166504e-01
-2.050213962793350220e-01
1.425118446350097656e+00
7.416716217994689941e-01
5.531345605850219727e-01
-1.626218438148498535e+00
-1.981875747442245483e-01
-3.882254958152770996e-01
-9.862335324287414551e-01
-1.615297198295593262e+00
-1.714786887168884277e+00
-8.321051001548767090e-01
4.883089661598205566e-01
-1.433019042015075684e+00
6.545562744140625000e-01
-6.467614173889160156e-01
-4.767778813838958740e-01
-1.375697970390319824e+00
-1.014846205711364746e+00
8.871098048985004425e-03
-9.721667170524597168e-01
7.609915733337402344e-01
9.141992777585983276e-02
1.569161117076873779e-01
-1.020722031593322754e+00
4.289654642343521118e-02
6.336076855659484863e-01
1.441213130950927734e+00
1.447663784027099609e+00
1.599019169807434082e-01
-1.145475637167692184e-02
2.289267927408218384e-01
1.061217069625854492e+00
4.174638688564300537e-01
-5.568039417266845703e-01
-1.219222426414489746e+00
-1.377917408943176270e+00
-7.496201395988464355e-01
-7.308696210384368896e-02
7.995570451021194458e-02
-3.609540462493896484e-01
-1.158303320407867432e-01
4.569979012012481689e-01
3.517441451549530029e-01
7.628277540206909180e-01
-3.080078363418579102e-01
-7.259252667427062988e-01
-1.446718692779541016e+00
-1.633020401000976562e+00
-3.622431278228759766e+00
-1.411048650741577148e+00
-4.158482253551483154e-01
1.142424702644348145e+00
6.371204257011413574e-01
-2.929351031780242920e-01
4.968033730983734131e-01
1.379197716712951660e+00
1.558473944664001465e+00
1.035701990127563477e+00
2.110173739492893219e-02
8.049324750900268555e-01
4.599837064743041992e-01
3.712556958198547363e-01
-2.790598571300506592e-01
4.134881198406219482e-01
-1.040217638015747070e+00
-5.895839929580688477e-01
-3.448913693428039551e-01
-1.644915699958801270e+00
-7.000110149383544922e-01
1.142664194107055664e+00
-3.604271411895751953e-01
3.261332511901855469e-01
-3.106743097305297852e-01
1.816647946834564209e-01
2.652674615383148193e-01
1.730586439371109009e-01
-3.070019185543060303e-01
4.935141801834106445e-01
1.203200072050094604e-01
-3.941172957420349121e-01
2.618186175823211670e-01
-5.784391164779663086e-01
-4.809931516647338867e-01
-4.526519179344177246e-01
6.854362487792968750e-01
-8.321210741996765137e-01
-3.074170649051666260e-01
-7.977603077888488770e-01
-2.040633857250213623e-01
-4.248216152191162109e-01
4.061327874660491943e-02
-4.257956147193908691e-01
-8.725971579551696777e-01
-9.245853424072265625e-01
-8.632245659828186035e-01
-4.720516800880432129e-01
8.273394405841827393e-02
-5.636537671089172363e-01
-4.401019513607025146e-01
4.733000993728637695e-01
1.817009925842285156e+00
1.412839889526367188e+00
1.016706749796867371e-01
-6.583853363990783691e-01
-3.970871269702911377e-01
6.427726745605468750e-01
-2.341395802795886993e-02
2.777216434478759766e-01
-1.935411989688873291e-01
3.666093349456787109e-01
1.459947675466537476e-01
-1.763394288718700409e-02
-4.825259745121002197e-01
-1.044704318046569824e+00
7.643286585807800293e-01
-1.669563204050064087e-01
2.196814298629760742e+00
-4.031705260276794434e-01
5.405845642089843750e-01
7.449607849121093750e-01
7.286745905876159668e-01
-1.008374169468879700e-01
5.145425796508789062e-01
5.967561006546020508e-01
3.439682722091674805e-01
-7.310506701469421387e-01
-6.920595169067382812e-01
-3.893112540245056152e-01
1.668634861707687378e-01
1.425022721290588379e+00
2.893385887145996094e+00
1.381912112236022949e+00
-3.111852407455444336e-01
5.090020895004272461e-01
3.729002773761749268e-01
-6.894728541374206543e-01
-8.595627546310424805e-02
-1.628528386354446411e-01
-1.110136628150939941e+00
5.939034372568130493e-02
-1.493927389383316040e-01
5.489033460617065430e-01
1.077221259474754333e-01
-3.578085601329803467e-01
2.470332533121109009e-01
1.594388782978057861e-01
-6.653628349304199219e-01
-4.511989355087280273e-01
-2.880332469940185547e-01
-1.295592069625854492e+00
-9.691808819770812988e-01
5.558648705482482910e-01
-7.295976877212524414e-01
-1.289253234863281250e+00
4.757270812988281250e-01
1.031374931335449219e+00
5.465881228446960449e-01
1.321993619203567505e-01
1.238433599472045898e+00
-5.633823275566101074e-01
-5.069553256034851074e-01
3.114916086196899414e-01
-6.392410397529602051e-01
-4.728979468345642090e-01
8.029685020446777344e-01
-2.553171217441558838e-01
-9.539325237274169922e-01
-6.891959905624389648e-02
6.871127486228942871e-01
-5.166631937026977539e-01
3.633840084075927734e-01
1.328540146350860596e-01
4.121149778366088867e-01
5.055212974548339844e-01
2.466979473829269409e-01
1.407416462898254395e-01
4.506909847259521484e-01
4.562315046787261963e-01
-4.401125013828277588e-02
-2.558919191360473633e-01
8.150873780250549316e-01
-5.947572588920593262e-01
-9.960371851921081543e-01
3.811391890048980713e-01
-1.788835972547531128e-01
4.429949522018432617e-01
-3.855749964714050293e-01
-3.314791619777679443e-01
4.805969595909118652e-01
-4.466164410114288330e-01
-1.096053838729858398e+00
-5.899192690849304199e-01
4.352350234985351562e-01
-7.003728300333023071e-02
3.738742768764495850e-01
3.410420380532741547e-03
-4.235602319240570068e-01
-1.599617600440979004e+00
-9.416699409484863281e-01
-9.922476112842559814e-02
-9.799585342407226562e-01
-3.359541995450854301e-03
-2.015885114669799805e-01
1.020054340362548828e+00
1.334378600120544434e+00
1.449771404266357422e+00
9.807758331298828125e-01
-1.368108391761779785e-01
1.273369193077087402e+00
1.329817473888397217e-01
5.063675045967102051e-01
-4.647069275379180908e-01
1.013248227536678314e-02
-3.129416108131408691e-01
-4.487240612506866455e-01
-2.943721115589141846e-01
-6.809305548667907715e-01
-9.312541037797927856e-02
-2.346080541610717773e-01
-5.854325890541076660e-01
2.965625822544097900e-01
4.572533667087554932e-01
2.374765396118164062e+00
-3.926323652267456055e-01
-6.169991493225097656e-01
-9.030460119247436523e-01
-5.120328068733215332e-01
1.500024497509002686e-01
-1.603290081024169922e+00
-3.956820368766784668e-01
6.070068478584289551e-01
-1.128498554229736328e+00
1.010799035429954529e-01
-3.781024813652038574e-01
-4.407885074615478516e-01
9.669005870819091797e-01
1.801857352256774902e+00
1.280937433242797852e+00
-3.478931486606597900e-01
-1.650951266288757324e+00
1.141402721405029297e+00
6.070387959480285645e-01
2.891060411930084229e-01
-1.395592689514160156e+00
3.623301982879638672e-01
-6.012866497039794922e+00
-6.619139909744262695e-01
-4.448760449886322021e-01
7.686716318130493164e-01
9.884453564882278442e-02
9.175788760185241699e-01
3.796862065792083740e-01
-9.556834399700164795e-02
8.871140480041503906e-01
1.179883003234863281e+00
8.306710720062255859e-01
1.827345788478851318e-01
1.230450153350830078e+00
6.053996086120605469e-02
3.744969666004180908e-01
-7.712233662605285645e-01
-1.045933723449707031e+00
-2.397174537181854248e-01
4.096241295337677002e-01
-8.690365552902221680e-01
-5.235449075698852539e-01
3.822568953037261963e-01
-5.485276877880096436e-02
4.582592844963073730e-01
2.154880948364734650e-02
-3.126966953277587891e-02
-4.883219599723815918e-01
-7.326259464025497437e-02
-4.187168553471565247e-02
4.183740019798278809e-01
-7.180961221456527710e-02
-1.153550624847412109e+00
-1.084222316741943359e+00
2.605252861976623535e-01
6.880228519439697266e-01
-1.254583597183227539e-01
-2.796985507011413574e-01
5.117643475532531738e-01
1.005891799926757812e+00
4.710168242454528809e-01
-8.016562461853027344e-01
-4.817595481872558594e-01
-9.167242050170898438e-02
-4.908330272883176804e-03
6.757283806800842285e-01
-6.117565929889678955e-02
-8.573966622352600098e-01
-1.157877564430236816e+00
-8.219820857048034668e-01
-1.175547540187835693e-01
-4.513905346393585205e-01
-9.947438836097717285e-01
-3.892793059349060059e-01
2.014956772327423096e-01
-3.671332299709320068e-01
4.245691597461700439e-01
3.323603570461273193e-01
5.860583186149597168e-01
3.978884816169738770e-01
5.211528539657592773e-01
4.875627994537353516e+00
8.220809102058410645e-01
1.033471971750259399e-01
-9.007148742675781250e-01
-2.827641665935516357e-01
9.982116818428039551e-01
3.831191062927246094e-01
5.054733753204345703e-01
-5.987489819526672363e-01
-5.444136261940002441e-01
-4.240552186965942383e-01
-1.210515052080154419e-01
7.550837993621826172e-01
3.664656281471252441e-01
-1.344477385282516479e-01
-3.811841011047363281e-01
1.222530603408813477e+00
7.297603487968444824e-01
4.271238446235656738e-01
2.632291056215763092e-02
5.159850046038627625e-02
8.414806723594665527e-01
4.747371077537536621e-01
-4.118245840072631836e-01
1.388043403625488281e+00
-4.870286285877227783e-01
3.197305202484130859e-01
1.116430521011352539e+00
8.513322472572326660e-01
3.591901436448097229e-02
-4.618274793028831482e-02
1.263932704925537109e+00
4.376939237117767334e-01
-7.070843577384948730e-01
-1.745395421981811523e+00
-6.865349411964416504e-01
4.590416550636291504e-01
2.169251255691051483e-02
1.552395969629287720e-01
-4.186424314975738525e-01
-1.372456669807434082e+00
-6.639683246612548828e-02
-4.286696314811706543e-01
1.795731335878372192e-01
4.938814342021942139e-01
9.189999103546142578e-01
9.153275489807128906e-01
4.398334920406341553e-01
-4.096850156784057617e-01
3.484709262847900391e-01
8.357645273208618164e-01
-5.478784441947937012e-01
-2.335063368082046509e-01
-4.301865100860595703e-01
-1.558433771133422852e-01
-6.980630755424499512e-01
-1.475044012069702148e+00
-5.325023531913757324e-01
1.797222718596458435e-02
4.456294775009155273e-01
1.147794947028160095e-01
7.397715449333190918e-01
6.508040428161621094e-01
3.403916954994201660e-01
5.804379582405090332e-01
7.099294662475585938e-01
-7.235941290855407715e-01
-5.459784269332885742e-01
-7.854763418436050415e-02
3.658109903335571289e-01
-6.127519607543945312e-01
-4.853840470314025879e-01
-3.542000651359558105e-01
-1.883145980536937714e-02
4.289121329784393311e-01
7.965233176946640015e-02
3.264525830745697021e-01
1.194812059402465820e+00
3.371823430061340332e-01
7.980666756629943848e-01
9.144812822341918945e-01
4.943923652172088623e-01
-1.984430402517318726e-01
-2.621988356113433838e-01
-1.413134932518005371e-01
-3.563076853752136230e-01
-5.892326831817626953e-01
1.006354808807373047e+00
1.428387407213449478e-02
-1.736624240875244141e-01
-7.657147645950317383e-01
-1.355675458908081055e+00
-7.516000270843505859e-01
5.507235527038574219e-01
-8.556243181228637695e-01
-6.305071115493774414e-01
2.468586921691894531e+00
8.412571549415588379e-01
-4.276583343744277954e-02
-5.808181762695312500e-01
-7.288951277732849121e-01
4.381410181522369385e-01
-3.709972202777862549e-01
-8.915657997131347656e-01
5.290778726339340210e-02
-6.776893138885498047e-01
-9.667539000511169434e-01
-2.521237432956695557e-01
1.584212541580200195e+00
-2.566742897033691406e-01
3.234667778015136719e-01
-9.614848494529724121e-01
9.930757433176040649e-02
-1.081821918487548828e-01
1.195855289697647095e-01
6.464345008134841919e-02
1.298532962799072266e+00
-1.707724183797836304e-01
-8.211199045181274414e-01
-6.502581834793090820e-01
-9.467474222183227539e-01
-1.307774782180786133e+00
-7.008891701698303223e-01
1.127016544342041016e+00
2.175211191177368164e+00
2.003886461257934570e+00
9.663736820220947266e-01
1.023567080497741699e+00
4.579878449440002441e-01
-6.675343513488769531e-01
1.344405889511108398e+00
3.073402345180511475e-01
-4.877631068229675293e-01
8.994883894920349121e-01
-1.546937525272369385e-01
-7.129282355308532715e-01
2.237535268068313599e-01
-2.947712838649749756e-01
2.472408264875411987e-01
-3.294034600257873535e-01
9.700939655303955078e-01
1.271229624748229980e+00
1.703102111816406250e+00
8.085728883743286133e-01
-2.235749214887619019e-01
1.267078161239624023e+00
-5.631587505340576172e-01
1.306053400039672852e+00
6.681281328201293945e-01
6.197005510330200195e-01
-6.120174527168273926e-01
1.614826470613479614e-01
-1.458821654319763184e+00
-2.533553123474121094e+00
-4.926010668277740479e-01
1.349164009094238281e+00
-6.535313725471496582e-01
-5.222036838531494141e-01
3.182296454906463623e-01
1.583015084266662598e+00
-2.034875154495239258e+00
-5.964497327804565430e-01
-1.741387724876403809e+00
-1.634249806404113770e+00
-6.215177774429321289e-01
2.450831651687622070e+00
2.531672000885009766e+00
2.580983042716979980e-01
1.025770545005798340e+00
-5.959867238998413086e-01
-2.138830274343490601e-01
1.997786998748779297e+00
-1.009012833237648010e-01
-1.514498114585876465e+00
-1.005569458007812500e+00
-2.309473752975463867e+00
-3.132359504699707031e+00
-3.468658402562141418e-02
1.447983026504516602e+00
3.450901985168457031e+00
1.324602589011192322e-02
-2.559898376464843750e+00
9.948905706405639648e-01
-4.405011236667633057e-01
-2.286768913269042969e+00
-2.272792458534240723e-01
3.232379198074340820e+00
1.006833791732788086e+00
2.559150934219360352e+00
6.126751303672790527e-01
-1.951927185058593750e+00
-3.729824542999267578e+00
5.571081638336181641e+00
3.057876825332641602e+00
-1.265717983245849609e+00
1.198005437850952148e+00
7.827917486429214478e-02
6.390683650970458984e-01
2.075471282005310059e-01
-1.217066884040832520e+00
8.529449105262756348e-01
2.173630475997924805e+00
2.610708236694335938e+00
1.425725221633911133e+00
5.966922640800476074e-01
4.785851538181304932e-01
5.957502126693725586e-01
6.268537044525146484e-01
9.989302158355712891e-01
2.740646600723266602e+00
-9.169691205024719238e-01
-2.415286302566528320e+00
1.261888980865478516e+00
7.728070616722106934e-01
4.726933538913726807e-01
1.178611069917678833e-01
-1.203415155410766602e+00
-2.082711935043334961e+00
1.725476980209350586e-01
-6.107985600829124451e-02
-2.893175363540649414e+00
-2.400756359100341797e+00
1.745765566825866699e+00
-5.080091357231140137e-01
9.757622480392456055e-01
1.577777981758117676e+00
1.097956895828247070e+00
-1.196549415588378906e+00
-1.695450901985168457e+00
1.173799633979797363e+00
-1.279992461204528809e+00
-2.086001157760620117e+00
5.529429316520690918e-01
-9.273795485496520996e-01
-1.144752860069274902e+00
-9.333351850509643555e-01
-4.631581306457519531e-01
1.250903725624084473e+00
5.402652621269226074e-01
-7.892819046974182129e-01
-6.174142956733703613e-01
8.974925279617309570e-01
5.604793429374694824e-01
-7.236260175704956055e-01
-7.512647509574890137e-01
5.481369495391845703e-01
-7.006337046623229980e-01
8.985942602157592773e-01
2.372434139251708984e+00
3.359529078006744385e-01
1.853127002716064453e+00
6.565521359443664551e-01
8.367863893508911133e-01
4.981924891471862793e-01
-1.480153322219848633e+00
-2.386258602142333984e+00
-7.809790968894958496e-01
4.482480585575103760e-01
-5.304745435714721680e-01
-2.389420032501220703e+00
-1.350246787071228027e+00
3.931941986083984375e-01
1.608386516571044922e+00
-1.259443044662475586e+00
-1.107086896896362305e+00
2.600622475147247314e-01
5.842540264129638672e-01
-2.907156944274902344e-01
7.797207236289978027e-01
-2.262413948774337769e-01
6.609110832214355469e-01
9.904357790946960449e-01
1.808399520814418793e-02
-6.385384798049926758e-01
3.379647135734558105e-01
-5.800517201423645020e-01
1.423223763704299927e-01
5.612297654151916504e-01
-5.721800923347473145e-01
-1.310787200927734375e-01
-7.970418334007263184e-01
-6.660494208335876465e-01
-4.897589683532714844e-01
-1.789793968200683594e-01
1.919474750757217407e-01
-8.563907742500305176e-01
-6.786632537841796875e-01
-4.438861012458801270e-01
5.001085400581359863e-01
-1.101141795516014099e-01
4.910712540149688721e-01
-2.377535253763198853e-01
6.538856625556945801e-01
-8.469223976135253906e-01
-4.442638903856277466e-02
-8.791435956954956055e-01
-4.740635156631469727e-01
-1.016038283705711365e-01
1.058183312416076660e+00
1.023838520050048828e+00
2.952852249145507812e-01
-7.008413076400756836e-01
-5.533870458602905273e-01
-3.114316940307617188e+00
-1.267410516738891602e+00
1.833328008651733398e+00
2.254997730255126953e+00
3.889949023723602295e-01
1.643018603324890137e+00
1.585250496864318848e+00
4.652368128299713135e-01
-6.590240001678466797e-01
-1.586205482482910156e+00
-2.103181600570678711e+00
-3.533218801021575928e-01
-4.862781763076782227e-01
-7.561346292495727539e-01
7.560897469520568848e-01
-4.623438119888305664e-01
1.108197048306465149e-01
-1.385613441467285156e+00
-3.255703687667846680e+00
-3.861551523208618164e+00
3.505466282367706299e-01
-3.820782601833343506e-01
2.935288548469543457e-01
-2.554288804531097412e-01
-2.475721120834350586e+00
1.617806911468505859e+00
6.849093437194824219e-01
6.460299491882324219e-01
1.061472535133361816e+00
-3.796991705894470215e-01
-1.709038734436035156e+00
-2.469366312026977539e+00
-4.507859230041503906e+00
-3.240199804306030273e+00
9.595558643341064453e-01
5.698737144470214844e+00
3.189635753631591797e+00
6.017856597900390625e-01
-1.283121943473815918e+00
-1.228946208953857422e+00
2.602820396423339844e+00
-1.796712994575500488e+00
-1.099582433700561523e+00
-4.694011807441711426e-01
-2.338629245758056641e+00
2.580706357955932617e+00
2.072160720825195312e+00
1.365609884262084961e+00
6.535184383392333984e-01
-1.080086946487426758e+00
-2.181850433349609375e+00
-4.311604797840118408e-01
1.586352109909057617e+00
1.226985335350036621e+00
8.658940196037292480e-01
5.068784952163696289e-01
-6.622653007507324219e-01
-2.232656955718994141e+00
-2.338613271713256836e+00
-3.807050883769989014e-01
-8.128650188446044922e-01
3.874301612377166748e-01
1.765713542699813843e-01
-1.900284886360168457e-01
-8.053765296936035156e-01
1.891373097896575928e-01
2.054373741149902344e+00
-8.049773573875427246e-01
1.513915657997131348e-01
-1.407216548919677734e+00
9.695990085601806641e-01
-4.424330890178680420e-01
2.685050010681152344e+00
1.388761878013610840e+00
-2.018280178308486938e-01
1.489449143409729004e+00
-2.211000621318817139e-01
-3.160796403884887695e+00
-3.413946032524108887e-01
2.997442245483398438e+00
1.388777852058410645e+00
-1.126374959945678711e+00
1.390981316566467285e+00
1.108047962188720703e+00
-1.118998169898986816e+00
-6.637821197509765625e-01
4.023112952709197998e-01
-4.940700232982635498e-01
-1.334375619888305664e+00
-1.674071311950683594e+00
-1.403480291366577148e+00
-1.379162788391113281e+00
9.104895591735839844e-01
-8.378531932830810547e-01
3.141256093978881836e+00
1.235862851142883301e+00
3.801067546010017395e-02
-9.991347789764404297e-01
1.006163239479064941e+00
-9.406480193138122559e-01
-4.170457422733306885e-01
9.261744469404220581e-02
-1.763837099075317383e+00
-8.687012195587158203e-01
2.838050127029418945e-01
1.760056018829345703e+00
-5.179564952850341797e-01
7.676232606172561646e-02
-3.056766688823699951e-01
2.704567015171051025e-01
-2.791610002517700195e+00
-2.547412395477294922e+00
-1.769888639450073242e+00
5.814492702484130859e-02
-2.480974197387695312e+00
-8.610690236091613770e-01
1.491476893424987793e+00
2.764921784400939941e-01
1.018553495407104492e+00
-9.829443693161010742e-01
-5.209583044052124023e-01
5.731410980224609375e-01
-9.026308655738830566e-01
-3.536412119865417480e-01
-3.503520488739013672e-01
-2.986693620681762695e+00
-2.125966310501098633e+00
-1.889975547790527344e+00
2.462987750768661499e-01
2.192487239837646484e+00
2.642775177955627441e-01
-2.170242547988891602e+00
1.069152593612670898e+00
-2.764833450317382812e+00
-6.748471856117248535e-01
1.218459010124206543e+00
-8.503872156143188477e-01
2.090969800949096680e+00
-2.033789396286010742e+00
-2.368593811988830566e-01
-4.418428897857666016e+00
8.405545949935913086e-01
2.841493606567382812e+00
-1.132282733917236328e+00
-8.746408820152282715e-01
1.406548976898193359e+00
6.022062152624130249e-02
-1.693918108940124512e+00
-1.392058730125427246e-01
7.899768650531768799e-02
-9.877663254737854004e-01
-8.479921817779541016e-01
5.701392889022827148e-01
2.229386806488037109e+00
1.221269130706787109e+00
-7.676308155059814453e-01
-4.892640113830566406e-01
5.065751075744628906e-01
-1.663836479187011719e+00
1.196520447731018066e+00
5.620121359825134277e-01
4.886602461338043213e-01
-1.397327780723571777e-01
-3.892473876476287842e-01
3.667221307754516602e+00
9.729041457176208496e-01
1.963383704423904419e-01
1.049768805503845215e+00
-1.139228224754333496e+00
-1.028034806251525879e+00
-1.519474536180496216e-01
-8.017625659704208374e-02
3.998204767704010010e-01
1.015871047973632812e+00
1.604809880256652832e+00
7.227348685264587402e-01
-6.304273009300231934e-01
-7.869134098291397095e-02
-6.575710177421569824e-01
6.786876171827316284e-02
-5.137572288513183594e-01
-8.719265460968017578e-01
5.596650242805480957e-01
1.941375970840454102e+00
6.839832663536071777e-01
-7.763327360153198242e-01
7.890933156013488770e-01
9.894618391990661621e-01
-1.387976527214050293e+00
1.923945546150207520e-01
-1.570637702941894531e+00
5.722788572311401367e-01
-1.840035431087017059e-02
1.120757579803466797e+00
1.059907793998718262e+00
-3.053733110427856445e-01
-2.255553483963012695e+00
-2.415733337402343750e+00
-1.304613351821899414e+00
1.248546019196510315e-01
-1.411942839622497559e+00
-1.818055361509323120e-01
-8.075160980224609375e-01
-1.229744553565979004e+00
-2.235195875167846680e+00
-3.169626235961914062e+00
-1.145311713218688965e+00
2.775993198156356812e-02
1.106451272964477539e+00
-1.066483139991760254e+00
-1.538448452949523926e+00
-7.436964511871337891e-01
-1.118386089801788330e-01
2.324395179748535156e-01
-1.059425711631774902e+00
-1.045470714569091797e+00
-1.490095406770706177e-01
1.359239101409912109e+00
-6.728353500366210938e-01
6.409684419631958008e-01
1.038655877113342285e+00
1.513351559638977051e+00
1.359686136245727539e+00
1.604570388793945312e+00
1.518269300460815430e+00
1.040619730949401855e+00
-1.557794958353042603e-01
-6.932250857353210449e-01
-9.912311434745788574e-01
-1.256361365318298340e+00
-1.570408940315246582e-01
1.498906761407852173e-01
-1.546777933835983276e-01
1.004252582788467407e-01
4.993261396884918213e-01
-8.591370582580566406e-01
-9.873671531677246094e-01
7.615558058023452759e-02
-1.420836329460144043e+00
-6.900157332420349121e-01
-1.667620658874511719e+00
-2.968310117721557617e-01
1.130034327507019043e+00
-3.724502027034759521e-01
4.318819940090179443e-01
-2.588399410247802734e+00
-1.749403119087219238e+00
1.449148654937744141e+00
5.428678393363952637e-01
1.331249117851257324e+00
5.733061581850051880e-02
-7.941677570343017578e-01
6.979223489761352539e-01
2.988618016242980957e-01
6.119460240006446838e-02
1.962745040655136108e-01
3.284644186496734619e-01
-2.749244272708892822e-01
1.439760088920593262e+00
-2.192478924989700317e-01
7.127236723899841309e-01
-5.956300348043441772e-02
-1.453690826892852783e-01
-7.503546476364135742e-01
-9.332074522972106934e-01
-7.647886872291564941e-01
-1.495683789253234863e-01
2.402324199676513672e+00
1.016477823257446289e+00
1.225979447364807129e+00
1.597944140434265137e+00
2.690675854682922363e-01
1.519371032714843750e+00
5.477218031883239746e-01
8.933251500129699707e-01
5.083953142166137695e-01
2.057109326124191284e-01
-5.520777702331542969e-01
-2.459924370050430298e-01
-3.918383270502090454e-03
-1.134033650159835815e-01
-2.746689617633819580e-01
4.798998311161994934e-02
-1.876813471317291260e-01
-8.003255724906921387e-02
-6.817927956581115723e-01
-2.250598520040512085e-01
-8.753753900527954102e-01
-3.990031480789184570e-01
-5.398949980735778809e-01
-1.078617930412292480e+00
-4.921540021896362305e-01
4.960263893008232117e-02
3.378529548645019531e-01
4.320895373821258545e-01
2.684927880764007568e-01
-1.732951849699020386e-01
-2.473741054534912109e+00
-8.855941891670227051e-01
1.860918879508972168e+00
3.406641721725463867e+00
4.259018421173095703e+00
2.387379169464111328e+00
-6.189311146736145020e-01
-9.451985955238342285e-01
-2.667972743511199951e-01
-1.112637966871261597e-01
9.250567853450775146e-02
-1.445664882659912109e+00
3.626974523067474365e-01
2.432704903185367584e-02
-5.028678178787231445e-01
-1.237504482269287109e+00
1.403584480285644531e-01
-7.262924909591674805e-01
7.900353670120239258e-01
3.187884986400604248e-01
1.097499206662178040e-01
1.631751358509063721e-01
1.217293381690979004e+00
1.198596239089965820e+00
2.989576160907745361e-01
-3.787730932235717773e-01
2.614034712314605713e-01
-1.488498747348785400e-01
-9.837851673364639282e-02
-4.945171177387237549e-01
-4.844100773334503174e-01
5.619696527719497681e-02
7.343747615814208984e-01
-3.153366446495056152e-01
-1.693311333656311035e+00
-1.310696721076965332e+00
-1.129616260528564453e+00
-5.838838219642639160e-01
-4.868689775466918945e-01
-1.034400239586830139e-01
-1.664123892784118652e+00
-8.117153644561767578e-01
6.785544753074645996e-01
6.216005682945251465e-01
-5.134857892990112305e-01
-1.386108398437500000e+00
7.265350222587585449e-01
8.345244824886322021e-02
1.285903096199035645e+00
1.129507422447204590e+00
9.295275062322616577e-02
2.954927980899810791e-01
4.934662878513336182e-01
3.751835525035858154e-01
-1.841686367988586426e-01
-2.018322935327887535e-03
-1.801769137382507324e-01
-5.068116188049316406e-01
-1.177421092987060547e+00
-1.189971089363098145e+00
-3.896571323275566101e-02
-3.277109861373901367e-01
7.177053093910217285e-01
5.545875430107116699e-01
9.251471757888793945e-01
6.624758243560791016e-01
-2.785329520702362061e-01
1.453044533729553223e+00
7.630034089088439941e-01
4.679671525955200195e-01
3.994851708412170410e-01
3.878133594989776611e-01
2.978079915046691895e-01
2.891539335250854492e-01
-2.597559094429016113e-01
2.590084373950958252e-01
7.623168230056762695e-01
-4.490433931350708008e-01
-6.506733298301696777e-01
-6.815053820610046387e-01
3.309233188629150391e-01
-2.373543530702590942e-01
3.595200181007385254e-01
1.098100543022155762e+00
9.471495747566223145e-01
2.376926243305206299e-01
-3.417992556933313608e-04
-5.221238732337951660e-01
1.498268097639083862e-01
6.039412021636962891e-01
-6.917507201433181763e-02
5.608519911766052246e-02
5.567750334739685059e-01
1.685080826282501221e-01
2.851037494838237762e-02
1.130880594253540039e+00
4.959251880645751953e-01
9.512425214052200317e-02
-7.185485959053039551e-01
6.705870032310485840e-01
2.382509231567382812e+00
9.238336235284805298e-03
8.851979970932006836e-01
1.274454832077026367e+00
1.098212361335754395e+00
4.025188684463500977e-01
9.965884685516357422e-02
9.956846013665199280e-03
1.338434219360351562e+00
7.196851968765258789e-01
3.300132155418395996e-01
-1.218817830085754395e-01
4.969470798969268799e-01
3.972497880458831787e-01
-2.056281417608261108e-01
-7.112995982170104980e-01
1.610355675220489502e-01
3.546022176742553711e-01
6.826420426368713379e-01
1.943105757236480713e-01
-7.481352090835571289e-01
1.782852411270141602e-02
-4.056932926177978516e-01
8.573571592569351196e-02
-7.260689735412597656e-01
-4.810729920864105225e-01
1.000079751014709473e+00
3.171119689941406250e-01
-3.762503266334533691e-01
1.573961853981018066e+00
6.133830547332763672e-02
-3.397500216960906982e-01
9.543985128402709961e-01
-2.652963995933532715e-01
7.800241112709045410e-01
-4.010948240756988525e-01
1.581669598817825317e-02
8.061778545379638672e-01
5.163947343826293945e-01
5.375029444694519043e-01
-3.896784782409667969e-01
-2.938611805438995361e-01
7.809980511665344238e-01
2.373573184013366699e-01
-9.657799601554870605e-01
-4.563243091106414795e-01
-6.015751361846923828e-01
-4.305856823921203613e-01
-1.531130373477935791e-01
1.894247084856033325e-01
-8.261175155639648438e-01
1.940391361713409424e-01
-6.362392306327819824e-01
3.904958069324493408e-01
1.316671371459960938e+00
2.870622575283050537e-01
1.475717544555664062e+00
2.738736271858215332e-01
-1.551333785057067871e+00
1.139332503080368042e-01
-1.291786581277847290e-01
2.143133640289306641e+00
8.666604757308959961e-01
-1.265350818634033203e+00
-2.432621121406555176e-01
2.183226585388183594e+00
3.130526304244995117e+00
1.077375531196594238e+00
-6.341635584831237793e-01
2.931775748729705811e-01
8.814777135848999023e-01
-5.070670843124389648e-01
-4.020847678184509277e-01
2.877488434314727783e-01
1.829192638397216797e+00
1.512888431549072266e+00
8.534877896308898926e-01
-3.186577558517456055e-01
-5.880830883979797363e-01
-1.832585185766220093e-01
-4.740794897079467773e-01
-8.065526932477951050e-02
-8.312588930130004883e-01
4.456613957881927490e-01
-4.614017605781555176e-01
-7.111239433288574219e-01
-4.110421836376190186e-01
-9.470667243003845215e-01
-2.237734556198120117e+00
-3.232216358184814453e+00
-2.042762756347656250e+00
3.918849229812622070e-01
-1.633674979209899902e+00
-1.584896206855773926e+00
3.307796120643615723e-01
2.638330936431884766e+00
-8.934019804000854492e-01
9.292027950286865234e-01
-2.884803414344787598e-01
2.796696126461029053e-01
-5.758524537086486816e-01
-6.316248178482055664e-01
1.334123134613037109e+00
-1.446032166481018066e+00
2.448298186063766479e-01
-1.658647298812866211e+00
4.115242063999176025e-01
-8.613404631614685059e-01
1.374359726905822754e+00
8.055711388587951660e-01
5.109979510307312012e-01
8.878804445266723633e-01
9.807918071746826172e-01
1.138432979583740234e+00
4.885484874248504639e-01
4.809163212776184082e-01
1.751822382211685181e-01
-7.778815627098083496e-01
-2.800657749176025391e-01
1.588539600372314453e+00
7.030636668205261230e-01
-9.894269108772277832e-01
-3.146330595016479492e+00
-1.586732387542724609e+00
-1.057589530944824219e+00
1.158183932304382324e+00
2.141648769378662109e+00
-1.799475193023681641e+00
4.918217062950134277e-01
2.146023750305175781e+00
1.385807991027832031e+00
-2.500230312347412109e+00
-5.496201992034912109e+00
2.273200035095214844e+00
2.152107000350952148e+00
1.664174795150756836e+00
-8.580353260040283203e-01
-2.502194166183471680e+00
-1.786893367767333984e+00
-7.409287244081497192e-02
2.321260213851928711e+00
3.135034441947937012e-01
-7.746881842613220215e-01
5.515378713607788086e-01
8.149117827415466309e-01
1.297511100769042969e+00
6.797999143600463867e-01
3.900806605815887451e-01
-5.358394384384155273e-01
-2.127515077590942383e+00
-1.740301966667175293e+00
-8.338454961776733398e-01
6.512246280908584595e-02
9.221294522285461426e-01
-1.027603745460510254e+00
-1.129887700080871582e+00
-5.009517669677734375e-01
4.349156916141510010e-01
-6.463941931724548340e-01
-7.424190640449523926e-01
-2.698874235153198242e+00
-2.628651857376098633e+00
-2.034923076629638672e+00
-4.535460472106933594e-01
1.950556993484497070e+00
1.024620890617370605e+00
-9.820342063903808594e-01
9.808237552642822266e-01
-4.859748184680938721e-01
8.319324851036071777e-01
-5.356637835502624512e-01
2.947263717651367188e-01
-2.150326371192932129e-01
3.829594254493713379e-01
1.114104762673377991e-01
-8.637141436338424683e-02
-5.629352331161499023e-01
9.909626841545104980e-01
1.271964073181152344e+00
6.221753954887390137e-01
-1.354941010475158691e+00
-3.670715093612670898e+00
1.847464144229888916e-01
-4.038251638412475586e-01
-1.146876454353332520e+00
5.188536643981933594e-01
1.123152613639831543e+00
5.312833309173583984e+00
3.417195796966552734e+00
6.107431054115295410e-01
-1.496439576148986816e+00
1.222003698348999023e+00
4.042874336242675781e+00
1.952041864395141602e+00
5.006992816925048828e-01
1.564301848411560059e+00
-3.649457693099975586e-01
-8.793191909790039062e-01
-7.287034988403320312e-01
-2.308866977691650391e+00
-1.647662043571472168e+00
4.558163583278656006e-01
-1.122175693511962891e+00
1.362230181694030762e-01
2.617589950561523438e+00
1.594287753105163574e+00
-5.994079168885946274e-03
-1.554271697998046875e+00
-1.195224165916442871e+00
-4.454029500484466553e-01
5.102953910827636719e-01
-6.317206025123596191e-01
-1.303591489791870117e+00
-1.046428680419921875e+00
-5.643403530120849609e-01
6.866177916526794434e-01
1.782852411270141602e-02
-1.633158773183822632e-01
-8.848757147789001465e-01
2.474164664745330811e-01
5.045632719993591309e-01
1.632719993591308594e+00
2.147322297096252441e-01
-1.667971968650817871e+00
-6.434882283210754395e-01
1.090212941169738770e+00
-4.863101243972778320e-01
-2.628715753555297852e+00
-4.893278777599334717e-01
7.665055245161056519e-02
-1.893695831298828125e+00
-1.424790769815444946e-01
7.807745337486267090e-01
8.164605498313903809e-01
1.070701360702514648e+00
-8.966752290725708008e-01
-9.785853624343872070e-01
-2.030894011259078979e-01
1.190277457237243652e+00
1.232222437858581543e+00
1.251255035400390625e+00
2.018256664276123047e+00
-1.068090349435806274e-01
-1.399121403694152832e+00
-1.439134359359741211e+00
-5.067636966705322266e-01
-3.258114814758300781e+00
-2.815911531448364258e+00
-5.211020112037658691e-01
-3.512563228607177734e+00
-1.962656855583190918e+00
1.248971700668334961e+00
-1.983477711677551270e+00
-7.137510776519775391e+00
-4.271277904510498047e+00
1.468005537986755371e+00
-2.747190237045288086e+00
-5.033840656280517578e+00
1.359510540962219238e+00
5.900510787963867188e+00
1.345124363899230957e+00
3.456202983856201172e+00
3.477933883666992188e+00
-7.246425002813339233e-02
-5.592788457870483398e-01
-5.962741374969482422e-01
1.954404950141906738e+00
2.489040374755859375e+00
3.479418754577636719e+00
-4.534502625465393066e-01
-2.818178892135620117e+00
-2.545432567596435547e+00
8.888224959373474121e-01
3.197943866252899170e-01
-1.040520906448364258e+00
-8.883724212646484375e-01
1.453443765640258789e+00
2.251532793045043945e+00
1.247279286384582520e+00
-1.891508460044860840e+00
-1.892338633537292480e+00
-3.673567771911621094e-01
-9.996297359466552734e-01
-3.267631053924560547e+00
-4.235895156860351562e+00
-4.256412506103515625e+00
-2.805277585983276367e+00
-3.088381290435791016e-01
2.517381668090820312e+00
-4.163453578948974609e+00
-1.906150102615356445e+00
1.785954236984252930e+00
7.035586237907409668e-01
2.155061006546020508e+00
3.434200525283813477e+00
-1.401213049888610840e+00
-3.624459028244018555e+00
1.295866489410400391e+00
1.767975568771362305e+00
-1.811753749847412109e+00
6.115733981132507324e-01
5.903693437576293945e-01
2.486677408218383789e+00
2.302626848220825195e+00
-1.116949021816253662e-01
-4.813258171081542969e+00
-6.834826469421386719e+00
-3.176108837127685547e+00
-1.999827861785888672e+00
5.984007120132446289e-01
-6.052101776003837585e-02
-1.697606444358825684e+00
2.284983634948730469e+00
4.305498123168945312e+00
5.046904563903808594e+00
6.308933496475219727e-01
1.405819803476333618e-01
1.352708578109741211e+00
4.899854958057403564e-01
1.445492267608642578e+00
1.515475153923034668e+00
-9.334788918495178223e-01
-7.642298340797424316e-01
-1.122175693511962891e+00
1.175252556800842285e+00
-1.410202383995056152e+00
-6.574432849884033203e-01
1.665579915046691895e+00
-6.095745563507080078e-01
7.573351263999938965e-01
-7.096230983734130859e-01
2.684768140316009521e-01
-8.702499866485595703e-01
-7.360962033271789551e-01
6.844462752342224121e-01
2.944032907485961914e+00
1.280187010765075684e+00
1.020709037780761719e+00
3.534047007560729980e-01
-9.503080248832702637e-01
-1.975350618362426758e+00
-8.903044462203979492e-01
9.954174757003784180e-01
-1.591410636901855469e+00
4.992197826504707336e-02
-1.905591249465942383e+00
-6.805154085159301758e-01
-6.618501543998718262e-01
-1.773827075958251953e-01
-1.166547656059265137e+00
-1.070474863052368164e+00
1.616742461919784546e-01
1.536375761032104492e+00
-4.994349181652069092e-01
1.410253286361694336e+00
-5.283988714218139648e-01
9.094676971435546875e-01
-2.243450641632080078e+00
-2.670846879482269287e-01
-4.726701736450195312e+00
-4.570146083831787109e+00
-4.180362224578857422e+00
-2.333626300096511841e-01
1.316671371459960938e+00
-2.193522214889526367e+00
-1.327366113662719727e+00
2.860717773437500000e+00
-2.237346023321151733e-01
3.197507381439208984e+00
-1.334418207406997681e-01
2.525923967361450195e+00
-1.086771637201309204e-01
3.003147840499877930e-01
-8.929389715194702148e-01
-1.102712035179138184e+00
-9.794476032257080078e-01
-5.116176605224609375e-01
3.302367329597473145e-01
-1.141224145889282227e+00
-1.403735876083374023e+00
-6.328861713409423828e-01
-1.156887650489807129e+00
5.184704661369323730e-01
1.746388316154479980e+00
2.729996681213378906e+00
4.662150382995605469e+00
3.156472444534301758e+00
3.090209960937500000e+00
1.309869408607482910e+00
-9.368479251861572266e-01
-2.656737804412841797e+00
-1.558886051177978516e+00
-2.371148467063903809e-01
-8.471618890762329102e-01
-2.044407367706298828e+00
-2.875819444656372070e+00
-3.404882431030273438e+00
-3.716603994369506836e+00
-4.445684432983398438e+00
-4.901842594146728516e+00
-5.355014801025390625e+00
-5.497838497161865234e+00
-4.191092014312744141e+00
-2.765823602676391602e+00
-1.892642021179199219e+00
7.057141661643981934e-01
-1.991093873977661133e+00
7.174977660179138184e-01
-8.166331648826599121e-01
2.118581980466842651e-01
3.013776302337646484e+00
2.055353075265884399e-01
-2.160662412643432617e+00
-2.920191526412963867e+00
2.249191105365753174e-01
-3.067023038864135742e+00
-5.782599925994873047e+00
-5.199162006378173828e+00
-5.936457157135009766e+00
-6.872100830078125000e+00
-7.948197841644287109e+00
-8.084594726562500000e+00
-6.796601772308349609e+00
-2.230852842330932617e+00
1.768837809562683105e+00
4.328777790069580078e+00
4.425840377807617188e+00
5.663338661193847656e+00
6.083810329437255859e+00
4.341726779937744141e+00
5.656137466430664062e+00
6.689945697784423828e+00
6.433166027069091797e+00
7.206730365753173828e+00
5.438796043395996094e+00
5.233701229095458984e+00
6.939146518707275391e-01
-1.945763945579528809e+00
-4.290086746215820312e+00
-3.095380067825317383e+00
-1.560243248939514160e+00
-5.099241256713867188e+00
-1.062690830230712891e+01
-1.356981372833251953e+01
-8.039136886596679688e+00
-1.391441345214843750e+00
-3.732012033462524414e+00
-1.045040225982666016e+01
-6.488751888275146484e+00
4.367162227630615234e+00
1.270724391937255859e+01
1.402037715911865234e+01
1.225174045562744141e+01
9.171758651733398438e+00
7.266957283020019531e+00
2.063043832778930664e+00
2.005626678466796875e+00
1.336917400360107422e+00
1.871217489242553711e+00
-3.323094546794891357e-01
-5.671185851097106934e-01
-1.713158249855041504e+00
-1.382340192794799805e+00
-7.552724480628967285e-01
-3.106189727783203125e+00
-4.804508209228515625e+00
-2.697868347167968750e+00
-1.614610552787780762e+00
-6.408159255981445312e+00
-7.587753295898437500e+00
-8.383982658386230469e+00
-8.785541534423828125e+00
3.130723237991333008e-01
8.106384277343750000e+00
1.168416595458984375e+01
8.684737205505371094e+00
3.287640571594238281e+00
2.417253255844116211e+00
2.086818456649780273e+00
3.437633514404296875e+00
3.421474933624267578e+00
4.654965400695800781e+00
5.376556873321533203e+00
3.539182901382446289e+00
2.935953617095947266e+00
-2.341199874877929688e+00
9.921123385429382324e-01
1.919964432716369629e+00
-4.847932755947113037e-01
-2.022197484970092773e+00
-7.453410029411315918e-01
-8.886917829513549805e-01
-4.089505374431610107e-01
-1.581511139869689941e+00
-3.939869165420532227e+00
-4.968472480773925781e+00
-4.937113285064697266e+00
-2.776265859603881836e+00
-4.087387084960937500e+00
-3.281777620315551758e+00
-4.882314682006835938e+00
-2.293602705001831055e+00
-2.279743432998657227e+00
-3.727221965789794922e+00
-5.957908630371093750e+00
-8.237525939941406250e+00
-8.049203872680664062e+00
-4.411116123199462891e+00
-5.327258706092834473e-01
2.432485580444335938e+00
4.495520114898681641e+00
3.839839458465576172e+00
2.634578704833984375e+00
2.700122833251953125e+00
1.547552585601806641e+00
3.203692138195037842e-01
-2.373916149139404297e+00
-2.430704981088638306e-01
-1.915602445602416992e+00
-4.135782718658447266e+00
-5.372562408447265625e+00
-7.149390220642089844e+00
-7.694190740585327148e-01
-5.454195737838745117e-01
