1.266247868537902832e+00
1.566553235054016113e+00
4.518565535545349121e-01
-4.722273349761962891e-01
5.270021781325340271e-02
8.545894622802734375e-01
1.052467226982116699e+00
-3.159274160861968994e-01
-5.477986335754394531e-01
9.327208995819091797e-02
3.401521742343902588e-01
4.383326172828674316e-01
2.569966018199920654e-01
-9.401955455541610718e-02
5.619323253631591797e-01
1.661252856254577637e+00
2.143580675125122070e+00
1.525890827178955078e-01
-9.863452911376953125e-01
-6.350097656250000000e-01
1.097339540719985962e-01
2.045932561159133911e-01
-1.779894530773162842e-01
-3.275992274284362793e-01
-7.612066715955734253e-02
1.854968518018722534e-01
1.726275384426116943e-01
4.597815498709678650e-02
8.644250631332397461e-01
2.710474729537963867e-01
-2.352632284164428711e+00
-8.146373033523559570e-01
1.261681318283081055e+00
1.572397112846374512e+00
1.470512390136718750e+00
8.587248921394348145e-01
1.284790933132171631e-01
-5.855708941817283630e-02
-1.247079223394393921e-01
-5.968968272209167480e-01
-1.334024310111999512e+00
-1.750919938087463379e+00
-1.549290060997009277e+00
2.036187410354614258e+00
-1.769904613494873047e+00
-1.517611742019653320e+00
3.915336430072784424e-01
1.228901386260986328e+00
-4.896152615547180176e-01
-2.233103990554809570e+00
-1.978128790855407715e+00
-5.628075003623962402e-01
7.346142530441284180e-01
-1.937328130006790161e-01
-5.877797007560729980e-01
7.041813731193542480e-01
1.888318061828613281e+00
-9.612612724304199219e-01
-1.832191348075866699e+00
-7.630323171615600586e-01
-2.791077494621276855e-01
-1.011429309844970703e+00
-1.639997959136962891e+00
-1.292542338371276855e+00
-1.140984654426574707e+00
-1.053358316421508789e+00
-1.003264784812927246e-01
-2.680107653141021729e-01
5.555136203765869141e-01
-2.564986646175384521e-01
-3.346986532211303711e+00
-2.804191827774047852e+00
-1.219030857086181641e+00
-3.402449786663055420e-01
-1.693992614746093750e-01
-1.380839347839355469e+00
-1.847120404243469238e+00
5.484722256660461426e-01
3.250948667526245117e+00
-2.987310588359832764e-01
8.005150407552719116e-02
1.441181182861328125e+00
2.557650089263916016e+00
-1.944353431463241577e-01
-1.114575386047363281e+00
8.309904336929321289e-01
1.037362456321716309e+00
-1.140260696411132812e-01
-1.476225495338439941e+00
-1.969187378883361816e+00
-1.650200724601745605e+00
-1.917869806289672852e+00
-5.420505404472351074e-01
1.828521966934204102e+00
-2.796985507011413574e-01
-1.851271867752075195e+00
-1.559748291969299316e+00
6.471475958824157715e-01
2.110241889953613281e+00
-1.373270988464355469e+00
-1.196086406707763672e+00
-7.946467995643615723e-01
-4.014939963817596436e-01
-1.478077650070190430e+00
-1.315779634751379490e-03
-3.288606107234954834e-01
3.750398457050323486e-01
1.664877295494079590e+00
-1.117960333824157715e+00
-2.354532241821289062e+00
-3.385046124458312988e-01
1.183081790804862976e-01
-2.132229506969451904e-02
-9.273157119750976562e-01
-2.469861268997192383e+00
-2.684695720672607422e+00
-2.266458988189697266e+00
-4.222669303417205811e-01
-4.692574739456176758e-01
-5.967371463775634766e-01
4.877022504806518555e-01
1.247518777847290039e+00
5.001564025878906250e-01
4.977454245090484619e-01
1.033471971750259399e-01
1.374365091323852539e-01
-6.032941490411758423e-02
-4.379464089870452881e-01
-2.541834712028503418e-01
1.173661276698112488e-01
1.632129192352294922e+00
1.775639653205871582e+00
1.161616802215576172e+00
8.798171877861022949e-01
5.968040227890014648e-01
-5.441901087760925293e-01
-1.849510222673416138e-01
-4.367648661136627197e-01
-7.263883352279663086e-01
-6.863912343978881836e-01
-6.985740065574645996e-01
8.056785911321640015e-03
-1.401319503784179688e-01
-1.181332945823669434e+00
8.043470978736877441e-02
7.242197990417480469e-01
-5.352326631546020508e-01
-1.610538959503173828e+00
-1.098321080207824707e+00
-1.066930174827575684e+00
3.513289988040924072e-01
5.952551960945129395e-01
-1.097574923187494278e-02
-2.963839471340179443e-01
-5.479423403739929199e-01
-1.493129134178161621e-01
5.597448348999023438e-01
5.049464702606201172e-01
3.741137683391571045e-01
1.655222624540328979e-01
1.660012751817703247e-01
-1.122058480978012085e-01
2.053277343511581421e-01
-1.282790862023830414e-02
-8.236905336380004883e-01
-1.007581233978271484e+00
-1.294921398162841797e+00
-7.402794957160949707e-01
-5.384260416030883789e-01
1.487464923411607742e-02
-2.946435511112213135e-01
2.311356551945209503e-02
-3.216595351696014404e-01
1.010799035429954529e-01
2.776098549365997314e-01
-2.383922040462493896e-01
-5.088394284248352051e-01
-1.062427520751953125e+00
-1.432300567626953125e+00
-1.646560311317443848e+00
-8.997089266777038574e-01
-5.015265941619873047e-01
1.791899353265762329e-01
5.899382233619689941e-01
9.716746807098388672e-01
1.162702560424804688e+00
1.571423172950744629e+00
1.293088197708129883e+00
1.126793026924133301e+00
7.872411608695983887e-01
9.182494878768920898e-01
8.798491358757019043e-01
6.522570252418518066e-01
-1.770154684782028198e-01
2.823520302772521973e-01
-1.051394462585449219e+00
-3.852396905422210693e-01
-4.387287795543670654e-01
-1.503225564956665039e+00
-8.685255646705627441e-01
2.538670897483825684e-01
-1.154471263289451599e-01
-6.877589970827102661e-02
-2.006464749574661255e-01
4.992462992668151855e-01
2.294856458902359009e-01
1.785831898450851440e-01
9.318171069025993347e-03
3.327116072177886963e-01
5.740512013435363770e-01
4.618837833404541016e-01
1.003294587135314941e-01
-4.087269902229309082e-01
-5.073864459991455078e-01
-1.057988762855529785e+00
2.417961210012435913e-01
-2.995453774929046631e-01
-3.369717895984649658e-01
-8.977928757667541504e-01
1.926180869340896606e-01
1.292614638805389404e-01
6.766119599342346191e-02
-7.032682299613952637e-01
-9.799265861511230469e-01
-1.065764665603637695e+00
-9.036687016487121582e-01
-7.237058877944946289e-01
-7.268513441085815430e-01
-7.543144226074218750e-01
-5.543450713157653809e-01
5.087466239929199219e-01
1.747777462005615234e+00
1.413127303123474121e+00
8.806688338518142700e-02
-4.294360578060150146e-01
-5.602687597274780273e-01
-4.246459901332855225e-01
2.174041233956813812e-02
7.343268394470214844e-01
2.990214824676513672e-01
1.544945780187845230e-02
1.385062932968139648e-01
3.929547071456909180e-01
5.448850989341735840e-02
-9.316586852073669434e-01
-7.178779840469360352e-01
-7.256538271903991699e-01
-9.268206954002380371e-01
-1.561627089977264404e-01
5.094172358512878418e-01
6.178643703460693359e-01
5.737478137016296387e-01
4.464916884899139404e-01
6.568714380264282227e-01
7.716734409332275391e-01
3.719103336334228516e-01
-2.108279243111610413e-02
-1.822206825017929077e-01
-5.763100832700729370e-02
2.631917595863342285e-01
5.475940704345703125e-01
1.027494907379150391e+00
9.470856785774230957e-01
6.717047095298767090e-01
5.241866111755371094e-01
1.572993248701095581e-01
2.649002373218536377e-01
1.703283041715621948e-01
-3.423951193690299988e-02
-3.500592336058616638e-02
-2.284128963947296143e-01
-9.978360682725906372e-02
-4.050545990467071533e-01
-5.591670274734497070e-01
-4.071303009986877441e-01
-9.911299496889114380e-02
3.130084574222564697e-01
3.649168312549591064e-01
2.612118422985076904e-01
1.174513809382915497e-02
-7.359790056943893433e-02
-2.812419086694717407e-02
-1.781331449747085571e-01
5.121529474854469299e-02
4.234355092048645020e-01
6.914876699447631836e-01
7.311334609985351562e-01
4.227489233016967773e-01
4.475295245647430420e-01
4.466194212436676025e-01
-1.249633952975273132e-01
-5.378352999687194824e-01
-1.475565582513809204e-01
-4.158322513103485107e-01
-3.425761461257934570e-01
-5.374201536178588867e-01
7.123778015375137329e-02
2.679658532142639160e-01
-4.316500574350357056e-02
-3.398404270410537720e-02
3.515260294079780579e-02
3.539954721927642822e-01
3.091604411602020264e-01
1.262756586074829102e-01
4.256548881530761719e-01
2.110438793897628784e-01
5.757553968578577042e-03
1.076263263821601868e-01
6.493350863456726074e-01
1.056203484535217285e+00
9.706048965454101562e-01
7.932766079902648926e-01
2.265317589044570923e-01
2.310504019260406494e-01
-3.628327324986457825e-02
-2.485631108283996582e-01
1.790941208600997925e-01
-3.709972202777862549e-01
-1.651520729064941406e-01
5.523466970771551132e-04
1.085045039653778076e-01
-4.575537443161010742e-01
-5.835165381431579590e-01
-3.694324791431427002e-01
-1.449379771947860718e-01
-3.048729151487350464e-02
-1.879952661693096161e-02
-4.014780223369598389e-01
-6.491190940141677856e-02
4.462096840143203735e-02
-1.137067303061485291e-01
6.257679462432861328e-01
4.834071397781372070e-01
4.645023345947265625e-01
5.650139451026916504e-01
7.175935506820678711e-01
1.023247718811035156e+00
7.043410539627075195e-01
-3.327565193176269531e-01
3.421161174774169922e-01
-1.351502835750579834e-01
-6.255095005035400391e-01
-1.184845685958862305e+00
6.873043775558471680e-01
-9.746298193931579590e-03
2.072597295045852661e-01
-1.016905903816223145e+00
-1.228052139282226562e+00
-6.307147145271301270e-01
-3.111533224582672119e-01
-4.736643433570861816e-01
-5.522214770317077637e-01
3.005543053150177002e-01
1.328838109970092773e+00
-4.789493978023529053e-01
-5.897915363311767578e-01
-1.399791955947875977e+00
1.682685762643814087e-01
5.878146290779113770e-01
-1.104101061820983887e+00
-2.100738525390625000e+00
-4.667187333106994629e-01
-1.315098255872726440e-01
-4.495543241500854492e-01
-1.100540518760681152e+00
-8.908313512802124023e-01
2.037150710821151733e-01
1.316367983818054199e+00
1.311673760414123535e+00
9.363932907581329346e-02
-2.082216978073120117e+00
1.018920779228210449e+00
2.321680784225463867e-01
6.633220911026000977e-01
2.308587878942489624e-01
-5.408210754394531250e-01
-2.567674398422241211e+00
-1.090449452400207520e+00
-8.187727332115173340e-01
-1.560614816844463348e-02
2.923153638839721680e-01
3.642621934413909912e-01
4.474976062774658203e-01
-1.689946651458740234e-02
1.747490048408508301e+00
6.934515833854675293e-01
8.658142089843750000e-01
2.915649414062500000e-01
5.838069319725036621e-01
6.313563585281372070e-01
4.090068489313125610e-02
-6.421789526939392090e-01
-8.356178402900695801e-01
-9.008904695510864258e-01
-2.672762870788574219e-01
-1.039227604866027832e+00
2.074832618236541748e-01
7.186048477888107300e-02
-1.343678981065750122e-01
-6.317152082920074463e-02
5.474397912621498108e-02
1.897280812263488770e-01
6.055592745542526245e-02
-1.034559905529022217e-01
-2.276784181594848633e-01
-1.353578418493270874e-01
-6.187235713005065918e-01
-4.521250128746032715e-01
-7.506420016288757324e-01
-4.684793762862682343e-03
6.011310219764709473e-01
-7.963338494300842285e-02
4.344686269760131836e-01
1.010665893554687500e+00
8.265516161918640137e-01
4.367359280586242676e-01
-1.831307858228683472e-01
-4.870446026325225830e-01
-3.146127238869667053e-02
-5.141988769173622131e-02
4.341173470020294189e-01
2.612757086753845215e-01
-8.321210741996765137e-01
-1.114335894584655762e+00
-1.206528782844543457e+00
-2.768883705139160156e-01
2.247434705495834351e-01
-3.956181704998016357e-01
-4.900623559951782227e-01
-9.959733486175537109e-01
-4.078967273235321045e-01
2.557192444801330566e-01
7.134740948677062988e-01
6.189500689506530762e-01
-8.611594140529632568e-02
-1.743170619010925293e-01
9.331998974084854126e-02
4.351871311664581299e-01
4.691646695137023926e-01
3.477683961391448975e-01
2.931413473561406136e-03
-3.938085213303565979e-02
3.014324605464935303e-01
6.173853278160095215e-01
-2.900131642818450928e-01
-4.702793657779693604e-01
-2.691124975681304932e-01
2.496997267007827759e-01
1.256050467491149902e-01
2.294537127017974854e-01
5.723481252789497375e-02
3.179901540279388428e-01
1.928895264863967896e-01
8.148798346519470215e-01
7.329537272453308105e-01
5.522882938385009766e-01
2.746240496635437012e-01
1.043509721755981445e+00
4.321214854717254639e-01
1.972644478082656860e-01
-5.258547142148017883e-02
-4.304898679256439209e-01
-1.699740737676620483e-01
3.521273434162139893e-01
1.033769965171813965e+00
1.027399182319641113e+00
1.517343282699584961e+00
9.989940524101257324e-01
4.299340248107910156e-01
-1.438682079315185547e-01
-1.022095203399658203e+00
-9.518567919731140137e-01
-8.638792037963867188e-01
9.747138619422912598e-02
1.499226093292236328e-01
-6.278885602951049805e-01
-2.901089489459991455e-01
-1.381839811801910400e-01
-4.912598729133605957e-01
-1.899805814027786255e-01
6.672499179840087891e-01
8.479153513908386230e-01
6.532310247421264648e-01
2.801805436611175537e-01
5.205141901969909668e-01
3.311468660831451416e-01
2.551923394203186035e-01
1.495713442564010620e-01
1.320237368345260620e-01
-4.726584255695343018e-01
-1.420639455318450928e-01
1.887062042951583862e-01
-4.665910005569458008e-01
-3.913869559764862061e-01
-1.771916389465332031e+00
-1.508366823196411133e+00
-2.677872478961944580e-01
4.997093379497528076e-01
1.651497125625610352e+00
1.066613793373107910e+00
5.615171790122985840e-01
1.174613952636718750e+00
-4.123834073543548584e-01
-1.288433521986007690e-01
-1.441556066274642944e-01
-2.107056081295013428e-01
-3.799706101417541504e-01
-4.805460870265960693e-01
-1.745086610317230225e-01
1.196653619408607483e-01
3.043703734874725342e-01
2.846831977367401123e-01
1.120172217488288879e-01
1.233537122607231140e-01
3.512172400951385498e-01
6.618052124977111816e-01
4.121628701686859131e-01
3.122474625706672668e-02
9.039805084466934204e-02
8.999887853860855103e-02
1.337376143783330917e-02
3.311149179935455322e-01
5.936744809150695801e-01
5.121954679489135742e-01
1.989409774541854858e-01
1.077540591359138489e-01
8.819461613893508911e-02
2.571616880595684052e-02
8.172802627086639404e-02
-2.197428792715072632e-01
-4.408204555511474609e-01
-3.089498877525329590e-01
-4.425129294395446777e-01
-1.847913414239883423e-01
-2.761379182338714600e-01
7.374458014965057373e-02
-1.480195969343185425e-01
3.727725446224212646e-01
1.470326036214828491e-01
-1.578178443014621735e-02
-3.522999882698059082e-01
-1.997044235467910767e-01
3.795744478702545166e-01
4.824012219905853271e-01
6.349968314170837402e-01
4.290239214897155762e-01
-1.393655389547348022e-01
-5.336359739303588867e-01
-5.212456583976745605e-01
1.423597335815429688e-02
2.853857576847076416e-01
5.314036011695861816e-01
6.840311288833618164e-01
6.134734749794006348e-01
-1.505104303359985352e-01
-8.897935152053833008e-01
-1.491010904312133789e+00
-1.132154941558837891e+00
-3.768091797828674316e-01
1.403930425643920898e+00
1.895630836486816406e+00
2.112684726715087891e+00
9.722974300384521484e-01
1.087913632392883301e+00
7.420548200607299805e-01
-4.062085412442684174e-03
1.447168707847595215e+00
7.231819629669189453e-01
5.355070829391479492e-01
1.240940332412719727e+00
1.202875256538391113e+00
7.121648192405700684e-01
1.802756786346435547e-01
-2.997635118663311005e-02
1.141408160328865051e-01
-5.017447099089622498e-02
6.630346775054931641e-01
1.545237421989440918e+00
1.580572128295898438e+00
1.244373202323913574e+00
2.341000735759735107e-01
-5.572510361671447754e-01
-5.436632037162780762e-01
2.566453218460083008e-01
9.096752405166625977e-01
1.138257265090942383e+00
2.315134406089782715e-01
3.736826479434967041e-01
-9.451452642679214478e-02
-3.554614484310150146e-01
-4.783905446529388428e-01
-3.577446937561035156e-01
-4.470794796943664551e-01
-5.168069005012512207e-01
-1.258389234542846680e+00
-2.116929054260253906e+00
-2.020552873611450195e+00
-1.862528443336486816e+00
-1.174642801284790039e+00
-1.960884571075439453e+00
-1.475970029830932617e+00
2.478821516036987305e+00
2.547351598739624023e+00
1.934222817420959473e+00
8.650478124618530273e-01
-6.262439489364624023e-01
3.512811064720153809e-01
8.279247879981994629e-01
-2.200622111558914185e-01
-1.599505901336669922e+00
-2.098630905151367188e+00
-2.690587520599365234e+00
-1.822994470596313477e+00
9.066949039697647095e-02
1.018234133720397949e+00
5.470511913299560547e-01
6.762552857398986816e-01
3.623621463775634766e-01
-3.527790009975433350e-01
-9.980969429016113281e-01
-1.334998369216918945e+00
-7.735545039176940918e-01
5.726780295372009277e-01
1.805082559585571289e+00
1.290022611618041992e+00
6.126112341880798340e-01
5.832056328654289246e-02
9.789396524429321289e-01
1.912811279296875000e+00
2.216437578201293945e+00
1.571518898010253906e+00
1.219959855079650879e+00
7.863469719886779785e-01
4.216951131820678711e-01
4.392746388912200928e-01
5.337082594633102417e-02
8.061938285827636719e-01
2.246295690536499023e+00
1.750715374946594238e+00
1.314914941787719727e+00
9.226563572883605957e-01
1.085071563720703125e+00
1.036021232604980469e+00
8.303996324539184570e-01
8.395007848739624023e-01
2.792704403400421143e-01
-5.138689875602722168e-01
-8.429945111274719238e-01
-6.096224188804626465e-01
-1.065056622028350830e-01
4.618678092956542969e-01
2.866790592670440674e-01
-1.207007765769958496e+00
-4.261468648910522461e-01
9.181910008192062378e-02
-4.289251267910003662e-01
-2.720557451248168945e+00
-1.720359325408935547e+00
1.546163439750671387e+00
-5.752616524696350098e-01
1.160211801528930664e+00
1.559879064559936523e+00
1.600738286972045898e+00
-5.665118098258972168e-01
-1.952214479446411133e+00
-1.031164407730102539e+00
-5.535307526588439941e-01
-1.035092234611511230e+00
-6.905586123466491699e-01
-9.612293839454650879e-01
-1.400766015052795410e+00
-7.693232893943786621e-01
-9.598348289728164673e-02
1.054063916206359863e+00
1.589816927909851074e+00
2.025015950202941895e-01
5.714964866638183594e-01
4.475135803222656250e-01
5.273160934448242188e-01
-4.985247850418090820e-01
-4.088068306446075439e-01
-2.229202836751937866e-01
-1.707404851913452148e-01
-1.170970439910888672e+00
-1.389812707901000977e+00
-3.939256966114044189e-01
1.180457830429077148e+00
1.646275877952575684e+00
1.237539410591125488e+00
-2.958091199398040771e-01
-1.690884351730346680e+00
-2.237894058227539062e+00
-1.460881352424621582e+00
1.618658453226089478e-01
-7.044178843498229980e-01
-3.404626846313476562e+00
-1.815090894699096680e+00
3.688766360282897949e-01
1.110538721084594727e+00
-9.297426342964172363e-01
-1.376208901405334473e+00
2.571243345737457275e-01
3.838695287704467773e-01
5.351877808570861816e-01
9.967267513275146484e-01
-4.173012077808380127e-01
2.225135266780853271e-02
6.625610589981079102e-02
8.822122216224670410e-01
6.083959937095642090e-01
4.692020267248153687e-02
-3.020362257957458496e-01
-6.215497255325317383e-01
-1.456564962863922119e-01
-5.696253776550292969e-01
-3.371633887290954590e-01
-5.819517970085144043e-01
-7.426106929779052734e-01
-8.630489706993103027e-01
-3.575211763381958008e-01
-4.975029230117797852e-01
-4.101799726486206055e-01
-2.863088250160217285e-01
-3.096364736557006836e-01
4.124023616313934326e-01
6.397709250450134277e-01
5.765420198440551758e-01
2.131834477186203003e-01
-4.110527411103248596e-02
-2.697831094264984131e-01
-4.481013417243957520e-01
-1.427345573902130127e-01
-2.056760340929031372e-01
-5.315123796463012695e-01
-6.523019075393676758e-01
-3.837228417396545410e-01
-1.025937795639038086e-01
-1.648007929325103760e-01
-3.973425924777984619e-01
-5.325661897659301758e-01
-2.205731570720672607e-01
9.104257225990295410e-01
1.306755900382995605e+00
1.136469006538391113e+00
1.233515739440917969e+00
1.158375620841979980e+00
1.017228245735168457e+00
8.978917002677917480e-01
4.680629670619964600e-01
-8.788284845650196075e-03
-2.484353780746459961e-01
-5.820316672325134277e-01
-9.191192686557769775e-02
3.948867022991180420e-01
1.678374707698822021e-01
-6.214858293533325195e-01
-1.338974118232727051e+00
-1.647805690765380859e+00
-2.016736745834350586e+00
-1.442886590957641602e+00
-5.316082239151000977e-01
1.257327795028686523e-01
4.016726315021514893e-01
7.686556577682495117e-01
1.245874166488647461e+00
1.783814668655395508e+00
1.501376390457153320e+00
5.783143639564514160e-01
-2.577600479125976562e-01
-1.243220686912536621e+00
-3.171622037887573242e+00
-4.076961040496826172e+00
-3.157746791839599609e+00
-2.918173968791961670e-01
2.245864629745483398e+00
2.699084997177124023e+00
5.033019185066223145e-01
-5.852250456809997559e-01
-2.305577754974365234e+00
-2.916007995605468750e+00
-1.691299557685852051e+00
-6.135662794113159180e-01
1.053920149803161621e+00
1.363869428634643555e+00
1.377249717712402344e+00
1.197398662567138672e+00
7.931169271469116211e-01
2.446541935205459595e-01
-1.127806529402732849e-01
-3.769528865814208984e-01
-1.575198918581008911e-01
5.338679254055023193e-02
4.897300302982330322e-01
5.195401906967163086e-01
4.177193343639373779e-01
-5.015850439667701721e-02
6.300427950918674469e-03
-7.677531242370605469e-02
1.637659072875976562e-01
5.693144351243972778e-02
1.180686727166175842e-01
3.341166973114013672e-01
2.020759135484695435e-02
-5.314645171165466309e-01
-6.312735676765441895e-01
-5.679807662963867188e-01
-7.834859490394592285e-01
-5.722119808197021484e-01
7.024782896041870117e-02
8.017923682928085327e-02
-2.526506483554840088e-01
-3.254915773868560791e-01
1.469901297241449356e-02
1.630314290523529053e-01
4.674242734909057617e-01
6.225266456604003906e-01
4.729009270668029785e-01
6.581807732582092285e-01
1.147086977958679199e+00
1.038831472396850586e+00
8.478195071220397949e-01
2.421952933073043823e-01
8.155239373445510864e-02
-3.036648333072662354e-01
-7.089684605598449707e-01
-3.343851566314697266e-01
-1.383276879787445068e-01
-1.027236461639404297e+00
-4.566915333271026611e-01
-9.994327276945114136e-02
6.852765679359436035e-01
9.732394814491271973e-01
-2.727369666099548340e-01
7.526143640279769897e-02
6.851488351821899414e-01
6.025041937828063965e-01
2.816814184188842773e-01
-1.253471374511718750e+00
-6.482143998146057129e-01
4.921943321824073792e-02
-6.329979896545410156e-01
-1.043379068374633789e+00
-1.063912391662597656e+00
-7.668324708938598633e-01
-5.423219799995422363e-01
-7.263404130935668945e-01
-1.354238510131835938e+00
-2.633984804153442383e+00
-3.009190797805786133e+00
-1.705941200256347656e+00
1.664323806762695312e-01
2.704407274723052979e-01
1.586724668741226196e-01
-1.789591789245605469e+00
-1.075264930725097656e+00
3.770037591457366943e-01
8.925907015800476074e-01
1.102283835411071777e+00
2.405506968498229980e-01
-5.452758669853210449e-01
-8.649011254310607910e-01
-6.800204515457153320e-01
-2.442999482154846191e-01
-9.263736605644226074e-01
-1.645889759063720703e+00
-2.084053277969360352e+00
-1.827273607254028320e+00
-1.545920968055725098e+00
-4.234803915023803711e-01
1.869019418954849243e-01
2.116506248712539673e-01
-1.207800656557083130e-01
-4.199676811695098877e-01
-5.848417878150939941e-01
-7.467461228370666504e-01
-4.783426523208618164e-01
-5.414118766784667969e-01
-4.505123496055603027e-01
-1.798735409975051880e-01
1.076263263821601868e-01
4.705218672752380371e-01
3.774827718734741211e-01
6.269974112510681152e-01
7.251458764076232910e-01
9.471655488014221191e-01
5.125467181205749512e-01
2.310823351144790649e-01
-2.472378611564636230e-01
-2.690007090568542480e-01
-3.146340847015380859e-01
-1.383596211671829224e-01
2.839008271694183350e-01
1.033594369888305664e+00
4.867282509803771973e-01
-4.394472837448120117e-01
-8.595522046089172363e-01
-8.793990612030029297e-01
-4.212610125541687012e-01
1.514873653650283813e-01
2.525737583637237549e-01
8.878539502620697021e-02
2.308163233101367950e-02
1.225713342428207397e-01
1.831656843423843384e-01
8.276587724685668945e-02
-9.986343979835510254e-02
3.813841193914413452e-02
-1.595317274332046509e-01
-7.347016781568527222e-02
1.175098344683647156e-01
2.810108065605163574e-01
1.307039055973291397e-02
4.509943425655364990e-01
6.733493208885192871e-01
1.228119015693664551e+00
4.493657350540161133e-01
2.796750143170356750e-02
-2.066819518804550171e-01
-4.613059759140014648e-01
-1.328191161155700684e-01
4.584508836269378662e-01
7.628916501998901367e-01
9.840649962425231934e-01
8.949537873268127441e-01
8.425504565238952637e-01
8.938840031623840332e-01
8.163168430328369141e-01
6.116691827774047852e-01
5.074372887611389160e-01
4.461084902286529541e-01
4.152604341506958008e-01
3.961480855941772461e-01
2.012082785367965698e-01
1.622171252965927124e-01
5.942227691411972046e-02
-2.269918471574783325e-01
-5.368453264236450195e-01
-5.576342344284057617e-01
-3.811202347278594971e-01
-5.502575039863586426e-01
-3.844094276428222656e-01
-6.147478222846984863e-01
-1.027364253997802734e+00
-1.294809699058532715e+00
-1.289764165878295898e+00
-8.681743144989013672e-01
5.001777783036231995e-02
-2.556045055389404297e-01
-5.787903666496276855e-01
-1.010056138038635254e+00
-7.816656827926635742e-01
-4.623438119888305664e-01
-3.335708379745483398e-01
1.921764388680458069e-02
-2.378119714558124542e-02
-7.527442276477813721e-02
1.792432554066181183e-02
-3.711728751659393311e-01
2.291822731494903564e-01
5.630021095275878906e-01
9.835221171379089355e-01
1.259254455566406250e+00
1.081990003585815430e+00
1.191283345222473145e+00
8.462228178977966309e-01
3.911239281296730042e-02
-2.286843359470367432e-01
-2.147133052349090576e-01
-1.322283297777175903e-01
-9.288590401411056519e-02
2.068445831537246704e-01
1.388415992259979248e-01
2.866630852222442627e-01
6.994072794914245605e-01
2.929380834102630615e-01
-1.530331969261169434e-01
-2.276784181594848633e-01
1.228587403893470764e-01
2.600622475147247314e-01
5.590956285595893860e-02
-1.642579287290573120e-01
-4.702953398227691650e-01
-6.798927187919616699e-01
-1.238909602165222168e+00
-8.937692642211914062e-01
-5.277601480484008789e-01
3.952699005603790283e-01
7.640092968940734863e-01
6.844941973686218262e-01
2.733147740364074707e-01
9.450154006481170654e-02
6.368543952703475952e-02
1.769865006208419800e-01
-6.114372611045837402e-02
1.058220639824867249e-01
5.316431522369384766e-01
5.468435883522033691e-01
7.754096388816833496e-01
6.519696116447448730e-01
7.313250899314880371e-01
3.108209967613220215e-01
1.143643558025360107e-01
-6.057105660438537598e-01
-7.458040714263916016e-01
-8.276663422584533691e-01
-7.105172276496887207e-01
-3.301060199737548828e-01
1.338758915662765503e-01
5.994385480880737305e-01
8.573677539825439453e-01
1.063292741775512695e+00
1.086492657661437988e+00
1.172346591949462891e+00
1.017691254615783691e+00
4.367359280586242676e-01
2.093354165554046631e-01
1.721804589033126831e-01
1.149231940507888794e-01
-3.795979544520378113e-02
2.215021997690200806e-01
-1.066334024071693420e-01
1.059552188962697983e-02
-3.847606778144836426e-01
-6.068122386932373047e-01
-7.004899978637695312e-01
-9.091134071350097656e-01
-9.707456231117248535e-01
-7.902718782424926758e-01
-6.303953528404235840e-01
-5.641487240791320801e-01
-2.449865341186523438e-01
-8.756351657211780548e-03
2.688919603824615479e-01
5.908324122428894043e-01
1.078796625137329102e+00
5.982889533042907715e-01
6.687667965888977051e-01
6.830412149429321289e-01
7.954002022743225098e-01
2.330143302679061890e-01
3.955253660678863525e-01
6.774846911430358887e-01
6.472913026809692383e-01
7.717746496200561523e-02
-7.410883903503417969e-02
-1.745565682649612427e-01
-1.234146058559417725e-01
-1.238137781620025635e-01
-5.790244415402412415e-02
-1.849190741777420044e-01
-2.155276089906692505e-01
-5.119848847389221191e-01
-2.912745475769042969e-01
1.949013471603393555e-01
3.938967585563659668e-01
4.265011250972747803e-01
4.512338638305664062e-01
4.465875029563903809e-01
5.421652793884277344e-01
6.984812021255493164e-01
6.458542943000793457e-01
2.656506597995758057e-01
1.295648366212844849e-01
-2.732584625482559204e-02
-1.271348893642425537e-01
-1.930941343307495117e-01
-3.650256097316741943e-01
-3.385844230651855469e-01
-5.342906117439270020e-01
-9.284812808036804199e-01
-1.076606154441833496e+00
-1.124985814094543457e+00
-8.538998961448669434e-01
-6.224598288536071777e-01
-4.652657508850097656e-01
-5.143958926200866699e-01
-2.958889603614807129e-01
-3.934786021709442139e-01
-1.497759521007537842e-01
-3.319422006607055664e-01
-2.953780293464660645e-01
-2.025944292545318604e-01
3.870788812637329102e-01
6.483451128005981445e-01
9.982116818428039551e-01
1.524815797805786133e+00
9.538556337356567383e-01
8.921116590499877930e-01
5.542043447494506836e-01
2.689398527145385742e-01
-5.215436592698097229e-02
-3.190090358257293701e-01
-4.323260486125946045e-01
-4.417625069618225098e-01
-6.740648150444030762e-01
-7.599347829818725586e-01
-4.641800224781036377e-01
9.635370224714279175e-02
4.510103166103363037e-01
1.019016504287719727e+00
1.418827533721923828e+00
1.509343862533569336e+00
1.433676719665527344e+00
1.293279886245727539e+00
1.079531073570251465e+00
8.204362988471984863e-01
2.921716868877410889e-01
4.455496370792388916e-01
2.855933010578155518e-01
9.036183473654091358e-04
-2.601870000362396240e-01
5.606923252344131470e-02
-6.725904345512390137e-02
-1.549013257026672363e-01
-3.217234015464782715e-01
-3.122869729995727539e-01
-2.083105742931365967e-01
-6.194207072257995605e-02
7.244752645492553711e-01
8.185521960258483887e-01
6.599530577659606934e-01
4.217589795589447021e-01
1.169723737984895706e-02
-5.844531953334808350e-02
-5.394265800714492798e-02
-1.004967000335454941e-02
-4.399528354406356812e-02
-1.480036228895187378e-01
-9.604734927415847778e-02
-9.403552114963531494e-02
-1.866435110569000244e-01
1.468729376792907715e-01
4.684036597609519958e-02
-2.882727682590484619e-01
-4.490593671798706055e-01
-3.171887993812561035e-01
-4.468185827136039734e-02
8.782737702131271362e-02
3.910546302795410156e-01
9.566817879676818848e-01
1.021874666213989258e+00
1.162431120872497559e+00
7.226550579071044922e-01
2.807713150978088379e-01
-1.250857114791870117e-02
-3.308245241641998291e-01
-1.447144448757171631e-01
7.350508123636245728e-02
4.069896042346954346e-01
7.440986037254333496e-01
3.635915815830230713e-01
2.344886958599090576e-02
-5.985040590167045593e-02
6.364295724779367447e-03
6.939103826880455017e-03
1.141408160328865051e-01
-4.654998704791069031e-02
-1.721934676170349121e-01
-2.469664216041564941e-01
-2.062668204307556152e-01
-2.625500857830047607e-01
-2.455293983221054077e-01
-1.461620070040225983e-02
5.263634771108627319e-02
-9.458894841372966766e-03
6.809230148792266846e-02
1.779764443635940552e-01
3.432497680187225342e-01
2.664969265460968018e-01
3.494608700275421143e-01
8.927344083786010742e-01
4.481841921806335449e-01
2.015435844659805298e-01
3.797874227166175842e-02
2.541545033454895020e-01
2.972331941127777100e-01
-3.726577758789062500e-01
1.295807957649230957e-01
1.515512317419052124e-01
-3.744885697960853577e-02
-1.680261045694351196e-01
-6.729097664356231689e-02
-2.687771916389465332e-01
-1.635394096374511719e-01
-3.803697824478149414e-01
-5.553988814353942871e-01
-6.253977417945861816e-01
-3.777671754360198975e-01
-2.127813100814819336e-01
3.071965277194976807e-01
5.453107953071594238e-01
1.813294887542724609e-01
6.284461356699466705e-03
-1.824921071529388428e-01
1.717812865972518921e-01
2.895690798759460449e-01
5.215680003166198730e-01
1.104758739471435547e+00
6.626514792442321777e-01
8.808390498161315918e-01
1.130162119865417480e+00
1.372092485427856445e+00
1.418348550796508789e+00
1.081798315048217773e+00
1.025754570960998535e+00
5.820984840393066406e-01
8.594328910112380981e-02
-3.044791519641876221e-01
-2.348954528570175171e-01
1.580816954374313354e-01
2.909262478351593018e-01
2.905590236186981201e-01
1.753419041633605957e-01
1.632709354162216187e-01
-1.792667955160140991e-01
-3.468393087387084961e-01
-2.255548238754272461e-01
-7.158607244491577148e-02
-1.920243501663208008e-01
-2.171083390712738037e-01
-8.982026576995849609e-02
1.937198042869567871e-01
1.602052897214889526e-01
1.978552192449569702e-01
-2.806086540222167969e-01
-7.793025970458984375e-01
-8.679028749465942383e-01
-1.062459468841552734e+00
-7.835657596588134766e-01
-6.190748214721679688e-01
-9.418615102767944336e-01
-8.324723243713378906e-01
-1.056583642959594727e+00
-1.031371951103210449e+00
-8.734274506568908691e-01
-4.998181164264678955e-01
-2.600113749504089355e-01
-2.671166360378265381e-01
2.763219550251960754e-02
7.532530277967453003e-02
-1.512608677148818970e-01
1.637180149555206299e-01
3.889629840850830078e-01
9.284363389015197754e-01
2.941834926605224609e-01
7.818123698234558105e-01
8.275256156921386719e-01
6.821630001068115234e-01
3.078351914882659912e-01
7.562653422355651855e-01
8.347745537757873535e-01
7.905622720718383789e-01
7.967893481254577637e-01
1.790142953395843506e-01
-3.993224799633026123e-01
5.664349794387817383e-01
1.051748633384704590e+00
1.794134676456451416e-01
-1.060495495796203613e+00
-1.021456480026245117e+00
-6.971210241317749023e-01
7.669472098350524902e-01
1.871201515197753906e+00
1.760167717933654785e+00
7.067679762840270996e-01
1.104774713516235352e+00
1.250025510787963867e+00
1.083395004272460938e+00
8.612157702445983887e-01
1.724577546119689941e+00
2.346328258514404297e+00
2.262182712554931641e+00
-1.407264471054077148e+00
-3.107882261276245117e+00
-2.631637811660766602e+00
1.891532689332962036e-01
1.544710516929626465e+00
1.732502430677413940e-01
-4.006477594375610352e-01
3.766525089740753174e-01
8.851661086082458496e-01
1.815732479095458984e+00
1.188920259475708008e+00
5.436661839485168457e-01
-4.176524877548217773e-01
-1.528229713439941406e+00
-8.338295221328735352e-01
-4.315756261348724365e-01
-4.276158213615417480e-01
1.788386553525924683e-01
-8.664658665657043457e-01
-1.173525214195251465e+00
-8.005385398864746094e-01
-5.996431112289428711e-01
-8.175113797187805176e-01
-1.435781359672546387e+00
-2.130740404129028320e+00
-2.938170194625854492e+00
-1.760100841522216797e+00
-9.566149115562438965e-01
1.491083055734634399e-01
6.901464462280273438e-01
-9.473221898078918457e-01
-6.600820925086736679e-03
6.508678793907165527e-01
4.707613587379455566e-01
-7.733415067195892334e-02
-3.028824627399444580e-01
8.982866071164608002e-03
4.576365649700164795e-01
-3.813278079032897949e-01
4.366560876369476318e-01
2.797973453998565674e-01
1.530611753463745117e+00
2.392999649047851562e+00
6.898909807205200195e-01
-1.043171405792236328e+00
-2.457550764083862305e+00
3.170917043462395668e-03
-7.216087728738784790e-02
1.144324660301208496e+00
-3.039841949939727783e-01
8.740690946578979492e-01
3.393006086349487305e+00
3.954130411148071289e+00
1.795246958732604980e+00
1.028261423110961914e+00
1.601041674613952637e+00
2.367835760116577148e+00
1.984310984611511230e+00
2.264992952346801758e+00
9.486025571823120117e-01
-2.098913043737411499e-01
-1.464617609977722168e+00
-2.298025369644165039e+00
-2.358603954315185547e+00
-1.831808209419250488e+00
-1.156696081161499023e+00
-1.211952045559883118e-01
1.024370864033699036e-01
8.520666956901550293e-01
1.860727190971374512e+00
-1.417925059795379639e-01
-9.470667243003845215e-01
-1.136849164962768555e+00
-7.972493767738342285e-01
-6.516313552856445312e-01
-1.120642781257629395e+00
-1.393293499946594238e+00
-1.182977557182312012e+00
-6.134544610977172852e-01
-1.423832774162292480e-01
1.409013271331787109e-01
3.460120260715484619e-01
5.160115361213684082e-01
4.873509705066680908e-01
5.101676583290100098e-01
6.540932059288024902e-01
6.003326773643493652e-01
5.208654999732971191e-01
3.889629840850830078e-01
3.061427175998687744e-01
7.593746297061443329e-03
-1.905074864625930786e-01
-1.608410030603408813e-01
-1.795382350683212280e-01
-3.783206269145011902e-02
7.037556916475296021e-02
-3.883797675371170044e-02
-5.376702174544334412e-02
-1.605695635080337524e-01
-2.753395736217498779e-01
-3.408836722373962402e-01
2.086223289370536804e-02
4.570457935333251953e-01
8.821962475776672363e-01
9.198142290115356445e-01
6.668826937675476074e-01
3.258777856826782227e-01
-2.700650878250598907e-02
-1.778776794672012329e-01
-2.089118957519531250e-02
-1.657268702983856201e-01
-8.716391324996948242e-01
-1.694381117820739746e+00
-1.750504732131958008e+00
-1.183999419212341309e+00
1.084725707769393921e-01
2.407902032136917114e-01
-8.723362535238265991e-02
-2.246447056531906128e-01
-2.167091667652130127e-01
-6.740648150444030762e-01
3.677908778190612793e-01
9.586457014083862305e-01
1.570497035980224609e+00
1.780717134475708008e+00
1.867593050003051758e+00
1.747186660766601562e+00
5.992788672447204590e-01
-3.501763939857482910e-01
-8.857698440551757812e-01
-7.599188089370727539e-01
-2.574247419834136963e-01
1.888233982026576996e-02
-4.848571419715881348e-01
-6.064130663871765137e-01
-6.513279676437377930e-01
-6.040499806404113770e-01
1.496831178665161133e-01
6.262150406837463379e-01
1.227432370185852051e+00
2.118768215179443359e+00
2.104589462280273438e+00
1.901794075965881348e+00
1.085422873497009277e+00
1.348812699317932129e+00
3.512651324272155762e-01
-2.574566602706909180e-01
-1.167106509208679199e+00
-2.348017930984497070e+00
-3.099451780319213867e+00
-2.949953794479370117e+00
-3.288132429122924805e+00
-4.147726058959960938e+00
-4.350154399871826172e+00
-2.378610372543334961e+00
-2.670048475265502930e-01
1.654099702835083008e+00
1.822326898574829102e+00
1.543065905570983887e+00
5.564876198768615723e-01
8.183286786079406738e-01
1.787982106208801270e+00
3.065828323364257812e+00
2.615545988082885742e+00
1.563503503799438477e+00
1.225739955902099609e+00
1.021060347557067871e+00
2.578003704547882080e-02
-1.574246287345886230e+00
-3.233126640319824219e+00
-3.651922225952148438e+00
-2.198551654815673828e+00
-1.039530992507934570e+00
-5.330397933721542358e-02
4.469228088855743408e-01
7.026804685592651367e-01
4.367997944355010986e-01
9.362122416496276855e-01
1.399363875389099121e+00
1.653955936431884766e+00
1.793618440628051758e+00
1.497432589530944824e+00
1.396553754806518555e+00
1.125835061073303223e+00
3.886276781558990479e-01
6.205681711435317993e-02
-4.007116258144378662e-01
-9.195078611373901367e-01
-1.019939661026000977e+00
-1.076590180397033691e+00
-1.020546317100524902e+00
-7.652996182441711426e-01
-2.756429612636566162e-01
2.687961459159851074e-01
6.284503936767578125e-01
9.277711808681488037e-02
-3.524756431579589844e-01
-3.712047934532165527e-01
1.136165618896484375e+00
1.822885751724243164e+00
2.270166158676147461e+00
1.550698041915893555e+00
6.219199299812316895e-01
-9.310944378376007080e-02
-5.964497327804565430e-01
-5.720842480659484863e-01
-1.034980416297912598e+00
-1.034836769104003906e+00
-1.129711985588073730e+00
-3.552698493003845215e-01
-7.280328869819641113e-01
-1.026773452758789062e+00
-1.361375689506530762e+00
-1.273046851158142090e+00
-6.208631396293640137e-01
-3.685808181762695312e-02
1.845867335796356201e-01
1.496352106332778931e-01
3.538837134838104248e-01
3.455969095230102539e-01
3.421001434326171875e-01
4.194597303867340088e-01
-2.970066368579864502e-01
-2.902686297893524170e-01
-3.476855754852294922e-01
-3.002479374408721924e-01
4.363048076629638672e-01
2.076429277658462524e-01
1.047522872686386108e-01
2.748795449733734131e-01
-1.613359749317169189e-01
6.410482525825500488e-01
1.417071223258972168e+00
6.322824358940124512e-01
-1.872023493051528931e-01
-7.364953756332397461e-01
-7.688443064689636230e-01
-3.221544921398162842e-01
-1.675471067428588867e-01
-1.301686018705368042e-01
-2.047605067491531372e-02
1.836606562137603760e-01
2.384909689426422119e-01
2.851579105481505394e-03
-1.672756671905517578e-01
6.828390061855316162e-02
5.733326673507690430e-01
9.103778004646301270e-01
9.692796468734741211e-01
8.271264433860778809e-01
7.466533184051513672e-01
8.934528827667236328e-01
9.242849946022033691e-01
4.059996604919433594e-01
-6.059660315513610840e-01
-1.579419493675231934e+00
-1.115118265151977539e+00
-5.944219231605529785e-01
-4.017973542213439941e-01
-2.226807773113250732e-01
-2.789321243762969971e-01
-1.242608502507209778e-01
6.136012077331542969e-01
8.105687499046325684e-01
1.698870897293090820e+00
2.312047481536865234e+00
3.001226425170898438e+00
3.613908052444458008e+00
3.381829261779785156e+00
2.626595258712768555e+00
-5.174350808374583721e-04
-1.728087306022644043e+00
-1.619352698326110840e+00
-2.097497224807739258e+00
-2.619854211807250977e+00
-1.515120863914489746e+00
-1.471515297889709473e+00
-6.066526174545288086e-01
9.228000640869140625e-01
3.633201420307159424e-01
2.152112424373626709e-01
4.022793769836425781e-01
1.306069374084472656e+00
1.685346841812133789e+00
8.887426853179931641e-01
3.771474659442901611e-01
-6.056891754269599915e-02
-9.085810929536819458e-02
-1.729279458522796631e-01
-1.602981388568878174e-01
-5.752297639846801758e-01
-2.694318294525146484e-01
-3.764898478984832764e-01
-6.315130591392517090e-01
-1.416158080101013184e+00
-1.528405308723449707e+00
-1.178091645240783691e+00
-7.463469505310058594e-01
-6.964663863182067871e-01
-4.637808501720428467e-01
-7.620742917060852051e-01
-2.594206035137176514e-01
2.862798869609832764e-01
1.090005397796630859e+00
1.198436498641967773e+00
1.174230694770812988e+00
2.620421350002288818e-01
-3.272639214992523193e-01
-2.431503385305404663e-01
3.705212175846099854e-01
4.863407928496599197e-03
-7.692593932151794434e-01
-1.520326018333435059e+00
-1.512438416481018066e+00
-7.328229546546936035e-01
6.125952601432800293e-01
8.508851528167724609e-01
6.222233176231384277e-01
3.100546002388000488e-01
-2.685855925083160400e-01
2.135027796030044556e-01
9.354937076568603516e-01
2.194722652435302734e+00
2.472626447677612305e+00
1.868998050689697266e+00
9.904837012290954590e-01
4.480564296245574951e-01
3.239936828613281250e-01
6.325379014015197754e-01
4.220144450664520264e-01
1.892331093549728394e-01
-5.087435841560363770e-01
-8.697390556335449219e-01
-5.812013745307922363e-01
-1.024500727653503418e-01
5.745301842689514160e-01
7.691187262535095215e-01
7.418951392173767090e-01
6.840630769729614258e-01
9.260892271995544434e-01
1.088057398796081543e+00
1.212407588958740234e+00
1.446434259414672852e+00
1.872526764869689941e+00
1.797546267509460449e+00
1.497879624366760254e+00
8.030483722686767578e-01
-1.970963925123214722e-02
-1.306673049926757812e+00
-1.845507740974426270e+00
-2.214822053909301758e+00
-1.425019741058349609e+00
-3.412988185882568359e-01
1.628558039665222168e-01
-9.218336641788482666e-02
-3.119835853576660156e-01
-9.790005087852478027e-01
-1.584928154945373535e+00
-1.087942600250244141e+00
-2.274069786071777344e-01
1.282715201377868652e-01
-4.501930177211761475e-01
-4.739623144268989563e-02
-2.256665974855422974e-01
1.264193654060363770e-01
-8.978727459907531738e-01
-8.082346320152282715e-01
-5.095419287681579590e-01
-5.028518438339233398e-01
-3.061716556549072266e-01
-7.411097884178161621e-01
-1.288279175758361816e+00
-1.713780879974365234e+00
-1.261854052543640137e+00
-4.055495858192443848e-01
-1.151118203997612000e-01
1.039374351501464844e+00
1.562960624694824219e+00
1.213668942451477051e+00
2.224548816680908203e+00
2.529308795928955078e+00
2.795716524124145508e+00
2.502021551132202148e+00
1.671806931495666504e+00
-1.020030006766319275e-01
-2.139298677444458008e+00
9.581986665725708008e-01
2.843617200851440430e+00
