1.460000000000009068e+00
1.410000000000008580e+00
2.249999999999993339e+00
-5.599999999999998312e-01
1.400000000000073963e-01
1.129999999999993898e+00
9.799999999999923217e-01
-2.400000000000084288e-01
-1.500000000000015488e-01
1.300000000000132439e-01
1.299999999999834899e-01
1.189999999999988622e+00
2.400000000000084288e-01
-1.199999999999893513e-01
7.899999999999843814e-01
1.679999999999999494e+00
2.429999999999977511e+00
-1.299999999999983613e+00
1.830000000000001181e+00
-8.900000000000151124e-01
9.000000000000688005e-02
1.780000000000000471e+00
-1.299999999999834899e-01
-1.900000000000079126e-01
-1.370000000000002327e+00
1.900000000000079126e-01
1.389999999999990576e+00
-6.699999999999950440e-01
8.600000000000029843e-01
6.000000000000061950e-01
-2.529999999999978488e+00
-3.099999999999972777e-01
1.310000000000007603e+00
1.889999999999995683e+00
1.179999999999994387e+00
1.220000000000000639e+00
3.000000000000030975e-01
3.000000000001220787e-02
-4.899999999999812839e-01
2.000000000000020650e-01
-1.329999999999995852e+00
-2.460000000000019504e+00
-1.189999999999988622e+00
2.299999999999994049e+00
-2.030000000000003357e+00
-1.099999999999981659e+00
2.699999999999909139e-01
1.450000000000015055e+00
-6.600000000000009193e-01
-2.030000000000003357e+00
-2.060000000000015152e+00
-3.299999999999855826e-01
7.199999999999955325e-01
-1.830000000000001181e+00
2.299999999999845224e-01
7.200000000000252864e-01
2.149999999999992362e+00
-7.399999999999838929e-01
-1.710000000000011733e+00
-3.259999999999998010e+00
3.459999999999999964e+00
-2.959999999999995079e+00
5.000000000000052180e-01
-1.040000000000016689e+00
-7.899999999999843814e-01
-1.240000000000018865e+00
1.699999999999898537e-01
-2.819999999999987406e+00
1.119999999999999662e+00
-2.599999999999967337e-01
-3.550000000000006928e+00
-2.890000000000005898e+00
1.330000000000025606e+00
-6.000000000000061950e-01
9.999999999994155925e-03
-8.600000000000029843e-01
-1.610000000000010756e+00
2.899999999999792188e-01
5.440000000000003055e+00
-6.899999999999832934e-01
1.099999999999951850e-01
1.400000000000014566e+00
2.580000000000008953e+00
-6.799999999999891687e-01
-2.599999999999967337e-01
9.100000000000034728e-01
-5.799999999999881917e-01
1.299999999999834899e-01
-1.479999999999997540e+00
-5.290000000000000924e+00
1.210000000000006626e+00
-1.999999999999990896e+00
-4.900000000000110378e-01
1.650000000000017009e+00
-3.400000000000094613e-01
-1.329999999999995852e+00
-2.840000000000005631e+00
1.290000000000019353e+00
2.149999999999992362e+00
-1.079999999999993410e+00
-6.600000000000009193e-01
-3.400000000000094613e-01
1.200000000000190914e-01
-1.019999999999998685e+00
2.899999999999792188e-01
-7.799999999999902567e-01
3.219999999999991758e+00
2.410000000000018794e+00
-9.900000000000162004e-01
-2.149999999999992362e+00
-4.500000000000046740e-01
2.000000000000020650e-01
-1.170000000000000151e+00
9.199999999999975975e-01
-4.599999999999987987e-01
-2.649999999999997691e+00
-2.260000000000017550e+00
2.879999999999982130e+00
-4.899999999999812839e-01
-3.799999999999860711e-01
6.799999999999891687e-01
1.320000000000001839e+00
-9.070000000000007390e+00
-1.520000000000003793e+00
1.420000000000002816e+00
1.210000000000006626e+00
-2.099999999999962175e-01
-1.900000000000079126e-01
-2.699999999999909139e-01
-1.610000000000010756e+00
2.220000000000010854e+00
-6.999999999998882116e-02
1.549999999999986278e+00
9.600000000000039613e-01
7.100000000000014078e-01
-1.720000000000005969e+00
-1.200000000000190914e-01
-5.999999999999467565e-02
-9.199999999999975975e-01
-3.000000000001220787e-02
-1.589999999999992752e+00
-4.000000000000041300e-01
6.800000000000189226e-01
-1.140000000000017666e+00
8.799999999999912337e-01
-6.299999999999886802e-01
-4.500000000000046740e-01
-1.560000000000010267e+00
-1.489999999999991553e+00
1.579999999999998517e+00
-7.799999999999902567e-01
7.000000000000072831e-01
1.599999999999957012e-01
8.799999999999912337e-01
-1.349999999999984324e+00
-9.999999999994155925e-03
6.000000000000061950e-01
1.589999999999992752e+00
1.720000000000005969e+00
-1.699999999999898537e-01
-3.500000000000036415e-01
1.000000000000010325e-01
1.309999999999977849e+00
2.400000000000084288e-01
-3.500000000000036415e-01
-1.299999999999983613e+00
-1.339999999999990088e+00
-1.970000000000008411e+00
1.299999999999834899e-01
3.099999999999972777e-01
-6.100000000000003197e-01
-6.400000000000125588e-01
4.299999999999866152e-01
1.099999999999951850e-01
1.239999999999989111e+00
-1.900000000000079126e-01
-6.500000000000066835e-01
-1.420000000000002816e+00
9.100000000000034728e-01
-3.350000000000004974e+00
-1.529999999999998028e+00
-2.199999999999903699e-01
1.160000000000006137e+00
1.069999999999999174e+00
-1.000000000000010325e-01
4.199999999999924349e-01
1.260000000000007114e+00
1.849999999999989431e+00
1.799999999999988942e+00
-4.900000000000110378e-01
8.900000000000151124e-01
6.299999999999886802e-01
1.539999999999992042e+00
-3.000000000000030975e-01
7.400000000000136469e-01
-1.010000000000004450e+00
-5.400000000000115818e-01
2.500000000000026090e-01
-1.549999999999986278e+00
-2.149999999999992362e+00
8.199999999999966205e-01
-1.900000000000079126e-01
1.389999999999990576e+00
-4.699999999999929789e-01
2.400000000000084288e-01
1.099999999999951850e-01
4.300000000000163691e-01
-5.299999999999875921e-01
5.000000000000052180e-01
9.500000000000098366e-01
-2.599999999999967337e-01
1.400000000000073963e-01
-2.000000000000020650e-01
-6.000000000000061950e-01
-9.500000000000098366e-01
4.799999999999871036e-01
-4.199999999999924349e-01
-1.900000000000079126e-01
-7.699999999999960210e-01
5.400000000000115818e-01
-8.400000000000146239e-01
2.699999999999909139e-01
-3.000000000001220787e-02
-1.250000000000012879e+00
-8.799999999999912337e-01
-4.799999999999871036e-01
-1.560000000000010267e+00
9.999999999994155925e-03
-6.500000000000066835e-01
-6.199999999999945555e-01
4.000000000000041300e-01
1.810000000000012710e+00
1.320000000000001839e+00
3.299999999999855826e-01
-4.799999999999871036e-01
-3.400000000000094613e-01
1.050000000000010925e+00
-2.400000000000084288e-01
9.399999999999859579e-01
-1.099999999999951850e-01
1.300000000000132439e-01
4.000000000000041300e-01
9.999999999994155925e-03
2.099999999999962175e-01
-9.699999999999980860e-01
1.900000000000079126e-01
-1.039999999999986935e+00
3.069999999999990070e+00
-2.900000000000089728e-01
3.599999999999977662e-01
9.699999999999980860e-01
7.900000000000141354e-01
-1.099999999999951850e-01
5.899999999999823164e-01
8.400000000000146239e-01
9.799999999999923217e-01
-6.000000000000061950e-01
-2.999999999998246430e-02
-5.699999999999939559e-01
-9.399999999999859579e-01
1.849999999999989431e+00
3.169999999999991047e+00
1.270000000000001128e+00
-8.000000000001272760e-02
6.300000000000184341e-01
7.699999999999960210e-01
-9.500000000000098366e-01
1.900000000000079126e-01
8.000000000001272760e-02
-2.800000000000147926e-01
2.800000000000147926e-01
-2.049999999999991385e+00
3.299999999999855826e-01
1.099999999999951850e-01
-6.400000000000125588e-01
2.000000000000020650e-01
1.439999999999991065e+00
-4.899999999999812839e-01
4.199999999999924349e-01
1.139999999999987912e+00
-1.650000000000017009e+00
-3.840000000000015845e+00
7.100000000000014078e-01
-1.119999999999999662e+00
-2.109999999999986109e+00
7.500000000000077716e-01
1.329999999999995852e+00
1.090000000000017177e+00
-7.000000000000072831e-01
3.319999999999992735e+00
-2.199999999999903699e-01
-1.079999999999993410e+00
6.699999999999950440e-01
-5.000000000000052180e-01
-8.500000000000087486e-01
1.599999999999986766e+00
2.300000000000142764e-01
-8.799999999999912337e-01
-5.999999999999467565e-02
6.800000000000189226e-01
-9.700000000000278400e-01
8.000000000000082601e-01
4.400000000000104938e-01
4.500000000000046740e-01
4.599999999999987987e-01
3.799999999999860711e-01
3.500000000000036415e-01
4.799999999999871036e-01
6.300000000000184341e-01
1.780000000000000471e+00
-2.099999999999962175e-01
7.199999999999955325e-01
1.000000000000010436e+00
-8.500000000000087486e-01
5.599999999999998312e-01
-1.889999999999995683e+00
1.179999999999994387e+00
-3.199999999999914024e-01
-3.799999999999860711e-01
9.600000000000039613e-01
-1.900000000000079126e-01
-6.400000000000125588e-01
-1.210000000000006626e+00
1.160000000000006137e+00
-2.199999999999903699e-01
1.400000000000073963e-01
8.999999999997713995e-02
1.069999999999999174e+00
-4.500000000000046740e-01
-9.100000000000034728e-01
1.299999999999834899e-01
-6.500000000000066835e-01
8.800000000000209877e-01
-1.900000000000079126e-01
5.599999999999998312e-01
1.379999999999996341e+00
1.789999999999994706e+00
1.450000000000015055e+00
-6.899999999999832934e-01
2.149999999999992362e+00
-1.900000000000079126e-01
4.199999999999924349e-01
-1.129999999999993898e+00
9.199999999999975975e-01
-1.299999999999834899e-01
-6.000000000000061950e-01
-1.099999999999951850e-01
-8.799999999999912337e-01
4.400000000000104938e-01
-3.599999999999977662e-01
-6.000000000000061950e-01
-9.000000000000093481e-01
6.500000000000066835e-01
3.009999999999995346e+00
-3.400000000000094613e-01
-5.399999999999818279e-01
-5.500000000000057065e-01
-7.900000000000141354e-01
9.300000000000214762e-01
-1.130000000000023652e+00
-1.739999999999994218e+00
4.199999999999924349e-01
-5.500000000000057065e-01
4.899999999999812839e-01
-9.899999999999864464e-01
-5.200000000000232214e-01
4.000000000000041300e-01
1.529999999999998028e+00
1.560000000000010267e+00
-4.400000000000104938e-01
-1.940000000000025926e+00
1.200000000000012390e+00
3.500000000000036415e-01
6.600000000000009193e-01
-1.439999999999991065e+00
6.299999999999886802e-01
-6.280000000000002913e+00
-8.199999999999966205e-01
-1.400000000000073963e-01
1.099999999999951850e-01
1.400000000000073963e-01
1.029999999999992699e+00
5.500000000000057065e-01
-9.999999999994155925e-03
1.019999999999998685e+00
1.329999999999995852e+00
1.000000000000010436e+00
-9.999999999994155925e-03
1.220000000000000639e+00
-7.000000000001856126e-02
2.900000000000089728e-01
-1.229999999999994875e+00
-8.900000000000151124e-01
-8.399999999999848699e-01
3.199999999999914024e-01
-7.799999999999902567e-01
-6.699999999999950440e-01
1.470000000000003304e+00
-2.000000000000020650e-01
2.099999999999962175e-01
5.000000000000052180e-01
1.599999999999957012e-01
-2.300000000000142764e-01
-4.000000000000636380e-02
6.999999999998882116e-02
7.299999999999896572e-01
8.000000000001272760e-02
-8.500000000000087486e-01
-8.500000000000087486e-01
2.900000000000089728e-01
6.600000000000009193e-01
-1.999999999998831185e-02
-3.599999999999977662e-01
5.900000000000120703e-01
9.100000000000034728e-01
8.299999999999907452e-01
-7.500000000000077716e-01
-3.299999999999855826e-01
-9.000000000000688005e-02
-9.999999999994155925e-03
6.999999999999775291e-01
1.300000000000132439e-01
-5.400000000000115818e-01
-1.000000000000010436e+00
-1.189999999999988622e+00
0.000000000000000000e+00
9.799999999999923217e-01
-9.799999999999923217e-01
-5.500000000000057065e-01
3.000000000000030975e-01
-5.400000000000115818e-01
1.500000000000015488e-01
8.500000000000087486e-01
8.900000000000151124e-01
8.000000000001272760e-02
-1.000000000000010436e+00
6.150000000000003908e+00
6.000000000000061950e-01
3.159999999999997033e+00
-2.500000000000026090e-01
-3.200000000000211564e-01
2.000000000000020650e-01
1.500000000000015488e-01
1.199999999999982636e+00
-9.299999999999917222e-01
-3.000000000000030975e-01
-6.199999999999945555e-01
-3.500000000000036415e-01
1.039999999999986935e+00
1.299999999999834899e-01
2.000000000001805195e-02
-7.199999999999955325e-01
1.239999999999989111e+00
1.010000000000004450e+00
1.999999999998831185e-02
2.300000000000142764e-01
1.299999999999834899e-01
9.799999999999923217e-01
1.649999999999987255e+00
-2.400000000000084288e-01
1.629999999999999005e+00
-3.399999999999797073e-01
-6.199999999999945555e-01
1.270000000000001128e+00
1.040000000000016689e+00
3.599999999999977662e-01
-2.599999999999967337e-01
1.479999999999997540e+00
5.500000000000057065e-01
-3.900000000000100053e-01
-1.570000000000004281e+00
-1.010000000000004450e+00
9.199999999999975975e-01
-1.200000000000190914e-01
1.000000000000010325e-01
-3.200000000000211564e-01
-9.500000000000098366e-01
-8.000000000001272760e-02
-5.500000000000057065e-01
8.000000000001272760e-02
5.400000000000115818e-01
1.079999999999993410e+00
9.500000000000098366e-01
5.899999999999823164e-01
-4.000000000000636380e-02
5.500000000000057065e-01
1.939999999999996172e+00
-6.199999999999945555e-01
4.000000000000636380e-02
-3.599999999999977662e-01
1.900000000000079126e-01
1.229999999999994875e+00
-1.130000000000023652e+00
-5.399999999999818279e-01
-1.689999999999993729e+00
1.339999999999990088e+00
-4.900000000000110378e-01
7.799999999999902567e-01
2.470000000000013518e+00
-1.599999999999957012e-01
6.400000000000125588e-01
1.349999999999984324e+00
-6.400000000000125588e-01
-2.299999999999845224e-01
-2.550000000000026468e+00
5.299999999999875921e-01
-5.399999999999818279e-01
-4.699999999999929789e-01
-1.600000000000254552e-01
-4.799999999999871036e-01
2.599999999999967337e-01
1.250000000000012879e+00
-1.999999999998831185e-02
1.270000000000001128e+00
2.599999999999967337e-01
4.800000000000168576e-01
1.179999999999994387e+00
1.370000000000002327e+00
4.000000000000636380e-02
9.999999999994155925e-03
7.399999999999838929e-01
2.200000000000201239e-01
-6.500000000000066835e-01
1.239999999999989111e+00
1.200000000000190914e-01
2.500000000000026090e-01
8.000000000000082601e-01
-4.360000000000009202e+00
-8.199999999999966205e-01
8.500000000000087486e-01
-6.100000000000003197e-01
-3.699999999999919464e-01
3.009999999999995346e+00
4.300000000000163691e-01
2.299999999999845224e-01
-3.000000000001220787e-02
-7.699999999999960210e-01
7.199999999999955325e-01
2.099999999999962175e-01
-8.300000000000204992e-01
1.000000000000010325e-01
1.579999999999998517e+00
-8.900000000000151124e-01
-3.879999999999992344e+00
2.879999999999982130e+00
-6.400000000000125588e-01
6.400000000000125588e-01
-1.570000000000004281e+00
7.199999999999955325e-01
-2.800000000000147926e-01
0.000000000000000000e+00
-8.699999999999971090e-01
2.049999999999991385e+00
2.199999999999903699e-01
-2.899999999999792188e-01
-9.199999999999975975e-01
-1.060000000000004938e+00
-1.210000000000006626e+00
-1.279999999999995364e+00
1.410000000000008580e+00
2.089999999999997637e+00
2.709999999999992415e+00
5.199999999999934674e-01
1.839999999999995195e+00
3.900000000000100053e-01
-1.099999999999951850e-01
1.629999999999999005e+00
6.000000000000061950e-01
-3.599999999999977662e-01
1.019999999999998685e+00
1.400000000000014566e+00
-8.000000000000082601e-01
2.599999999999967337e-01
-1.599999999999957012e-01
3.099999999999972777e-01
-1.800000000000137601e-01
8.699999999999971090e-01
1.549999999999986278e+00
1.570000000000004281e+00
1.360000000000008091e+00
-1.900000000000079126e-01
1.479999999999997540e+00
-8.000000000000082601e-01
1.639999999999993241e+00
1.599999999999957012e-01
2.149999999999992362e+00
-1.019999999999998685e+00
1.400000000000014566e+00
-6.999999999998882116e-02
-3.860000000000004317e+00
-4.400000000000104938e-01
1.300000000000013367e+00
-4.400000000000104938e-01
-4.899999999999812839e-01
-2.599999999999996980e+00
1.720000000000005969e+00
-2.170000000000010587e+00
-3.299999999999855826e-01
-1.889999999999995683e+00
-1.510000000000009557e+00
-1.470000000000003304e+00
2.659999999999991704e+00
3.240000000000009539e+00
-8.699999999999971090e-01
1.160000000000006137e+00
-4.000000000000041300e-01
-5.299999999999875921e-01
1.980000000000002647e+00
-8.000000000001272760e-02
-1.389999999999990576e+00
-2.139999999999998348e+00
-1.050000000000010925e+00
-3.079999999999984084e+00
9.999999999994155925e-03
1.489999999999991553e+00
4.139999999999989022e+00
1.200000000000190914e-01
-2.759999999999992681e+00
9.699999999999980860e-01
-4.199999999999924349e-01
-2.980000000000012861e+00
-8.299999999999907452e-01
2.730000000000010196e+00
8.299999999999907452e-01
2.849999999999999645e+00
5.799999999999881917e-01
1.199999999999893513e-01
-3.960000000000005294e+00
6.169999999999992824e+00
3.590000000000013181e+00
-1.739999999999994218e+00
1.470000000000003304e+00
2.000000000001805195e-02
9.100000000000034728e-01
3.799999999999860711e-01
-1.010000000000004450e+00
7.899999999999843814e-01
2.299999999999994049e+00
2.859999999999994102e+00
1.579999999999998517e+00
6.199999999999945555e-01
7.500000000000077716e-01
8.900000000000151124e-01
-2.700000000000206124e-01
1.050000000000010925e+00
3.500000000000006661e+00
-8.300000000000204992e-01
-3.379999999999987459e+00
1.620000000000004770e+00
-1.949999999999990408e+00
6.299999999999886802e-01
2.700000000000206124e-01
-8.200000000000263745e-01
-2.130000000000004334e+00
1.900000000000079126e-01
5.400000000000115818e-01
-2.630000000000009219e+00
-2.270000000000011564e+00
2.210000000000016840e+00
-8.600000000000029843e-01
1.360000000000008091e+00
2.089999999999997637e+00
1.429999999999997051e+00
-9.699999999999980860e-01
-1.599999999999986766e+00
1.309999999999977849e+00
-5.199999999999934674e-01
-3.309999999999998721e+00
8.600000000000029843e-01
-9.899999999999864464e-01
3.119999999999990781e+00
-1.939999999999996172e+00
-1.800000000000137601e-01
1.069999999999999174e+00
2.030000000000003357e+00
-1.339999999999990088e+00
-4.099999999999983102e-01
9.600000000000039613e-01
5.399999999999818279e-01
-2.500000000000026090e-01
-5.500000000000057065e-01
4.800000000000168576e-01
-6.100000000000003197e-01
-1.420000000000002816e+00
2.849999999999999645e+00
-6.899999999999832934e-01
1.710000000000011733e+00
1.049999999999981171e+00
6.100000000000003197e-01
2.370000000000012541e+00
-2.089999999999997637e+00
-1.920000000000007923e+00
-3.489999999999982450e+00
3.799999999999979838e+00
-2.500000000000026090e-01
-2.900000000000000355e+00
-7.899999999999843814e-01
2.500000000000026090e-01
2.359999999999988773e+00
-1.300000000000013367e+00
-4.599999999999987987e-01
1.500000000000015488e-01
2.939999999999976854e+00
-1.799999999999840061e-01
1.419999999999973062e+00
-1.200000000000190914e-01
-9.999999999994155925e-03
1.329999999999995852e+00
1.150000000000011902e+00
-2.919999999999988383e+00
2.419999999999983498e+00
-2.599999999999967337e-01
-1.499999999999985789e+00
2.500000000000026090e-01
-5.699999999999939559e-01
1.599999999999957012e-01
-7.600000000000018963e-01
-7.100000000000014078e-01
-8.500000000000087486e-01
-3.799999999999860711e-01
1.459999999999979314e+00
-2.899999999999792188e-01
-1.420000000000002816e+00
-2.500000000000026090e-01
6.799999999999891687e-01
-3.000000000000030975e-01
5.799999999999881917e-01
-1.279999999999995364e+00
1.010000000000004450e+00
-5.799999999999881917e-01
1.080000000000023164e+00
-6.100000000000003197e-01
-7.500000000000077716e-01
-2.220000000000010854e+00
8.900000000000151124e-01
1.179999999999994387e+00
-1.599999999999957012e-01
-4.400000000000104938e-01
-3.099999999999972777e-01
-3.119999999999990781e+00
-2.499999999999996003e+00
3.209999999999997300e+00
2.380000000000006555e+00
-5.000000000000051625e-02
1.210000000000006626e+00
1.689999999999993729e+00
1.110000000000005427e+00
2.449999999999995737e+00
-1.320000000000001839e+00
-5.529999999999994920e+00
-5.999999999999467565e-02
-6.600000000000009193e-01
-1.729999999999999982e+00
6.100000000000003197e-01
-3.900000000000100053e-01
-6.199999999999945555e-01
-1.069999999999999174e+00
-2.859999999999994102e+00
-3.800000000000009592e+00
7.600000000000018963e-01
-2.700000000000206124e-01
3.900000000000100053e-01
4.200000000000013500e+00
-6.230000000000002203e+00
1.749999999999988454e+00
-8.999999999997713995e-02
8.100000000000023848e-01
1.200000000000012390e+00
-6.600000000000009193e-01
-1.489999999999991553e+00
-2.359999999999988773e+00
-6.890000000000003233e+00
-2.640000000000003677e+00
6.199999999999945555e-01
5.950000000000001954e+00
3.230000000000015525e+00
3.699999999999919464e-01
-5.299999999999875921e-01
-5.039999999999998259e+00
4.620000000000006324e+00
-1.970000000000008411e+00
-1.100000000000011413e+00
3.040000000000007585e+00
-2.159999999999986819e+00
2.419999999999983498e+00
1.639999999999993241e+00
1.100000000000011413e+00
9.699999999999980860e-01
1.299999999999834899e-01
-2.490000000000001990e+00
-4.699999999999929789e-01
1.759999999999982467e+00
-1.809999999999982956e+00
9.199999999999975975e-01
6.800000000000189226e-01
-2.900000000000089728e-01
-2.269999999999981810e+00
-3.379999999999987459e+00
1.239999999999989111e+00
-7.199999999999955325e-01
8.000000000000082601e-01
4.000000000000041300e-01
5.299999999999875921e-01
-5.299999999999875921e-01
-1.279999999999995364e+00
2.620000000000015206e+00
-5.200000000000232214e-01
1.900000000000079126e-01
-1.579999999999998517e+00
1.650000000000017009e+00
-8.199999999999966205e-01
6.899999999999832934e-01
2.039999999999997371e+00
-9.999999999994155925e-03
1.739999999999994218e+00
3.579999999999989413e+00
-3.800000000000009592e+00
-7.299999999999896572e-01
4.720000000000006857e+00
1.260000000000007114e+00
-1.029999999999992699e+00
1.679999999999999494e+00
1.389999999999990576e+00
-5.699999999999939559e-01
-1.079999999999993410e+00
1.400000000000073963e-01
-4.900000000000110378e-01
-3.800000000000009592e+00
-6.600000000000009193e-01
-3.900000000000100053e-01
-3.379999999999987459e+00
1.830000000000001181e+00
-4.800000000000168576e-01
3.600000000000007638e+00
1.489999999999991553e+00
5.199999999999934674e-01
-1.549999999999986278e+00
1.129999999999993898e+00
-8.500000000000087486e-01
-2.199999999999903699e-01
4.899999999999812839e-01
-9.600000000000039613e-01
-1.060000000000004938e+00
-1.079999999999993410e+00
3.829999999999992077e+00
-7.500000000000077716e-01
-5.000000000000051625e-02
-2.609999999999991438e+00
5.500000000000057065e-01
-2.990000000000007319e+00
-7.000000000000072831e-01
-1.989999999999996882e+00
8.500000000000087486e-01
-2.359999999999988773e+00
-2.950000000000000622e+00
1.299999999999983613e+00
-1.000000000000010325e-01
1.379999999999996341e+00
-5.799999999999881917e-01
-1.210000000000006626e+00
1.920000000000007923e+00
-1.420000000000002816e+00
-2.059999999999985398e+00
8.999999999997713995e-02
-2.640000000000003677e+00
-2.009999999999985132e+00
-4.250000000000014211e+00
5.099999999999993427e-01
1.570000000000004281e+00
1.429999999999997051e+00
-2.569999999999984741e+00
2.130000000000004334e+00
-2.390000000000001013e+00
-4.699999999999929789e-01
1.300000000000132439e-01
-4.900000000000110378e-01
5.120000000000011653e+00
-1.980000000000002647e+00
5.500000000000057065e-01
-6.569999999999996732e+00
6.699999999999950440e-01
3.250000000000003997e+00
-9.100000000000034728e-01
-1.949999999999990408e+00
1.869999999999977680e+00
2.500000000000026090e-01
-2.580000000000008953e+00
9.900000000000162004e-01
-2.000000000001805195e-02
-7.199999999999955325e-01
-5.699999999999939559e-01
2.899999999999792188e-01
2.649999999999997691e+00
1.479999999999997540e+00
-1.860000000000013198e+00
-2.199999999999903699e-01
8.399999999999848699e-01
-2.189999999999999059e+00
1.410000000000008580e+00
6.600000000000009193e-01
1.500000000000015488e-01
4.000000000000636380e-02
-2.599999999999967337e-01
3.840000000000015845e+00
2.199999999999903699e-01
7.500000000000077716e-01
1.510000000000009557e+00
-1.139999999999987912e+00
-8.400000000000146239e-01
9.000000000000688005e-02
5.000000000000051625e-02
1.090000000000017177e+00
2.599999999999967337e-01
2.060000000000015152e+00
1.389999999999990576e+00
-1.699999999999898537e-01
1.200000000000190914e-01
-9.999999999994155925e-03
8.100000000000023848e-01
-5.900000000000120703e-01
-4.599999999999987987e-01
-4.800000000000168576e-01
2.490000000000001990e+00
1.880000000000001670e+00
-5.699999999999939559e-01
1.000000000000010436e+00
1.130000000000023652e+00
-1.310000000000007603e+00
1.149999999999982148e+00
-2.419999999999983498e+00
1.199999999999893513e-01
3.599999999999977662e-01
1.420000000000002816e+00
1.600000000000016520e+00
5.999999999999467565e-02
-2.249999999999993339e+00
-2.369999999999982787e+00
-5.699999999999939559e-01
2.199999999999903699e-01
-1.160000000000006137e+00
-2.899999999999792188e-01
-6.000000000000061950e-01
-7.299999999999896572e-01
-6.530000000000004690e+00
-2.990000000000007319e+00
-1.090000000000017177e+00
-1.000000000000010325e-01
1.539999999999992042e+00
-9.900000000000162004e-01
-9.500000000000098366e-01
-5.199999999999934674e-01
7.000000000001856126e-02
6.299999999999886802e-01
-9.100000000000034728e-01
-2.170000000000010587e+00
1.799999999999840061e-01
3.359999999999998987e+00
-3.900000000000100053e-01
1.069999999999999174e+00
-3.599999999999977662e-01
1.019999999999998685e+00
1.210000000000006626e+00
1.470000000000003304e+00
1.720000000000005969e+00
7.899999999999843814e-01
-5.999999999999467565e-02
-4.899999999999812839e-01
-1.400000000000014566e+00
-7.399999999999838929e-01
2.000000000000020650e-01
7.100000000000014078e-01
4.000000000000041300e-01
-9.000000000000688005e-02
7.100000000000014078e-01
-8.199999999999966205e-01
-1.489999999999991553e+00
1.199999999999893513e-01
-3.199999999999914024e-01
4.099999999999983102e-01
-2.220000000000010854e+00
-2.300000000000142764e-01
8.100000000000023848e-01
-3.599999999999977662e-01
5.500000000000057065e-01
-2.699999999999997957e+00
-1.360000000000008091e+00
1.549999999999986278e+00
8.100000000000023848e-01
1.199999999999982636e+00
2.900000000000089728e-01
-9.000000000000093481e-01
5.400000000000115818e-01
4.099999999999983102e-01
7.400000000000136469e-01
3.000000000000030975e-01
4.400000000000104938e-01
-5.500000000000057065e-01
1.920000000000007923e+00
-9.999999999994155925e-03
1.050000000000010925e+00
4.000000000000636380e-02
8.999999999997713995e-02
-5.299999999999875921e-01
-7.699999999999960210e-01
-1.320000000000001839e+00
-6.699999999999950440e-01
6.279999999999987814e+00
1.389999999999990576e+00
-1.300000000000132439e-01
1.839999999999995195e+00
-1.570000000000004281e+00
1.310000000000007603e+00
8.000000000001272760e-02
1.610000000000010756e+00
8.900000000000151124e-01
4.400000000000104938e-01
-8.100000000000023848e-01
-6.999999999998882116e-02
2.500000000000026090e-01
1.299999999999983613e+00
-1.000000000000010325e-01
-1.599999999999957012e-01
-1.400000000000073963e-01
2.800000000000147926e-01
-8.500000000000087486e-01
3.399999999999797073e-01
-8.199999999999966205e-01
-4.599999999999987987e-01
-6.299999999999886802e-01
-1.200000000000190914e-01
-8.199999999999966205e-01
1.000000000000010325e-01
6.300000000000184341e-01
1.000000000000010436e+00
-3.000000000001220787e-02
6.600000000000009193e-01
-2.840000000000005631e+00
-2.390000000000001013e+00
2.309999999999988063e+00
2.509999999999990461e+00
3.819999999999998064e+00
3.800000000000009592e+00
-6.499999999999769296e-01
-1.339999999999990088e+00
-9.999999999994155925e-03
-1.999999999998831185e-02
1.069999999999999174e+00
-1.910000000000013909e+00
1.699999999999898537e-01
2.099999999999962175e-01
8.600000000000029843e-01
-1.770000000000006457e+00
8.699999999999971090e-01
-5.299999999999875921e-01
4.800000000000168576e-01
5.000000000000051625e-02
8.400000000000146239e-01
1.699999999999898537e-01
1.989999999999996882e+00
2.500000000000026090e-01
1.040000000000016689e+00
-3.599999999999977662e-01
6.499999999999769296e-01
-8.000000000001272760e-02
-8.000000000001272760e-02
-3.500000000000036415e-01
-5.999999999999467565e-02
-4.599999999999987987e-01
1.050000000000010925e+00
6.000000000000061950e-01
-2.659999999999991704e+00
-1.110000000000005427e+00
-7.600000000000018963e-01
-1.799999999999840061e-01
-2.050000000000021139e+00
1.000000000000010325e-01
-1.760000000000012221e+00
-9.899999999999864464e-01
1.570000000000004281e+00
6.500000000000066835e-01
-1.800000000000137601e-01
-3.089999999999978542e+00
6.400000000000125588e-01
-2.720000000000016183e+00
1.400000000000014566e+00
2.879999999999982130e+00
-4.000000000000636380e-02
1.099999999999951850e-01
1.670000000000005480e+00
6.999999999998882116e-02
-5.699999999999939559e-01
5.599999999999998312e-01
-2.200000000000201239e-01
-1.099999999999951850e-01
-9.399999999999859579e-01
-1.029999999999992699e+00
4.099999999999983102e-01
-7.900000000000141354e-01
8.400000000000146239e-01
1.079999999999993410e+00
1.090000000000017177e+00
1.830000000000001181e+00
-6.500000000000066835e-01
1.889999999999995683e+00
0.000000000000000000e+00
6.299999999999886802e-01
1.500000000000015488e-01
6.699999999999950440e-01
3.099999999999972777e-01
1.099999999999951850e-01
-7.699999999999960210e-01
2.299999999999845224e-01
7.400000000000136469e-01
-5.000000000000052180e-01
-3.000000000001220787e-02
-9.100000000000034728e-01
3.300000000000152811e-01
-1.300000000000132439e-01
5.900000000000120703e-01
1.299999999999983613e+00
1.079999999999993410e+00
1.200000000000190914e-01
6.400000000000125588e-01
-5.000000000000052180e-01
-2.099999999999962175e-01
9.600000000000039613e-01
-9.999999999994155925e-03
-2.099999999999962175e-01
2.199999999999903699e-01
8.000000000001272760e-02
-1.099999999999951850e-01
1.909999999999984155e+00
5.999999999999467565e-02
9.999999999994155925e-03
-3.200000000000211564e-01
-2.800000000000147926e-01
7.400000000000017231e+00
-2.199999999999903699e-01
5.500000000000057065e-01
1.209999999999976872e+00
1.240000000000018865e+00
5.099999999999993427e-01
3.799999999999860711e-01
-2.999999999999733435e-01
1.170000000000000151e+00
1.730000000000029736e+00
4.899999999999812839e-01
-1.699999999999898537e-01
3.799999999999860711e-01
9.799999999999923217e-01
4.100000000000280087e-01
-5.800000000000179456e-01
1.299999999999834899e-01
2.700000000000206124e-01
5.999999999999467565e-02
2.799999999999969624e+00
-8.299999999999907452e-01
8.199999999999966205e-01
-4.400000000000104938e-01
1.800000000000137601e-01
-5.200000000000232214e-01
-3.199999999999914024e-01
4.599999999999690448e-01
5.999999999999467565e-02
-2.099999999999664912e-01
1.470000000000003304e+00
2.299999999999845224e-01
-6.999999999999775291e-01
1.470000000000003304e+00
-1.620000000000004770e+00
1.579999999999998517e+00
-5.000000000000052180e-01
-2.800000000000147926e-01
2.400000000000084288e-01
2.920000000000018137e+00
3.199999999999914024e-01
-1.900000000000079126e-01
-2.700000000000206124e-01
4.000000000000636380e-02
1.070000000000028928e+00
-7.500000000000077716e-01
-3.600000000000275202e-01
-3.199999999999914024e-01
-1.700000000000196076e-01
-1.539999999999992042e+00
1.700000000000196076e-01
-7.500000000000077716e-01
7.799999999999902567e-01
-6.300000000000184341e-01
-5.199999999999934674e-01
1.759999999999982467e+00
-1.699999999999898537e-01
1.369999999999972573e+00
8.900000000000151124e-01
-8.500000000000087486e-01
1.099999999999951850e-01
-1.399999999999776423e-01
2.930000000000012594e+00
9.299999999999917222e-01
-4.499999999999749201e-01
-5.299999999999875921e-01
2.430000000000007265e+00
4.049999999999982059e+00
9.800000000000220757e-01
-7.300000000000194111e-01
6.899999999999832934e-01
2.149999999999992362e+00
-4.000000000000041300e-01
-2.299999999999845224e-01
-5.220000000000012186e+00
2.290000000000000036e+00
5.200000000000232214e-01
9.300000000000214762e-01
-1.900000000000079126e-01
-4.599999999999987987e-01
5.299999999999875921e-01
-2.599999999999967337e-01
5.999999999996492861e-02
-9.100000000000034728e-01
4.200000000000221889e-01
2.269999999999981810e+00
-1.519999999999974039e+00
5.199999999999934674e-01
9.200000000000273515e-01
-3.799999999999860711e-01
-6.010000000000026432e+00
-3.560000000000000941e+00
1.170000000000029905e+00
-1.429999999999997051e+00
-8.699999999999971090e-01
-2.019999999999979146e+00
4.070000000000000284e+00
-1.330000000000025606e+00
8.600000000000029843e-01
-2.400000000000084288e-01
6.500000000000066835e-01
-4.599999999999987987e-01
-2.089999999999997637e+00
2.100000000000021849e+00
-2.149999999999992362e+00
3.400000000000094613e-01
-5.200000000000232214e-01
5.900000000000120703e-01
-1.360000000000008091e+00
1.450000000000015055e+00
8.799999999999912337e-01
4.699999999999929789e-01
2.099999999999962175e-01
2.030000000000003357e+00
1.269999999999971596e+00
5.200000000000232214e-01
5.200000000000232214e-01
9.399999999999859579e-01
-6.800000000000189226e-01
-6.999999999998882116e-02
1.820000000000006946e+00
6.500000000000066835e-01
7.199999999999955325e-01
-2.900000000000000355e+00
-1.060000000000004938e+00
-7.699999999999960210e-01
1.320000000000031593e+00
7.089999999999990088e+00
-1.570000000000004281e+00
8.199999999999966205e-01
2.420000000000013252e+00
1.270000000000001128e+00
9.799999999999923217e-01
-5.740000000000005542e+00
2.159999999999986819e+00
2.370000000000012541e+00
1.749999999999988454e+00
-6.500000000000066835e-01
-3.089999999999978542e+00
-3.600000000000275202e-01
-2.899999999999792188e-01
2.569999999999984741e+00
2.000000000000020650e-01
-7.099999999999716538e-01
5.900000000000120703e-01
1.609999999999981002e+00
1.439999999999991065e+00
4.400000000000104938e-01
6.500000000000066835e-01
5.000000000000051625e-02
-1.970000000000008411e+00
-1.700000000000196076e-01
-6.500000000000066835e-01
-2.630000000000009219e+00
2.870000000000017870e+00
-6.399999999999828049e-01
-1.210000000000006626e+00
-1.370000000000002327e+00
1.599999999999986766e+00
-1.210000000000006626e+00
5.999999999999467565e-02
-2.659999999999991704e+00
-2.680000000000009930e+00
-1.499999999999985789e+00
-1.339999999999960334e+00
2.589999999999973213e+00
1.090000000000017177e+00
-9.499999999999800826e-01
8.400000000000146239e-01
-3.099999999999972777e-01
6.699999999999950440e-01
-1.000000000000010436e+00
1.909999999999984155e+00
-8.999999999997713995e-02
5.399999999999818279e-01
5.999999999999467565e-02
6.500000000000066835e-01
-5.500000000000057065e-01
9.900000000000162004e-01
2.889999999999976144e+00
5.900000000000120703e-01
-7.100000000000014078e-01
-3.779999999999991367e+00
2.700000000000206124e-01
-8.000000000001272760e-02
9.300000000000214762e-01
-6.899999999999832934e-01
1.000000000000010436e+00
5.640000000000005009e+00
3.669999999999996376e+00
2.319999999999982521e+00
-2.149999999999992362e+00
1.220000000000030393e+00
4.389999999999991687e+00
1.749999999999988454e+00
5.599999999999998312e-01
1.429999999999997051e+00
-3.600000000000275202e-01
-1.210000000000006626e+00
-6.999999999999775291e-01
-2.630000000000009219e+00
-2.259999999999987796e+00
2.019999999999979146e+00
-9.499999999999800826e-01
-1.700000000000196076e-01
3.159999999999997033e+00
1.820000000000006946e+00
9.999999999994155925e-03
-8.799999999999912337e-01
-1.019999999999998685e+00
-3.590000000000013181e+00
2.370000000000012541e+00
-7.999999999999785061e-01
-1.250000000000012879e+00
-1.600000000000254552e-01
-6.299999999999886802e-01
3.099999999999972777e-01
5.000000000000051625e-02
3.299999999999974509e+00
-9.699999999999980860e-01
5.700000000000237099e-01
-5.000000000000051625e-02
1.749999999999988454e+00
2.449999999999995737e+00
-1.880000000000001670e+00
-1.900000000000079126e-01
6.600000000000009193e-01
0.000000000000000000e+00
-4.439999999999992397e+00
3.000000000001220787e-02
4.800000000000168576e-01
-1.850000000000019185e+00
3.030000000000013571e+00
-3.000000000001220787e-02
8.000000000000082601e-01
1.970000000000008411e+00
-6.500000000000066835e-01
-1.999999999998831185e-02
-4.000000000000636380e-02
9.900000000000162004e-01
1.810000000000012710e+00
-9.000000000000093481e-01
2.909999999999994369e+00
1.599999999999957012e-01
-7.999999999999785061e-01
-1.460000000000009068e+00
4.000000000000636380e-02
-2.819999999999987406e+00
-3.109999999999996323e+00
3.999999999999743761e-01
-3.549999999999977174e+00
-9.900000000000162004e-01
4.599999999999987987e-01
3.500000000000036415e-01
-7.279999999999997584e+00
-4.010000000000006004e+00
6.539999999999984048e+00
-3.490000000000012204e+00
-4.389999999999991687e+00
1.259999999999977360e+00
6.300000000000006040e+00
1.629999999999999005e+00
3.030000000000013571e+00
5.620000000000016094e+00
-5.599999999999998312e-01
-5.800000000000179456e-01
-7.799999999999902567e-01
1.429999999999997051e+00
3.000000000000001332e+00
3.469999999999994422e+00
-5.800000000000179456e-01
-2.699999999999909139e-01
-3.119999999999990781e+00
1.210000000000006626e+00
6.099999999999705658e-01
-1.500000000000015488e-01
-1.639999999999993241e+00
1.909999999999984155e+00
3.039999999999977831e+00
1.739999999999994218e+00
-1.749999999999988454e+00
-1.529999999999998028e+00
2.099999999999962175e-01
-6.299999999999886802e-01
-2.719999999999986429e+00
-5.999999999999467565e-02
-3.969999999999999307e+00
-2.420000000000013252e+00
-3.910000000000004583e+00
7.830000000000003624e+00
-4.429999999999997939e+00
-1.860000000000013198e+00
1.300000000000013367e+00
-1.099999999999981659e+00
1.709999999999981979e+00
3.220000000000021512e+00
1.189999999999988622e+00
-4.420000000000004370e+00
1.670000000000005480e+00
3.200000000000003286e+00
-8.100000000000023848e-01
1.699999999999987743e+00
5.900000000000120703e-01
1.090000000000017177e+00
2.420000000000013252e+00
-4.000000000000041300e-01
-5.039999999999998259e+00
-7.080000000000010729e+00
-4.799999999999871036e-01
-2.300000000000023803e+00
7.100000000000014078e-01
5.699999999999939559e-01
-1.900000000000019673e+00
2.940000000000006608e+00
3.840000000000015845e+00
7.470000000000005969e+00
3.199999999999914024e-01
6.940000000000018154e+00
1.329999999999995852e+00
8.900000000000151124e-01
1.310000000000007603e+00
2.679999999999980176e+00
-1.449999999999985301e+00
-4.400000000000104938e-01
-1.710000000000011733e+00
1.739999999999994218e+00
-1.189999999999988622e+00
-6.800000000000189226e-01
1.320000000000001839e+00
-4.699999999999929789e-01
1.200000000000012390e+00
-2.099999999999962175e-01
4.300000000000163691e-01
-6.800000000000189226e-01
-4.000000000000041300e-01
-6.299999999999886802e-01
3.369999999999993001e+00
1.589999999999992752e+00
1.479999999999997540e+00
6.699999999999950440e-01
-5.199999999999934674e-01
-1.760000000000012221e+00
-4.699999999999929789e-01
1.050000000000010925e+00
-1.579999999999998517e+00
1.000000000000307726e-01
-1.960000000000014397e+00
-1.000000000000010325e-01
-3.050000000000001599e+00
8.100000000000023848e-01
-1.039999999999986935e+00
-5.400000000000115818e-01
-2.749999999999998668e+00
2.260000000000017550e+00
-2.700000000000206124e-01
1.339999999999990088e+00
-3.899999999999802514e-01
2.069999999999979856e+00
-3.260000000000027764e+00
1.480000000000027294e+00
2.569999999999984741e+00
2.610000000000021192e+00
-2.300000000000142764e-01
-2.470000000000013518e+00
3.150000000000003020e+00
3.000000000000030975e-01
-4.200000000000221889e-01
5.399999999999818279e-01
-1.049999999999981171e+00
1.479999999999997540e+00
-4.400000000000104938e-01
1.700000000000196076e-01
1.389999999999990576e+00
1.820000000000006946e+00
-6.099999999999705658e-01
-3.230000000000015525e+00
-1.069999999999999174e+00
3.799999999999860711e-01
1.121000000000002039e+01
5.889999999999977476e+00
6.000000000000359490e-01
1.079999999999993410e+00
-1.959999999999984643e+00
1.399999999999776423e-01
1.629999999999999005e+00
-1.349999999999984324e+00
1.339999999999990088e+00
8.799999999999912337e-01
4.900000000000110378e-01
3.079999999999984084e+00
4.260000000000008669e+00
-2.120000000000009877e+00
-4.200000000000221889e-01
1.000000000002389602e-02
4.400000000000104938e-01
6.699999999999950440e-01
1.780000000000000471e+00
1.759999999999982467e+00
3.280000000000016236e+00
2.050000000000021139e+00
2.599999999999996980e+00
7.300000000000194111e-01
-1.490000000000021307e+00
-3.769999999999997353e+00
-1.799999999999988942e+00
-2.969999999999989093e+00
5.519999999999985363e+00
-2.780000000000010907e+00
5.340000000000001634e+00
-2.569999999999984741e+00
-5.960000000000010623e+00
3.600000000000275202e-01
1.299999999999834899e-01
1.660000000000011244e+00
-2.370000000000012541e+00
3.129999999999984794e+00
1.400000000000014566e+00
-1.770000000000006457e+00
4.529999999999999361e+00
7.900000000000141354e-01
1.519999999999974039e+00
2.020000000000008900e+00
2.790000000000004921e+00
-4.079999999999994742e+00
-3.700000000000008615e+00
-5.199999999999934674e-01
3.100000000000002309e+00
-1.050999999999998380e+01
-1.910000000000013909e+00
7.660000000000013465e+00
-4.749999999999989342e+00
4.789999999999995595e+00
-9.600000000000039613e-01
-5.169999999999982165e+00
3.289999999999980496e+00
1.339999999999990088e+00
2.079999999999973870e+00
-7.639999999999981029e+00
4.710000000000013287e+00
-3.500000000000006661e+00
-4.060000000000006715e+00
1.060000000000004938e+00
5.559999999999991616e+00
3.359999999999998987e+00
-1.474000000000000909e+01
-5.889999999999992575e+00
2.180000000000004601e+00
6.179999999999986393e+00
-1.459999999999979314e+00
-4.019999999999999574e+00
-1.030000000000001670e+01
-1.939999999999996172e+00
-5.429999999999978400e+00
4.609999999999982556e+00
2.120000000000009877e+00
-7.669999999999992824e+00
-8.880000000000029203e+00
-2.000000000000020650e-01
-4.490000000000022418e+00
2.330000000000006288e+00
-3.799999999999860711e-01
6.699999999999979750e+00
-1.389999999999990576e+00
-9.699999999999980860e-01
6.239999999999981561e+00
-8.129999999999991900e+00
-1.970000000000008411e+00
-6.229999999999987104e+00
1.109999999999975895e+00
-9.699999999999980860e-01
4.699999999999929789e-01
1.849999999999989431e+00
-5.469999999999999751e+00
-1.539999999999992042e+00
2.130000000000004334e+00
-5.180000000000005933e+00
-4.059999999999976517e+00
-6.100000000000018296e+00
-3.899999999999980815e+00
1.033999999999996433e+01
-1.019999999999968932e+00
7.999999999998298750e-02
1.510000000000009557e+00
1.799999999999840061e-01
-1.572999999999999687e+01
6.069999999999991402e+00
-3.299999999999855826e-01
2.819999999999987406e+00
2.559999999999990727e+00
4.900000000000110378e-01
-1.510000000000009557e+00
-2.290000000000000036e+00
3.069999999999990070e+00
1.870000000000007434e+00
9.200000000000273515e-01
9.599999999999742073e-01
-3.519999999999994689e+00
6.199999999999648015e-01
-1.220000000000000639e+00
5.059999999999987175e+00
-1.459999999999979314e+00
-1.620000000000004770e+00
1.056999999999997897e+01
1.189999999999988622e+00
8.000000000001272760e-02
4.730000000000001315e+00
2.930000000000012594e+00
5.999999999999467565e-02
-3.300000000000004263e+00
-5.299999999999875921e-01
-9.799999999999923217e-01
1.459999999999979314e+00
-7.099999999999716538e-01
6.199999999999945555e-01
-3.800000000000158251e-01
5.100000000000290967e-01
1.099999999999981659e+00
-9.699999999999980860e-01
1.909999999999984155e+00
1.259999999999977360e+00
1.000000000000307726e-01
5.399999999999818279e-01
-1.720000000000005969e+00
1.820000000000006946e+00
8.799999999999912337e-01
