-5.752233505249023438e+01
-2.505916595458984375e+01
-5.620224952697753906e+00
1.676724791526794434e+00
2.330696821212768555e+00
2.827075481414794922e+00
2.804210901260375977e+00
2.141153812408447266e+00
1.037857532501220703e+00
3.173993527889251709e-01
5.418300032615661621e-01
2.782006561756134033e-01
-8.167714625597000122e-02
-3.688417077064514160e-01
-7.308750152587890625e-01
-2.294188141822814941e-01
-3.019723594188690186e-01
-3.810883164405822754e-01
-3.587506115436553955e-01
-3.180669844150543213e-01
-3.784218430519104004e-01
1.382508128881454468e-01
-1.432879641652107239e-02
-8.354901075363159180e-01
-4.627429842948913574e-01
-6.143805384635925293e-01
-4.877790808677673340e-01
-2.250598520040512085e-01
-5.535786151885986328e-01
-7.020068764686584473e-01
-1.222335934638977051e+00
-1.269885301589965820e+00
-6.600458621978759766e-01
-3.586069047451019287e-01
-5.671983957290649414e-01
-4.250611364841461182e-01
-7.664971351623535156e-01
-1.212212920188903809e+00
-1.437729358673095703e+00
-1.566390514373779297e+00
-1.185388565063476562e+00
-1.161406278610229492e+00
-6.371014714241027832e-01
-1.666210293769836426e-01
-2.571852207183837891e-01
-5.309376120567321777e-01
-2.825885415077209473e-01
-1.905873268842697144e-01
-1.080645799636840820e+00
-1.040552854537963867e+00
-5.595821738243103027e-01
-7.236419916152954102e-01
-4.598050713539123535e-01
-1.138823702931404114e-01
-2.313348352909088135e-01
8.655002713203430176e-02
-7.164409160614013672e-01
-1.390770673751831055e+00
-1.440411806106567383e+00
-1.412485718727111816e+00
-1.121616840362548828e+00
-1.061469554901123047e+00
-7.594397664070129395e-01
-3.655684888362884521e-01
-2.965755462646484375e-01
5.749028548598289490e-02
2.771947383880615234e-01
-5.627276897430419922e-01
-5.937353968620300293e-01
-1.093483090400695801e+00
-7.202091217041015625e-01
-4.255401194095611572e-01
5.994545221328735352e-01
2.560440078377723694e-02
-8.301252126693725586e-01
-1.172992810606956482e-01
-6.355207562446594238e-01
-1.029929518699645996e-01
-7.331049442291259766e-02
-1.177133679389953613e+00
-5.070990324020385742e-01
2.981113493442535400e-01
-7.062540650367736816e-01
-1.086058497428894043e+00
-1.073412775993347168e+00
-9.308124184608459473e-01
-6.808826923370361328e-01
-6.343072652816772461e-01
-4.360463321208953857e-01
-1.251108288764953613e+00
-5.987969040870666504e-01
-1.952177286148071289e-01
-9.533417224884033203e-01
5.466414615511894226e-02
4.629375934600830078e-01
-8.344362974166870117e-01
1.763478219509124756e-01
-2.462479174137115479e-01
-3.254756033420562744e-01
-1.073779940605163574e+00
-1.413779020309448242e+00
-9.309401512145996094e-01
-8.428508043289184570e-01
-1.386651277542114258e+00
-1.301052689552307129e+00
-1.006846785545349121e+00
-1.287353157997131348e+00
-8.427230715751647949e-01
-6.295171976089477539e-01
-1.096612691879272461e+00
-2.103543430566787720e-01
-4.164070785045623779e-01
-7.186923027038574219e-01
-4.046554267406463623e-01
-2.507984638214111328e-01
-4.457542300224304199e-01
-1.311904937028884888e-01
4.415738880634307861e-01
4.551511630415916443e-02
8.177592605352401733e-02
4.559919834136962891e-01
3.573325574398040771e-01
-6.640216112136840820e-01
-3.578245341777801514e-01
2.676465213298797607e-01
-8.472682535648345947e-02
-3.765537142753601074e-01
-4.709818959236145020e-01
-8.723362535238265991e-02
-2.170764058828353882e-01
-5.587040185928344727e-01
-4.472551047801971436e-01
-2.689208984375000000e-01
1.485814005136489868e-01
-5.001214742660522461e-01
-2.952502965927124023e-01
-3.199510872364044189e-01
-4.627854749560356140e-02
6.449975073337554932e-02
-3.107806667685508728e-02
9.557673707604408264e-03
-3.434543311595916748e-01
-8.834226727485656738e-01
-4.410439729690551758e-01
-5.528920888900756836e-01
-3.691770136356353760e-01
-2.416175156831741333e-01
-3.157517910003662109e-01
2.326311171054840088e-01
1.454039812088012695e-01
4.145419299602508545e-01
-1.711236834526062012e-01
3.021988868713378906e-01
-2.442201226949691772e-01
-3.749570250511169434e-01
-2.304726243019104004e-01
-1.607771366834640503e-01
-4.651805013418197632e-02
-4.476862251758575439e-01
-5.378352999687194824e-01
-3.895667195320129395e-01
-3.995300531387329102e-01
3.963929787278175354e-02
-2.957133352756500244e-01
-4.559570550918579102e-01
-4.206702411174774170e-01
-5.468406081199645996e-01
-3.191367685794830322e-01
-4.745904207229614258e-01
2.232745140790939331e-01
1.271378695964813232e-01
-1.946748495101928711e-01
2.269788384437561035e-01
-1.265441179275512695e-01
-4.333000481128692627e-01
-4.800830483436584473e-01
-3.785176277160644531e-01
-3.057884275913238525e-01
-2.448428273200988770e-01
-1.737422496080398560e-01
2.003780007362365723e-01
2.376766502857208252e-01
5.577649474143981934e-01
5.369441509246826172e-01
5.051859617233276367e-01
3.047216534614562988e-01
4.370233118534088135e-01
-2.241859445348381996e-03
-4.932078123092651367e-01
-3.129895031452178955e-01
-6.374207735061645508e-01
-5.763100832700729370e-02
-2.560196518898010254e-01
-5.140765309333801270e-01
-1.655033379793167114e-01
-1.517718136310577393e-01
-2.935258746147155762e-01
-1.256180405616760254e-01
7.194032520055770874e-02
-4.001208245754241943e-01
1.807067841291427612e-01
1.380911469459533691e-01
-3.920096457004547119e-01
2.089841514825820923e-01
1.639150455594062805e-02
-1.601544320583343506e-01
-7.998465746641159058e-02
-7.074675559997558594e-01
-3.716039657592773438e-01
-1.302484273910522461e-01
-2.667972743511199951e-01
-2.906198799610137939e-01
7.985989749431610107e-02
-2.531775534152984619e-01
-4.697524607181549072e-01
-1.922638565301895142e-01
-4.916270971298217773e-01
-6.695302128791809082e-01
-7.143332958221435547e-01
-3.199989795684814453e-01
-1.787877976894378662e-01
-2.611929178237915039e-01
-3.517092168331146240e-01
-3.232402503490447998e-01
-5.055821537971496582e-01
-6.685243248939514160e-01
-9.781543016433715820e-01
-5.528761148452758789e-01
3.739061951637268066e-01
3.852107524871826172e-01
4.831037819385528564e-01
1.187866449356079102e+00
2.867110073566436768e-01
-1.271029561758041382e-01
-2.817742228507995605e-01
-4.734887182712554932e-01
-1.873300820589065552e-01
-3.639504313468933105e-02
-2.323088198900222778e-01
1.772419661283493042e-01
6.368543952703475952e-02
1.192342564463615417e-01
8.273394405841827393e-02
-3.348801136016845703e-01
-2.889274060726165771e-01
-4.259392917156219482e-01
-2.231118828058242798e-01
-3.727376163005828857e-01
2.667523920536041260e-01
1.240402907133102417e-01
3.482633531093597412e-01
2.042419761419296265e-01
-3.605868220329284668e-01
-2.381048053503036499e-01
-2.574886083602905273e-01
-4.089984297752380371e-01
-1.259693056344985962e-01
-2.569297552108764648e-01
-2.033608406782150269e-01
-3.018925189971923828e-01
-4.787523671984672546e-02
4.202740490436553955e-01
2.708079814910888672e-01
-1.471733450889587402e-01
1.499705165624618530e-01
4.363526999950408936e-01
1.593271195888519287e-01
-2.507665455341339111e-01
3.266761302947998047e-01
-4.551587104797363281e-01
-6.391931176185607910e-01
-3.152887523174285889e-01
-7.524303197860717773e-01
-2.786926329135894775e-01
-2.379770576953887939e-01
-5.213095545768737793e-01
2.442285045981407166e-02
-6.088081002235412598e-01
-6.094627380371093750e-01
-1.087569966912269592e-01
-5.526366233825683594e-01
-4.475105702877044678e-01
3.048813343048095703e-01
-7.198524475097656250e-02
-1.401798427104949951e-01
6.002049446105957031e-01
4.692285358905792236e-01
-1.641940623521804810e-01
-2.002153694629669189e-01
-3.214679360389709473e-01
-9.430696070194244385e-02
-4.372598230838775635e-01
7.050871849060058594e-03
2.680191770195960999e-02
-8.185012936592102051e-01
-4.916430711746215820e-01
-2.167091667652130127e-01
-6.237850785255432129e-01
-5.153858065605163574e-01
-2.164536863565444946e-01
-6.887169927358627319e-02
-3.985560834407806396e-01
-4.675755649805068970e-02
-1.683135181665420532e-01
-2.888315916061401367e-01
-1.319409310817718506e-01
-5.646596550941467285e-01
-6.207194328308105469e-01
-3.892952799797058105e-01
-2.461521178483963013e-01
-4.254922270774841309e-01
-4.523804783821105957e-01
-1.449858844280242920e-01
-3.727216422557830811e-01
-2.904442548751831055e-01
4.043071568012237549e-01
-1.859409660100936890e-01
2.574756145477294922e-01
1.034589707851409912e-01
1.585128009319305420e-01
-1.304240673780441284e-01
-1.019157290458679199e+00
-6.359997391700744629e-01
-5.980623960494995117e-01
-6.226833462715148926e-01
-3.248209655284881592e-01
-1.912579387426376343e-01
-3.885767757892608643e-01
-5.266744494438171387e-01
-3.578405082225799561e-01
-4.948683679103851318e-01
4.528102930635213852e-03
-1.597392857074737549e-01
1.945660412311553955e-01
1.278563737869262695e-01
2.276175171136856079e-01
2.466500550508499146e-01
-1.851212233304977417e-02
3.089528679847717285e-01
-2.630290985107421875e-01
6.234421953558921814e-02
-2.215151935815811157e-01
6.092581748962402344e-01
3.148606419563293457e-01
3.777063190937042236e-01
5.214679520577192307e-03
-2.572171688079833984e-01
-2.511816918849945068e-01
-6.214060187339782715e-01
-2.702940404415130615e-01
-5.672463178634643555e-01
-3.347364068031311035e-01
-6.026554480195045471e-02
2.503224313259124756e-01
2.743366658687591553e-01
-4.730042815208435059e-02
-2.772501856088638306e-02
-1.296895891427993774e-01
-4.719558954238891602e-01
-9.170435369014739990e-02
-4.501451253890991211e-01
-5.806105732917785645e-01
-3.061556816101074219e-01
-4.549351930618286133e-01
1.300119161605834961e-01
1.663046479225158691e-01
-2.928712368011474609e-01
-2.861172258853912354e-01
-5.560215711593627930e-01
-1.804908178746700287e-02
-4.377388358116149902e-01
-2.102585434913635254e-01
3.295501768589019775e-01
3.648689389228820801e-01
-1.418883055448532104e-01
-4.093656837940216064e-01
-5.429286956787109375e-01
-6.294373273849487305e-01
-1.333460211753845215e-01
1.881633251905441284e-01
5.955745577812194824e-01
6.622417271137237549e-02
-5.747666954994201660e-01
-3.790605068206787109e-01
-8.969786167144775391e-01
-2.072567641735076904e-01
-4.654892981052398682e-01
-8.639910221099853516e-01
-6.002658605575561523e-01
-2.542952299118041992e-01
-4.146986007690429688e-01
-2.059794068336486816e-01
-3.751805424690246582e-01
-2.045583575963973999e-01
9.930757433176040649e-02
-4.118565022945404053e-01
-1.450497508049011230e-01
-2.370350211858749390e-01
2.719735503196716309e-01
5.917222704738378525e-03
4.001877009868621826e-01
4.493337869644165039e-01
8.426675945520401001e-02
1.508487015962600708e-01
-3.426400125026702881e-01
-5.661286115646362305e-01
-5.400706529617309570e-01
-3.883692026138305664e-01
-3.754679560661315918e-01
-3.061077892780303955e-01
3.217104375362396240e-01
-6.771039916202425957e-04
2.707920074462890625e-01
1.703442782163619995e-01
2.006494253873825073e-01
-3.252041935920715332e-01
1.749427318572998047e-01
7.427148520946502686e-02
-7.832410186529159546e-02
-5.668896064162254333e-02
-3.382810652256011963e-01
-4.439978599548339844e-01
-3.844094276428222656e-01
-6.808507442474365234e-01
-5.820475816726684570e-01
-3.141710460186004639e-01
3.391303122043609619e-01
9.891584515571594238e-01
1.657937020063400269e-01
-3.639504313468933105e-02
-7.058015465736389160e-02
-3.730250298976898193e-01
-9.901719540357589722e-02
1.289261579513549805e-01
-5.637974739074707031e-01
-1.099545136094093323e-01
-1.872342824935913086e-01
1.882591247558593750e-01
-3.056712634861469269e-02
-1.625813990831375122e-01
-9.291783720254898071e-02
2.668801248073577881e-01
2.917086482048034668e-01
-2.375140190124511719e-01
-1.708682179450988770e-01
-1.544647943228483200e-02
-2.190722674131393433e-01
-1.698623001575469971e-01
-3.956181704998016357e-01
-4.495064318180084229e-01
-5.245348811149597168e-01
-4.751013517379760742e-01
-2.154956758022308350e-01
-1.190077438950538635e-01
1.627600044012069702e-01
-5.090629458427429199e-01
2.130078077316284180e-01
8.982323855161666870e-02
-1.214027777314186096e-01
-1.370663046836853027e-01
8.950390666723251343e-02
3.626655042171478271e-01
3.291669785976409912e-01
1.476233899593353271e-01
4.464118480682373047e-01
-2.541515231132507324e-01
-2.985554337501525879e-01
3.802664205431938171e-02
-2.666216492652893066e-01
-2.264968752861022949e-01
-7.567094564437866211e-01
-5.506033822894096375e-02
-3.384407460689544678e-01
-7.289429903030395508e-01
-4.681717455387115479e-01
-3.619759380817413330e-01
-3.442846238613128662e-01
-4.320386648178100586e-01
-3.880338966846466064e-01
-7.979679107666015625e-01
-4.657926559448242188e-01
-3.029303550720214844e-01
-2.465353161096572876e-01
-7.332646101713180542e-02
-1.976446956396102905e-01
-3.555093407630920410e-01
-1.070325747132301331e-01
-4.185466468334197998e-01
-4.318310916423797607e-01
1.177812665700912476e-01
-3.405164182186126709e-01
-5.868482217192649841e-02
-1.935891062021255493e-01
-3.278546929359436035e-01
-1.877611875534057617e-01
-4.892160892486572266e-01
-3.662071526050567627e-01
-3.348641395568847656e-01
-1.530970633029937744e-01
1.100532934069633484e-01
-2.923443019390106201e-01
7.410169839859008789e-01
3.175270855426788330e-01
-2.653602659702301025e-01
8.680550009012222290e-02
-1.883998662233352661e-01
-3.354708850383758545e-01
-2.524909675121307373e-01
-2.504951059818267822e-01
-2.729126214981079102e-01
-6.831499934196472168e-01
-3.200149536132812500e-01
-2.132124155759811401e-01
-2.160066217184066772e-01
-9.085810929536819458e-02
-1.071603074669837952e-01
-2.826364338397979736e-01
-1.659663766622543335e-01
-2.720024883747100830e-01
-1.102099865674972534e-01
-1.147924810647964478e-01
-5.015850439667701721e-02
-9.034717082977294922e-02
-2.638274431228637695e-01
-2.485311776399612427e-01
-3.701350092887878418e-01
-3.523638546466827393e-01
-1.767440289258956909e-01
-2.748286426067352295e-01
1.135660111904144287e-01
-3.511768952012062073e-02
-2.272792458534240723e-01
2.863597273826599121e-01
2.055033743381500244e-01
-3.722266852855682373e-01
-2.689474076032638550e-02
6.390897184610366821e-02
1.481343209743499756e-01
4.524367675185203552e-02
-4.834360778331756592e-01
-5.412681698799133301e-01
-2.417612224817276001e-01
-4.035696983337402344e-01
-5.861191749572753906e-01
-3.848670423030853271e-02
-1.430219560861587524e-01
-5.812492370605468750e-01
-4.367967844009399414e-01
-3.672130703926086426e-01
-3.480847477912902832e-01
2.525312826037406921e-02
-5.656122788786888123e-02
2.143649905920028687e-01
1.326199341565370560e-02
1.757889837026596069e-01
-2.499682009220123291e-01
3.811072707176208496e-01
3.664177358150482178e-01
1.933046579360961914e-01
3.283047378063201904e-01
4.971865713596343994e-01
3.514567315578460693e-01
4.203433170914649963e-02
3.466507196426391602e-01
1.158652454614639282e-01
3.567258119583129883e-01
-3.348906710743904114e-02
-6.412953138351440430e-02
-3.019988723099231720e-02
-5.334124565124511719e-01
3.672799468040466309e-01
1.558260992169380188e-03
-3.989392817020416260e-01
4.753758013248443604e-01
1.883443817496299744e-02
-1.017315611243247986e-01
2.882118821144104004e-01
2.263401597738265991e-01
4.846525490283966064e-01
-7.642403990030288696e-02
1.905902922153472900e-01
1.260521262884140015e-01
3.313224911689758301e-01
1.616103798151016235e-01
4.145738780498504639e-01
4.280658960342407227e-01
-2.017801254987716675e-01
7.754470407962799072e-02
1.718770861625671387e-01
-2.679893933236598969e-02
-8.822357654571533203e-02
5.567006021738052368e-02
-3.402769267559051514e-01
-2.497925609350204468e-01
-7.931404560804367065e-02
7.960984483361244202e-03
-4.557654559612274170e-01
-3.555412888526916504e-01
1.737292557954788208e-01
3.912462294101715088e-01
-9.852221608161926270e-02
1.941509097814559937e-01
4.083946943283081055e-01
2.931616306304931641e-01
1.411408185958862305e-01
4.930990338325500488e-01
2.398002594709396362e-01
-4.623064771294593811e-02
5.225314572453498840e-02
-8.588017821311950684e-01
-5.884662866592407227e-01
-4.529233574867248535e-01
-7.346751093864440918e-01
-3.616246581077575684e-01
3.190120160579681396e-01
3.011131286621093750e-01
1.749746650457382202e-01
2.090639919042587280e-01
-1.241011843085289001e-01
2.284797281026840210e-01
2.989949472248554230e-02
-5.712006613612174988e-02
1.675979644060134888e-01
5.903907492756843567e-02
1.086482107639312744e-01
-2.103543430566787720e-01
-2.906039357185363770e-01
-3.313514292240142822e-01
-3.569304049015045166e-01
-4.509157966822385788e-03
-2.279019504785537720e-01
-3.272319734096527100e-01
3.692917525768280029e-01
-1.602502316236495972e-01
-5.247743725776672363e-01
-5.453397035598754883e-01
-6.050399541854858398e-01
-7.094739377498626709e-02
-5.108193159103393555e-01
-7.619785070419311523e-01
-5.551753044128417969e-01
-5.263710618019104004e-01
-4.292763769626617432e-01
-3.879700303077697754e-01
-1.140899360179901123e-01
3.496205508708953857e-01
-9.512127190828323364e-02
-5.078973770141601562e-01
3.032686710357666016e-01
2.756938338279724121e-01
-2.407872378826141357e-01
1.363986581563949585e-01
-2.828919291496276855e-01
-7.467141747474670410e-01
-4.278180003166198730e-02
-1.980278939008712769e-01
-6.025490760803222656e-01
-5.780558586120605469e-01
1.227789074182510376e-01
-1.620704531669616699e-01
-3.602994084358215332e-01
-2.455453723669052124e-01
-2.722579538822174072e-01
-6.238968372344970703e-01
-3.313195109367370605e-01
-1.437723934650421143e-01
1.612591147422790527e-01
-3.736796677112579346e-01
-6.171853467822074890e-02
7.166888564825057983e-02
-6.014474034309387207e-01
-3.206855356693267822e-01
-2.360929697751998901e-01
-4.039209485054016113e-01
2.483904361724853516e-01
-5.234331488609313965e-01
-6.309861540794372559e-01
-3.847606778144836426e-01
-3.627104163169860840e-01
-5.754692554473876953e-01
-4.720516800880432129e-01
-3.087742626667022705e-01
-5.783272981643676758e-01
-7.872540950775146484e-01
-4.420978128910064697e-01
-3.965282738208770752e-01
-5.634940862655639648e-01
3.480133041739463806e-02
-1.553324311971664429e-01
-2.894223630428314209e-01
-1.942118108272552490e-01
-4.000410139560699463e-01
7.764050364494323730e-02
2.511686682701110840e-01
3.268358111381530762e-01
-7.171380519866943359e-02
-1.157983988523483276e-01
-3.268647491931915283e-01
-5.118731260299682617e-01
-4.569469988346099854e-01
-5.531954169273376465e-01
-2.353105992078781128e-01
-3.064909875392913818e-01
-4.629505574703216553e-01
-4.241510033607482910e-01
-1.497120857238769531e-01
-4.804662466049194336e-01
-4.169978499412536621e-01
-2.819179296493530273e-01
-5.277920961380004883e-01
-3.578564822673797607e-01
-1.026576459407806396e-01
-4.034738838672637939e-01
-3.434703052043914795e-01
-2.493933886289596558e-01
-6.519506573677062988e-01
-2.973419427871704102e-01
-2.857340276241302490e-01
-4.727861583232879639e-01
-3.099877238273620605e-01
-6.366064548492431641e-01
-3.118079602718353271e-01
-1.004063114523887634e-01
-4.201538860797882080e-02
-1.387268602848052979e-01
-3.658718466758728027e-01
-4.365413188934326172e-01
-2.779740989208221436e-01
-1.792029291391372681e-01
-1.294500827789306641e-01
-2.601656131446361542e-02
-9.374811500310897827e-02
-6.786578893661499023e-02
-1.336014866828918457e-01
4.133179038763046265e-02
-1.352301090955734253e-01
-1.104814186692237854e-01
-4.095413088798522949e-01
-3.349599540233612061e-01
-3.632852137088775635e-01
-4.242308437824249268e-01
-3.837068676948547363e-01
-2.221644110977649689e-02
-7.939388602972030640e-02
-7.284745573997497559e-02
-1.218923274427652359e-02
-4.774484932422637939e-01
-5.319914221763610840e-01
-5.541214942932128906e-01
-7.038430571556091309e-01
-2.288599759340286255e-01
-1.891982108354568481e-01
-1.805760860443115234e-01
1.592846401035785675e-02
-3.397500216960906982e-01
-7.073717713356018066e-01
-7.241529226303100586e-01
-5.048317313194274902e-01
-9.128336906433105469e-01
-4.522527456283569336e-01
-7.942581921815872192e-02
4.423776268959045410e-02
3.587695956230163574e-01
4.224190115928649902e-02
-4.917867779731750488e-01
-1.064417958259582520e-01
-4.602840840816497803e-01
-1.055795848369598389e-01
-3.558446466922760010e-01
-7.496999502182006836e-01
-4.862781763076782227e-01
-6.684764027595520020e-01
-4.999139010906219482e-01
9.969078004360198975e-02
4.421806335449218750e-01
5.451511144638061523e-01
1.898079067468643188e-01
2.574810199439525604e-02
-2.044785171747207642e-01
-2.077517360448837280e-01
-3.553496599197387695e-01
-6.311298608779907227e-01
-1.355015486478805542e-01
-5.290480703115463257e-02
-5.488524436950683594e-01
-7.043645530939102173e-02
-1.120302081108093262e-01
-3.130693435668945312e-01
-6.625313311815261841e-02
-3.408676981925964355e-01
-3.615288734436035156e-01
-5.707216635346412659e-02
-2.499362677335739136e-01
-3.928559124469757080e-01
2.003141343593597412e-01
-1.655831784009933472e-01
-4.382018744945526123e-01
-4.932822287082672119e-02
-1.362200528383255005e-01
-1.124772801995277405e-01
-2.213555276393890381e-01
-1.772974431514739990e-02
-2.235908955335617065e-01
-6.184840798377990723e-01
-2.394460141658782959e-01
-2.536191977560520172e-02
-1.911886408925056458e-02
-4.978861212730407715e-01
-3.298026323318481445e-01
-3.724023103713989258e-01
-5.076419115066528320e-01
-3.796832263469696045e-01
-4.091101884841918945e-01
-3.975022733211517334e-01
-5.499222278594970703e-01
3.580724447965621948e-02
-3.310640156269073486e-01
-4.943254888057708740e-01
1.233591325581073761e-02
-9.151275455951690674e-02
5.549984052777290344e-03
-4.723656177520751953e-02
2.649854682385921478e-02
-4.671498537063598633e-01
-6.285272240638732910e-01
-1.559711098670959473e-01
-2.464235574007034302e-01
-7.014639973640441895e-01
-3.477174937725067139e-01
-2.756269872188568115e-01
-6.821280717849731445e-01
-2.294188141822814941e-01
-2.877298891544342041e-01
-3.835152685642242432e-01
-1.273743957281112671e-01
-4.503313079476356506e-02
1.489061582833528519e-02
1.778062433004379272e-02
-1.684093177318572998e-01
-3.100356459617614746e-01
-3.298984467983245850e-01
-7.894680649042129517e-02
-5.365100502967834473e-01
-3.489629030227661133e-01
-4.354555606842041016e-01
-5.578896999359130859e-01
-2.471580207347869873e-01
-1.424631178379058838e-01
-1.437669713050127029e-02
-3.593413829803466797e-01
-2.164856344461441040e-01
-2.533531785011291504e-01
1.035388037562370300e-01
-1.131638586521148682e-01
-1.440757662057876587e-01
8.495333790779113770e-02
1.361272186040878296e-01
-2.889114320278167725e-01
1.970409154891967773e-01
-8.265113085508346558e-02
-4.082799255847930908e-01
-3.274714648723602295e-01
-7.302523255348205566e-01
-6.422747373580932617e-01
-3.240385949611663818e-01
-3.936223089694976807e-01
1.394483298063278198e-01
3.088570833206176758e-01
2.739215195178985596e-01
2.511846423149108887e-01
-2.256771363317966461e-02
-2.762921713292598724e-02
8.583693765103816986e-03
9.685409255325794220e-03
1.685240417718887329e-01
4.568701684474945068e-01
-3.225377202033996582e-01
-6.604555994272232056e-02
-1.894322782754898071e-02
4.155532643198966980e-02
4.304130375385284424e-01
4.539961218833923340e-01
4.383006691932678223e-01
-1.101620867848396301e-01
3.617554008960723877e-01
-1.576156914234161377e-01
-4.493946731090545654e-01
-3.344490230083465576e-01
1.389054656028747559e-01
-2.441722154617309570e-01
-1.190396770834922791e-01
-3.311641281470656395e-03
9.238336235284805298e-03
6.213665008544921875e-02
-1.529852896928787231e-01
1.803395450115203857e-01
2.397044450044631958e-01
1.627600044012069702e-01
-9.117744863033294678e-02
4.230043888092041016e-01
1.089835092425346375e-01
-1.647688597440719604e-01
1.359036862850189209e-01
-2.036482393741607666e-01
-9.125728160142898560e-02
-4.056134521961212158e-01
-1.782554574310779572e-02
-1.163039170205593109e-02
-1.199178546667098999e-01
8.423482626676559448e-02
7.545845583081245422e-03
-3.245495259761810303e-01
-3.652331829071044922e-01
-1.982674002647399902e-01
-1.217859834432601929e-01
-1.778776794672012329e-01
-2.355341315269470215e-01
6.997639685869216919e-02
-3.449392616748809814e-01
-1.139088813215494156e-02
3.756360337138175964e-02
-4.040273278951644897e-02
-1.248995289206504822e-01
-3.561001121997833252e-01
-7.430044561624526978e-02
1.206989400088787079e-03
3.972817361354827881e-01
-2.960369689390063286e-03
-2.361568361520767212e-01
1.421307772397994995e-01
-1.562211476266384125e-02
1.365742981433868408e-01
-1.044299677014350891e-01
-4.439339935779571533e-01
-1.620225608348846436e-01
-3.254596590995788574e-01
-3.276311457157135010e-01
-2.179066836833953857e-01
-2.662224769592285156e-01
-3.744620382785797119e-01
-3.540244102478027344e-01
-4.931439459323883057e-01
-5.364940762519836426e-01
-8.232275247573852539e-01
-2.649610936641693115e-01
-5.231403186917304993e-02
6.492030806839466095e-03
4.133179038763046265e-02
1.431207209825515747e-01
-1.014601290225982666e-01
-1.869468837976455688e-01
-7.851570099592208862e-02
-4.315915703773498535e-01
-1.854300200939178467e-01
-3.217872679233551025e-01
-1.530172377824783325e-01
-2.723058760166168213e-01
-6.623716652393341064e-02
3.456182777881622314e-02
2.470013201236724854e-01
-1.105133518576622009e-01
1.437913328409194946e-01
9.598646312952041626e-02
-4.584744200110435486e-02
1.041934415698051453e-01
-6.634893268346786499e-02
-4.235069081187248230e-02
1.664164215326309204e-01
-5.499105434864759445e-03
-2.486748844385147095e-01
4.591970704495906830e-03
-3.187375962734222412e-01
-2.849037349224090576e-01
-1.091082692146301270e-01
-3.402929008007049561e-01
-3.388079702854156494e-01
-3.007428944110870361e-01
-9.138502180576324463e-02
-1.935731321573257446e-01
7.907751947641372681e-02
-7.894138805568218231e-03
-9.267833828926086426e-02
6.113073602318763733e-02
-4.062680900096893311e-01
1.918995827436447144e-01
2.879244685173034668e-01
9.849326312541961670e-02
1.940710693597793579e-01
4.976230859756469727e-02
-4.172798246145248413e-02
-3.926908224821090698e-02
-2.617038488388061523e-01
-1.404672563076019287e-01
-3.960013687610626221e-01
-4.133254587650299072e-01
-1.014601290225982666e-01
-2.269918471574783325e-01
-3.397819399833679199e-01
-3.410912454128265381e-01
-3.877624571323394775e-01
-2.279338836669921875e-01
-1.511650681495666504e-01
-3.747813701629638672e-01
-2.202378511428833008e-01
-2.812952399253845215e-01
-4.527477025985717773e-01
-4.192012846469879150e-01
2.266649343073368073e-02
1.219221111387014389e-02
9.483684599399566650e-02
2.696104645729064941e-01
-6.979777663946151733e-02
-9.141695499420166016e-02
4.979424178600311279e-02
-3.831639885902404785e-01
-1.684731841087341309e-01
-1.880485862493515015e-01
-1.159740313887596130e-01
-1.362839341163635254e-01
5.059258639812469482e-02
-3.958257436752319336e-01
-2.761538922786712646e-01
-1.105612590909004211e-01
-4.811208844184875488e-01
-3.385205566883087158e-01
-2.611609995365142822e-01
-8.609997481107711792e-02
-6.923893839120864868e-02
-1.813584715127944946e-01
-1.052921786904335022e-01
-3.567388057708740234e-01
-3.661273121833801270e-01
1.891427300870418549e-02
2.677263617515563965e-01
3.796383142471313477e-01
1.641491204500198364e-01
-1.621288992464542389e-02
2.297570705413818359e-01
3.813627362251281738e-01
4.477211534976959229e-01
5.270021781325340271e-02
2.684288918972015381e-01
1.235453188419342041e-01
6.323836743831634521e-02
4.022314548492431641e-01
3.449422419071197510e-01
-2.625606581568717957e-02
-1.054464280605316162e-02
-2.787405252456665039e-01
-8.213477209210395813e-03
-1.972614824771881104e-01
-5.770020484924316406e-01
-2.233833223581314087e-01
-2.288705110549926758e-02
-2.825406491756439209e-01
-1.579989045858383179e-01
-1.678025722503662109e-01
-4.784703850746154785e-01
-2.747647762298583984e-01
-3.945324122905731201e-01
-4.125750064849853516e-01
-5.229381918907165527e-01
-2.359652370214462280e-01
3.163988515734672546e-02
-2.818221449851989746e-01
-2.744134962558746338e-01
-4.280309677124023438e-01
-7.506899237632751465e-01
-6.272339224815368652e-01
-6.130393743515014648e-01
-5.430405139923095703e-01
-2.475891262292861938e-01
1.655063033103942871e-01
-1.182093992829322815e-01
-2.958729863166809082e-01
-3.723384439945220947e-01
-3.036009669303894043e-01
-2.996411919593811035e-01
-6.673213839530944824e-02
2.991546131670475006e-02
-1.357889473438262939e-01
-2.838818728923797607e-01
-5.078121274709701538e-02
-3.853674232959747314e-01
-5.182918310165405273e-01
-2.780858874320983887e-01
-3.359179794788360596e-01
-4.983970522880554199e-01
-7.433237880468368530e-02
-3.028026223182678223e-01
-3.093490600585937500e-01
-2.421763539314270020e-01
-3.245495259761810303e-01
-4.496181905269622803e-01
-4.011427164077758789e-01
-5.110907554626464844e-01
-5.599015355110168457e-01
-2.812153995037078857e-01
-2.063306868076324463e-01
8.942406624555587769e-02
1.377718150615692139e-01
2.567570805549621582e-01
1.801000386476516724e-01
-2.251077443361282349e-01
2.490185759961605072e-02
-3.120634257793426514e-01
-1.391260325908660889e-01
-1.507818698883056641e-01
-4.152734279632568359e-01
-5.486927628517150879e-01
-4.850167930126190186e-01
-5.765550136566162109e-01
-2.298179864883422852e-01
-5.196170806884765625e-01
-6.673906445503234863e-01
-5.543131232261657715e-01
-9.821619391441345215e-01
-7.381239533424377441e-01
-5.409807562828063965e-01
-2.269279807806015015e-01
-1.047812402248382568e-01
-6.179836764931678772e-02
-2.625064924359321594e-03
-1.216103434562683105e-01
-1.564980149269104004e-01
-1.896133422851562500e-01
-3.207334578037261963e-01
-4.710617363452911377e-01
-3.152568042278289795e-01
-2.622786462306976318e-01
-6.773859262466430664e-01
-3.488830924034118652e-01
-5.186695978045463562e-02
-5.319594740867614746e-01
-8.172239661216735840e-01
-6.036987304687500000e-01
-6.020700931549072266e-01
-2.806725203990936279e-01
-3.557967543601989746e-01
3.195708692073822021e-01
1.824366301298141479e-02
-4.008393585681915283e-01
-2.695755362510681152e-01
-4.518375992774963379e-01
-4.000889062881469727e-01
-2.590214312076568604e-01
-3.215956687927246094e-01
-4.908127784729003906e-01
-2.776867151260375977e-01
-1.580947041511535645e-01
-4.812645912170410156e-01
-7.761890292167663574e-01
-5.027719736099243164e-01
-3.392071425914764404e-01
-6.306987404823303223e-01
-5.180044174194335938e-01
-5.797324180603027344e-01
-5.886579155921936035e-01
-2.195672392845153809e-01
-3.781663477420806885e-01
-1.610485762357711792e-01
-2.661426365375518799e-01
-2.810876667499542236e-01
4.415792971849441528e-02
-3.840102553367614746e-01
-5.301073193550109863e-01
-1.200934872031211853e-01
-4.008712768554687500e-01
-3.968316614627838135e-01
4.690423607826232910e-02
-2.036163061857223511e-01
1.376121491193771362e-01
-1.366990655660629272e-01
-3.881935775279998779e-01
-1.682177186012268066e-01
-1.390142589807510376e-01
1.996808871626853943e-02
-2.338202483952045441e-02
-2.799645625054836273e-02
-2.392863482236862183e-01
-6.012717485427856445e-01
-4.220433831214904785e-01
-4.254229366779327393e-02
-3.637163341045379639e-01
-6.281599998474121094e-01
-4.814881086349487305e-01
-3.606826066970825195e-01
-2.216589003801345825e-01
-5.531580746173858643e-02
-1.261449456214904785e-01
-1.137067303061485291e-01
5.016148090362548828e-02
-4.204307198524475098e-01
-2.411544770002365112e-01
-2.100190371274948120e-01
-3.890877068042755127e-01
2.720109000802040100e-02
-3.179871439933776855e-01
-5.617802217602729797e-02
-3.481486141681671143e-01
-3.710770606994628906e-01
3.799576461315155029e-01
1.454039812088012695e-01
3.921360708773136139e-03
-1.402277499437332153e-01
-7.246425002813339233e-02
9.502844512462615967e-02
-3.068582117557525635e-01
-2.951704561710357666e-01
1.397676765918731689e-01
-2.285885363817214966e-01
-8.651511371135711670e-02
-1.410526037216186523e-02
2.593970485031604767e-02
-2.737428843975067139e-01
-4.906052052974700928e-01
-4.577293992042541504e-01
-5.530357956886291504e-01
-2.716671824455261230e-01
-3.176199197769165039e-01
-3.541840910911560059e-01
-1.998321563005447388e-01
-5.774810910224914551e-01
3.247016295790672302e-02
-3.556051552295684814e-01
-6.026768088340759277e-01
5.965123418718576431e-03
-5.430989339947700500e-02
6.069963052868843079e-02
-5.525194108486175537e-02
9.678480774164199829e-02
8.469787240028381348e-02
-7.653580605983734131e-02
-3.066187202930450439e-01
4.128930624574422836e-03
-1.753549128770828247e-01
2.817507088184356689e-02
2.009582333266735077e-02
-8.274693042039871216e-02
2.596949934959411621e-01
-2.879374623298645020e-01
2.027889937162399292e-01
1.685996074229478836e-03
1.869977414608001709e-01
-6.130339205265045166e-02
-1.656416244804859161e-02
2.664224803447723389e-02
-1.843283027410507202e-01
-2.168848067522048950e-01
-2.745252549648284912e-01
-1.142975091934204102e-01
-3.022916913032531738e-01
-4.185466468334197998e-01
-4.061882495880126953e-01
-2.470302879810333252e-01
-1.842005699872970581e-01
-2.998008430004119873e-01
-5.408051013946533203e-01
-4.195046424865722656e-01
-3.043035268783569336e-01
-2.925518751144409180e-01
-4.106110930442810059e-01
1.036346033215522766e-01
2.271065711975097656e-01
2.027091681957244873e-01
6.582126617431640625e-01
-2.928435802459716797e-03
-2.525015175342559814e-02
2.900321185588836670e-01
-3.254277110099792480e-01
-5.718393623828887939e-02
-7.213108539581298828e-01
-9.725499153137207031e-01
-8.383002877235412598e-01
-4.412196278572082520e-01
-2.204933166503906250e-01
-3.265134692192077637e-01
-8.327383548021316528e-02
-4.988121986389160156e-01
-7.180057168006896973e-01
-5.648991465568542480e-01
-7.425787448883056641e-01
-8.332228064537048340e-01
-7.082179784774780273e-01
-6.021978259086608887e-01
-4.741273820400238037e-01
-5.700405240058898926e-01
-6.605887413024902344e-01
-7.671517729759216309e-01
-6.077542901039123535e-01
-2.035045474767684937e-01
-3.416021764278411865e-01
2.954822406172752380e-02
-2.917056381702423096e-01
-1.887351721525192261e-01
-6.977277398109436035e-01
2.359257265925407410e-02
-3.289085030555725098e-01
-4.790771305561065674e-01
-3.181627690792083740e-01
-3.475737869739532471e-01
4.395940005779266357e-01
2.559108436107635498e-01
-3.570581376552581787e-01
-8.237969130277633667e-02
-5.688270330429077148e-01
-3.491012006998062134e-02
-3.033455014228820801e-01
-1.330266743898391724e-01
-1.549013257026672363e-01
2.048487216234207153e-01
1.686198413372039795e-01
3.053816966712474823e-02
-3.379936516284942627e-01
-2.795228958129882812e-01
-6.675343513488769531e-01
-5.646117925643920898e-01
-3.730250298976898193e-01
-1.020030006766319275e-01
-1.306156665086746216e-01
-5.012072324752807617e-01
-1.843762099742889404e-01
-5.223154425621032715e-01
2.469374537467956543e-01
-2.515435032546520233e-02
1.011437699198722839e-01
6.288709491491317749e-02
-2.362526357173919678e-01
-2.046222239732742310e-01
-5.776886343955993652e-01
-5.166472196578979492e-01
-3.849203586578369141e-01
-7.183250188827514648e-01
-7.518236041069030762e-01
-3.691929578781127930e-01
-5.182279348373413086e-01
-5.425614714622497559e-01
-5.161682367324829102e-01
-4.589588344097137451e-01
-6.769069433212280273e-01
-1.421278119087219238e-01
-1.638747155666351318e-01
-5.502575039863586426e-01
-6.686999201774597168e-01
-8.336698412895202637e-01
-7.803404331207275391e-01
-6.942788958549499512e-01
-2.420166879892349243e-01
-3.670853376388549805e-01
-1.323241442441940308e-01
-5.461326614022254944e-02
-2.071290314197540283e-01
1.168392226099967957e-01
-4.668826702982187271e-03
-2.946275770664215088e-01
-2.625341415405273438e-01
-4.351627454161643982e-02
-3.380734920501708984e-01
-8.367729024030268192e-04
-1.831148266792297363e-01
-5.346578955650329590e-01
2.071479558944702148e-01
-1.547735929489135742e-01
-4.557494819164276123e-01
-3.974064588546752930e-01
-2.293495088815689087e-02
-4.522048532962799072e-01
-6.016549468040466309e-01
1.940551102161407471e-01
-4.276956617832183838e-01
-2.919397316873073578e-02
-1.911780983209609985e-01
-5.893923640251159668e-01
-3.136005485430359840e-03
-1.901881545782089233e-01
-4.552810266613960266e-02
-1.071762740612030029e-01
-3.317346274852752686e-01
6.451571732759475708e-02
-4.600286185741424561e-01
-3.221544921398162842e-01
2.237694859504699707e-01
-9.606331586837768555e-02
-5.530038475990295410e-01
-2.550935745239257812e-01
-5.339978262782096863e-02
-5.535786151885986328e-01
6.213665008544921875e-02
3.131681382656097412e-01
-4.779275059700012207e-01
-5.221717357635498047e-01
5.666266083717346191e-01
3.289114832878112793e-01
-1.192312762141227722e-01
3.744809925556182861e-01
5.507874488830566406e-01
-2.948511242866516113e-01
-2.052129954099655151e-01
2.391615808010101318e-01
-1.290349513292312622e-01
-2.544868290424346924e-01
6.127443909645080566e-02
7.634718716144561768e-02
2.089416794478893280e-02
-2.122384309768676758e-01
-4.126548469066619873e-01
-2.297381460666656494e-01
6.592080742120742798e-02
-8.490245789289474487e-02
1.305547803640365601e-01
6.464345008134841919e-02
-4.437104463577270508e-01
-2.019876837730407715e-01
-4.981575608253479004e-01
-4.266897439956665039e-01
-5.686993002891540527e-01
-4.758039116859436035e-01
-3.483721315860748291e-01
1.653520576655864716e-02
-2.920249700546264648e-01
-2.919770777225494385e-01
-3.409635126590728760e-01
-5.497944951057434082e-01
-4.644035398960113525e-01
-3.597246110439300537e-01
-8.811180293560028076e-02
-9.659022837877273560e-02
2.349303513765335083e-01
7.027443647384643555e-01
-1.285080462694168091e-01
5.766059160232543945e-01
3.370386362075805664e-01
-1.595955938100814819e-01
-1.030727848410606384e-01
1.244075298309326172e-01
-9.234303236007690430e-02
-1.858451664447784424e-01
2.362396419048309326e-01
-4.194727241992950439e-01
-6.557826995849609375e-01
-4.742072224617004395e-01
-4.995307028293609619e-01
-6.508754938840866089e-02
1.064342260360717773e-02
-7.674337923526763916e-02
6.922595202922821045e-02
2.188411541283130646e-02
-3.221225738525390625e-01
-4.508476555347442627e-01
1.733300834894180298e-01
-2.876021564006805420e-01
-3.648978769779205322e-01
1.854010522365570068e-01
-1.265600770711898804e-01
-1.038072630763053894e-01
-1.474393624812364578e-02
-1.619906276464462280e-01
-3.484998643398284912e-01
-3.427996933460235596e-01
1.238381396979093552e-02
-1.269592493772506714e-01
-2.821574509143829346e-01
-4.966886043548583984e-01
-2.380728721618652344e-01
-1.786121577024459839e-01
-7.941358685493469238e-01
-3.896465599536895752e-01
-4.840907156467437744e-01
-2.890072464942932129e-01
-4.882900118827819824e-01
-6.437436938285827637e-01
-4.809771776199340820e-01
-6.564054489135742188e-01
-7.128483653068542480e-01
-7.942636013031005859e-01
-5.850653648376464844e-01
-5.327258706092834473e-01
-1.927747875452041626e-01
-2.374341934919357300e-01
3.388269245624542236e-01
-1.487381011247634888e-01
8.575168251991271973e-02
-2.446033209562301636e-01
-4.096051752567291260e-01
-6.834479421377182007e-02
-1.157025918364524841e-01
-4.363337457180023193e-01
-2.181940823793411255e-01
-1.072082072496414185e-01
-8.619578182697296143e-02
-2.756110131740570068e-01
5.800122395157814026e-02
-2.254909574985504150e-01
6.263162195682525635e-02
-1.494725793600082397e-01
-1.787239313125610352e-01
-6.301184743642807007e-02
-6.345307826995849609e-01
-3.282857835292816162e-01
-3.586548268795013428e-01
-5.264828205108642578e-01
-4.939103722572326660e-01
-6.157696843147277832e-01
-6.433445215225219727e-01
-9.123387336730957031e-01
-8.520317673683166504e-01
-7.197620272636413574e-01
-6.654267311096191406e-01
-7.251269221305847168e-01
-1.001865148544311523e+00
-7.796059846878051758e-01
-6.063492298126220703e-01
-6.627922058105468750e-01
-6.101333498954772949e-01
-8.694835901260375977e-01
-7.618827223777770996e-01
-4.741273820400238037e-01
-3.943567872047424316e-01
-4.181155264377593994e-01
-3.832703456282615662e-02
-4.497938454151153564e-01
-7.385072112083435059e-01
-1.815500706434249878e-01
-6.206395626068115234e-01
-8.976651430130004883e-01
-9.172565340995788574e-01
-1.001433968544006348e+00
-8.109968900680541992e-01
-3.726418316364288330e-01
-4.081042706966400146e-01
-9.830401539802551270e-01
-1.044688344001770020e+00
-1.040249466896057129e+00
-1.183424592018127441e+00
-9.990708827972412109e-01
-1.136865139007568359e+00
-1.127029538154602051e+00
-1.330878853797912598e+00
-1.542456150054931641e+00
-1.025815486907958984e+00
-9.479608535766601562e-01
-1.035842657089233398e+00
-6.997555494308471680e-01
-1.035076260566711426e+00
-2.768085300922393799e-01
-4.541368484497070312e-01
-2.529540061950683594e-01
5.420110374689102173e-02
-9.318343400955200195e-01
-8.062706589698791504e-01
-5.157849788665771484e-01
-4.755005240440368652e-01
-5.855283737182617188e-01
-9.243139028549194336e-01
-3.201586306095123291e-01
-9.286090135574340820e-01
-1.213602066040039062e+00
-8.409028649330139160e-01
-1.060096383094787598e+00
-9.993742704391479492e-01
-3.332515060901641846e-01
-2.581592202186584473e-01
-4.128943383693695068e-01
-6.637182831764221191e-01
-4.351362287998199463e-01
2.033318728208541870e-01
-7.408223748207092285e-01
2.972385846078395844e-02
-3.164862692356109619e-01
-4.057092368602752686e-01
-1.583821028470993042e-01
-6.869021654129028320e-01
-7.884995341300964355e-01
-5.385059118270874023e-01
-2.141864001750946045e-01
-6.931771636009216309e-01
-3.913071155548095703e-01
-6.987761706113815308e-02
-7.435527443885803223e-01
-1.003318071365356445e+00
-7.944391965866088867e-01
1.946139484643936157e-01
1.215973570942878723e-01
-5.079293251037597656e-01
-6.529566049575805664e-01
5.420110374689102173e-02
-2.399888932704925537e-01
-7.800476253032684326e-02
1.388894915580749512e-01
1.002815589308738708e-01
-4.487240612506866455e-01
-7.187241911888122559e-01
-1.441875398159027100e-01
-1.058669909834861755e-01
-1.498343888670206070e-02
1.485334932804107666e-01
-6.341156363487243652e-01
-2.504791319370269775e-01
-2.288120687007904053e-01
-6.648721639066934586e-03
3.151639997959136963e-01
-2.782934606075286865e-01
1.490125060081481934e-01
3.349789083003997803e-01
3.499239385128021240e-01
-1.036156564950942993e-01
6.718484163284301758e-01
2.743366658687591553e-01
-3.382012248039245605e-01
2.109161466360092163e-01
2.980474829673767090e-01
-1.011886894702911377e-01
3.624579310417175293e-01
4.227329492568969727e-01
5.056170821189880371e-01
8.863636255264282227e-01
1.596943587064743042e-01
6.041488051414489746e-01
3.367193043231964111e-01
-1.243726164102554321e-01
-4.458979070186614990e-01
2.274897843599319458e-01
2.085690051317214966e-01
7.157413959503173828e-01
3.026140332221984863e-01
-6.312362104654312134e-02
-1.652638316154479980e-01
-1.663655489683151245e-01
-5.879659205675125122e-02
-1.876973211765289307e-01
-3.215796947479248047e-01
-3.974064588546752930e-01
-3.663029670715332031e-01
-2.385678440332412720e-01
-5.167111158370971680e-01
-1.210834383964538574e-01
-4.298831224441528320e-01
-5.937034487724304199e-01
-2.214034348726272583e-01
-4.150179624557495117e-01
-4.132456183433532715e-01
-2.424158602952957153e-01
-4.116010367870330811e-01
-3.377541601657867432e-01
-2.082147747278213501e-01
1.010958701372146606e-01
1.016227751970291138e-01
-2.855529822409152985e-02
-3.384566903114318848e-01
1.236730515956878662e-01
-1.897889822721481323e-01
-2.165760099887847900e-02
-9.438679367303848267e-02
-4.886891841888427734e-01
4.688826948404312134e-02
-3.975022733211517334e-01
-5.128630399703979492e-01
3.528033569455146790e-02
-6.470807790756225586e-01
-4.883858263492584229e-01
