1.495644211769104004e+00
1.300608634948730469e+00
1.884533882141113281e+00
-4.638447165489196777e-01
2.271225452423095703e-01
1.110458970069885254e+00
7.926698923110961914e-01
-1.871384829282760620e-01
-1.173152551054954529e-01
2.926347255706787109e-01
1.444779038429260254e-01
1.056937932968139648e+00
2.216937988996505737e-01
-3.463868424296379089e-02
8.893015384674072266e-01
1.709329128265380859e+00
2.019469976425170898e+00
-1.126279115676879883e+00
1.692324399948120117e+00
-6.738572120666503906e-01
1.267865896224975586e-01
1.515267610549926758e+00
-1.577434241771697998e-01
-2.204613834619522095e-01
-1.083839178085327148e+00
2.068445831537246704e-01
1.086764097213745117e+00
-6.873971819877624512e-01
8.524180054664611816e-01
6.469400525093078613e-01
-2.598330736160278320e+00
-3.007908165454864502e-01
1.422292351722717285e+00
1.688109159469604492e+00
8.694067597389221191e-01
9.803766608238220215e-01
1.983182728290557861e-01
-1.391365751624107361e-02
-3.429593741893768311e-01
-2.409948110580444336e-01
-1.279130220413208008e+00
-2.243610382080078125e+00
-1.104803681373596191e+00
2.047140598297119141e+00
-2.178401470184326172e+00
-1.018678188323974609e+00
1.875565797090530396e-01
1.428008437156677246e+00
-7.861524224281311035e-01
-1.446175813674926758e+00
-1.716974258422851562e+00
-3.186098635196685791e-01
5.123232007026672363e-01
-1.762224435806274414e+00
3.036997616291046143e-01
5.559127926826477051e-01
2.005626678466796875e+00
-9.097361564636230469e-01
-1.612007975578308105e+00
-2.041676998138427734e+00
3.158037185668945312e+00
-2.821132898330688477e+00
4.642468690872192383e-01
-7.599028348922729492e-01
-5.314645171165466309e-01
-1.157654047012329102e+00
2.785998284816741943e-01
-2.716389894485473633e+00
1.011623859405517578e+00
-2.214353680610656738e-01
-3.095795392990112305e+00
-2.602657794952392578e+00
1.131343603134155273e+00
-7.705687284469604492e-01
-1.660142838954925537e-01
-7.554001808166503906e-01
-1.444595098495483398e+00
3.167766630649566650e-01
5.272532939910888672e+00
-6.037465929985046387e-01
2.689558267593383789e-01
1.442554354667663574e+00
2.423432350158691406e+00
-5.916756391525268555e-01
-2.746529877185821533e-01
9.514127373695373535e-01
-3.094608187675476074e-01
2.372295856475830078e-01
-1.347356677055358887e+00
-4.785204410552978516e+00
1.366472125053405762e+00
-1.614674448966979980e+00
-4.958423674106597900e-01
1.527354478836059570e+00
-2.517564892768859863e-01
-1.287624597549438477e+00
-2.449599266052246094e+00
1.279883623123168945e+00
1.676517248153686523e+00
-1.012131810188293457e+00
-6.318802833557128906e-01
-1.862602978944778442e-01
1.722443252801895142e-01
-1.085962772369384766e+00
4.408873021602630615e-01
-5.703438520431518555e-01
1.825647950172424316e+00
-8.583387136459350586e-01
-5.477187633514404297e-01
-7.139980196952819824e-01
-3.303295671939849854e-01
6.037176847457885742e-01
-1.045247197151184082e+00
7.425657510757446289e-01
-4.320546090602874756e-01
6.091464161872863770e-01
7.833611965179443359e-01
2.919028759002685547e+00
-4.079446196556091309e-01
-3.177795708179473877e-01
6.469400525093078613e-01
1.071419835090637207e+00
-1.832734227180480957e+00
-1.176622748374938965e+00
1.630756139755249023e+00
1.269074082374572754e+00
-7.797282934188842773e-02
-1.986027061939239502e-01
-2.536565661430358887e-01
-3.396063148975372314e-01
1.536311864852905273e+00
1.420030444860458374e-01
1.726381778717041016e+00
1.092113018035888672e+00
7.175296545028686523e-01
-1.519926905632019043e+00
2.812716923654079437e-02
8.094564825296401978e-02
-5.023568272590637207e-01
1.510360278189182281e-03
-1.381493926048278809e+00
-1.710757911205291748e-01
8.600341677665710449e-01
-8.911027908325195312e-01
7.529123425483703613e-01
-4.898867011070251465e-01
-1.637310087680816650e-01
-1.466741204261779785e+00
-1.125640511512756348e+00
1.504058837890625000e+00
-5.683639645576477051e-01
6.959264874458312988e-01
1.881154179573059082e-01
7.495113611221313477e-01
-9.509786367416381836e-01
-8.637141436338424683e-02
4.869837164878845215e-01
1.658841848373413086e+00
1.432654857635498047e+00
-8.180488646030426025e-02
-1.265281438827514648e-01
1.777369379997253418e-01
1.127527594566345215e+00
5.863297581672668457e-01
-4.470635056495666504e-01
-1.256537079811096191e+00
-1.280998349189758301e+00
-3.214519619941711426e-01
3.239617645740509033e-01
2.317529320716857910e-01
-3.396542072296142578e-01
-8.942109346389770508e-02
3.079788982868194580e-01
2.483744770288467407e-01
9.956304728984832764e-02
-2.690007090568542480e-01
1.782957762479782104e-01
-1.075057387351989746e+00
2.598387002944946289e-01
-5.187708139419555664e-01
-1.300717473030090332e+00
-1.372579038143157959e-01
1.406245589256286621e+00
1.048507452011108398e+00
2.131674736738204956e-01
2.016234099864959717e-01
1.319625258445739746e+00
1.862962603569030762e+00
3.458683192729949951e-01
-4.483568072319030762e-01
9.365954399108886719e-01
6.411759853363037109e-01
1.499316573143005371e+00
-1.657268702983856201e-01
6.266301870346069336e-01
-1.027316331863403320e+00
-4.746063947677612305e-01
1.064926758408546448e-01
-1.385613441467285156e+00
-1.029392004013061523e+00
7.852931618690490723e-01
-9.692552685737609863e-02
3.248612955212593079e-02
4.291251301765441895e-02
3.624739050865173340e-01
2.732987999916076660e-01
1.130231395363807678e-01
-3.778470158576965332e-01
4.409352242946624756e-01
5.861061811447143555e-01
-1.915134042501449585e-01
-4.731639474630355835e-02
-1.094914749264717102e-01
-5.392084121704101562e-01
-2.691284418106079102e-01
6.526881456375122070e-01
-3.488032519817352295e-01
-9.331700950860977173e-02
-4.957625269889831543e-01
6.110464930534362793e-01
-3.831799626350402832e-01
-4.648825526237487793e-01
-5.644041895866394043e-01
-1.127077460289001465e+00
-7.461233735084533691e-01
-2.905027195811271667e-02
-9.175599217414855957e-01
-4.528594911098480225e-01
-6.637501716613769531e-01
-4.150339066982269287e-01
4.172882437705993652e-01
1.998505592346191406e+00
1.287803173065185547e+00
1.612271815538406372e-01
-6.493959426879882812e-01
-3.627902567386627197e-01
2.373732775449752808e-01
5.368802547454833984e-01
9.983394145965576172e-01
1.241574808955192566e-02
1.571236848831176758e-01
4.923326373100280762e-01
-3.206801414489746094e-02
2.525578141212463379e-01
-8.398171067237854004e-01
9.787480235099792480e-01
-8.109170198440551758e-01
1.784038305282592773e+00
-1.094435751438140869e-01
8.657662868499755859e-01
3.258777856826782227e-01
8.628922700881958008e-01
7.051926851272583008e-02
5.152291655540466309e-01
7.316125035285949707e-01
1.021411538124084473e+00
-8.784037083387374878e-02
-6.234124302864074707e-02
-4.488942772150039673e-02
2.761622890830039978e-02
1.835994482040405273e+00
1.528583884239196777e+00
1.335991263389587402e+00
3.277459144592285156e-01
6.514267325401306152e-01
4.447991847991943359e-01
-6.888501644134521484e-01
-8.341754227876663208e-02
2.576512396335601807e-01
-3.055808842182159424e-01
3.935295045375823975e-01
1.764276623725891113e-01
2.831877209246158600e-02
3.012728095054626465e-01
-1.970219910144805908e-01
1.609876751899719238e-01
5.751688480377197266e-01
-6.081374883651733398e-01
3.678547441959381104e-01
5.588187575340270996e-01
-8.253511190414428711e-01
-7.652198076248168945e-01
9.502311944961547852e-01
-1.006224036216735840e+00
-1.689144015312194824e+00
1.197302818298339844e+00
1.585617661476135254e+00
5.069103837013244629e-01
1.437434256076812744e-01
8.394528627395629883e-01
-1.479237973690032959e-01
-7.069566249847412109e-01
8.034635186195373535e-01
-3.479570150375366211e-01
-6.687318682670593262e-01
7.491920590400695801e-01
8.839163929224014282e-03
-6.371174454689025879e-01
3.811711370944976807e-01
7.937077283859252930e-01
-1.330266743898391724e-01
8.340560793876647949e-01
5.525118708610534668e-01
5.747218132019042969e-01
3.609091341495513916e-01
5.522723197937011719e-01
2.723567485809326172e-01
2.112514525651931763e-01
7.258324623107910156e-01
9.653038978576660156e-01
1.062286853790283203e+00
8.691672682762145996e-01
4.674562215805053711e-01
-5.158808231353759766e-01
6.683633662760257721e-03
-6.607749313116073608e-02
-1.659184843301773071e-01
-1.749557405710220337e-01
-5.287980437278747559e-01
7.730146050453186035e-01
1.503377556800842285e-01
-3.758990764617919922e-01
3.161379694938659668e-01
1.237060427665710449e+00
-1.262247711420059204e-01
2.689717710018157959e-01
2.053756266832351685e-01
9.512690305709838867e-01
-5.520617961883544922e-01
6.104078292846679688e-01
-4.186424314975738525e-01
-2.044146507978439331e-01
1.037825584411621094e+00
4.480724036693572998e-01
1.045154333114624023e+00
8.723606467247009277e-01
1.284721612930297852e+00
2.163927853107452393e-01
-4.258913993835449219e-01
2.162677049636840820e+00
7.880608737468719482e-02
9.312944412231445312e-01
-6.955827772617340088e-02
3.477843701839447021e-01
-2.046541571617126465e-01
-4.947725832462310791e-01
-3.277269601821899414e-01
-7.161375880241394043e-01
3.327275812625885010e-01
-2.240699082612991333e-01
-5.485650300979614258e-01
-6.383947730064392090e-01
3.358092010021209717e-01
1.616258144378662109e+00
-3.259226977825164795e-01
-7.613238692283630371e-01
-6.491564512252807617e-01
-3.862456083297729492e-01
8.697899580001831055e-01
-1.154939651489257812e+00
-1.521411776542663574e+00
-4.607311487197875977e-01
-3.452745676040649414e-01
4.654763340950012207e-01
-4.625354111194610596e-01
-1.865636706352233887e-01
5.644550919532775879e-01
1.173863410949707031e+00
1.580204963684082031e+00
-3.101314306259155273e-01
-1.667109727859497070e+00
1.267892479896545410e+00
2.399279922246932983e-01
7.375202178955078125e-01
-1.053693652153015137e+00
-3.339540362358093262e-01
-1.897400140762329102e+00
-7.426266670227050781e-01
-2.066979259252548218e-01
1.082650050520896912e-01
2.175583690404891968e-01
1.021459460258483887e+00
1.444300115108489990e-01
2.061260789632797241e-01
1.468085408210754395e+00
1.452262163162231445e+00
1.072888851165771484e+00
1.174779012799263000e-01
8.566012978553771973e-01
-1.201573610305786133e-01
2.109161466360092163e-01
-9.958136677742004395e-01
-4.421776235103607178e-01
-8.523990511894226074e-01
1.967056095600128174e-01
-7.466024160385131836e-01
-6.729630827903747559e-01
1.076800704002380371e+00
1.099095940589904785e-01
1.367978304624557495e-01
2.863810956478118896e-02
3.301728665828704834e-01
-4.098925888538360596e-01
1.794029213488101959e-02
4.047382771968841553e-01
7.083806395530700684e-01
1.764595955610275269e-01
-8.816503882408142090e-01
-8.946154713630676270e-01
4.441445469856262207e-01
6.922860145568847656e-01
5.007109604775905609e-03
-1.268953830003738403e-01
5.589464902877807617e-01
1.141402721405029297e+00
5.419577360153198242e-01
-4.123035669326782227e-01
-2.109770476818084717e-01
3.219872713088989258e-02
9.727977961301803589e-02
8.109359741210937500e-01
2.043697237968444824e-01
-5.845384597778320312e-01
-1.378795504570007324e+00
-9.061436057090759277e-01
5.189175009727478027e-01
1.079610943794250488e+00
3.000114262104034424e-01
6.832008361816406250e-01
2.438398748636245728e-01
-1.641142219305038452e-01
5.859624743461608887e-01
-2.429268062114715576e-01
7.420548200607299805e-01
3.060628771781921387e-01
-6.892173886299133301e-01
3.611129760742187500e+00
8.048206567764282227e-01
1.372236132621765137e+00
-1.321485042572021484e-01
5.979057550430297852e-01
3.808996975421905518e-01
7.776769399642944336e-01
7.586284875869750977e-01
-1.000699520111083984e+00
2.466235496103763580e-02
-2.999924719333648682e-01
7.051926851272583008e-02
1.123934984207153320e+00
3.692598342895507812e-01
1.283992528915405273e-01
2.517754137516021729e-01
1.141913771629333496e+00
1.055181503295898438e+00
4.486791491508483887e-01
3.516962528228759766e-01
1.979989260435104370e-01
7.735574841499328613e-01
1.011304497718811035e+00
3.288795650005340576e-01
2.028283834457397461e+00
-7.993675768375396729e-02
-2.800657749176025391e-01
1.277233123779296875e+00
1.109804272651672363e+00
6.663717627525329590e-01
9.834956377744674683e-02
6.119565963745117188e-01
6.375674605369567871e-01
-3.961770236492156982e-01
-2.804809212684631348e-01
-8.667478710412979126e-02
8.774221539497375488e-01
6.298289448022842407e-02
1.423064023256301880e-01
-1.185392867773771286e-02
-6.616106629371643066e-01
1.020379140973091125e-01
-3.393189013004302979e-01
2.717979252338409424e-01
8.277491331100463867e-01
8.722967505455017090e-01
8.885031938552856445e-01
6.856437921524047852e-01
1.220284625887870789e-01
9.469419717788696289e-01
1.452358007431030273e+00
9.128207564353942871e-01
4.220996797084808350e-02
-1.960000991821289062e-01
4.165377914905548096e-01
1.263613343238830566e+00
-9.935144186019897461e-01
5.017052292823791504e-01
-2.627097666263580322e-01
2.707600593566894531e-01
-3.780012950301170349e-02
5.839347243309020996e-01
2.362875342369079590e-01
9.965884685516357422e-02
-2.271355390548706055e-01
8.486018776893615723e-01
-3.019988723099231720e-02
1.294265501201152802e-02
-2.907955348491668701e-01
5.934829115867614746e-01
-2.967511713504791260e-01
-4.368287324905395508e-01
7.344120740890502930e-02
6.053303480148315430e-01
5.152291655540466309e-01
6.099128127098083496e-01
4.118115901947021484e-01
1.457754850387573242e+00
8.838727474212646484e-01
5.307489633560180664e-01
9.102181196212768555e-01
4.581475257873535156e-01
7.096260786056518555e-01
3.725011050701141357e-01
4.061752855777740479e-01
6.414155364036560059e-01
5.167939066886901855e-01
1.224350810050964355e+00
3.693396747112274170e-01
3.095596134662628174e-01
3.762533366680145264e-01
3.643260598182678223e-01
2.003620266914367676e-01
6.181517243385314941e-01
5.614906549453735352e-02
-1.799374073743820190e-01
3.497482836246490479e-01
7.128673791885375977e-01
-9.303813576698303223e-01
-3.288446366786956787e-01
2.388741672039031982e-01
9.116072654724121094e-01
7.732116430997848511e-02
-5.117932558059692383e-01
8.557604998350143433e-02
8.086048364639282227e-01
-6.261321902275085449e-01
-4.288612306118011475e-01
1.211960434913635254e+00
-3.042875528335571289e-01
4.647313058376312256e-02
-1.413028597831726074e+00
6.918230056762695312e-01
-8.986816555261611938e-02
6.377271413803100586e-01
-6.938797235488891602e-01
1.702016353607177734e+00
1.966417431831359863e-01
1.851615458726882935e-01
-8.207526206970214844e-01
-9.060797095298767090e-01
-1.095590710639953613e+00
-1.345839858055114746e+00
1.280250906944274902e+00
2.166557073593139648e+00
2.774049520492553711e+00
7.150228619575500488e-01
1.784102082252502441e+00
7.486810684204101562e-01
9.973867982625961304e-02
1.570257544517517090e+00
6.188063621520996094e-01
-3.445879817008972168e-01
1.037937283515930176e+00
1.400545477867126465e+00
-6.247590184211730957e-01
3.457779437303543091e-02
-3.918340206146240234e-01
2.702331542968750000e-01
-2.274334803223609924e-02
8.474682569503784180e-01
1.488666653633117676e+00
1.697577476501464844e+00
1.231583833694458008e+00
-1.401479095220565796e-01
1.409886121749877930e+00
1.187946319580078125e+00
1.607204914093017578e+00
4.647099077701568604e-01
2.096701860427856445e+00
-1.262093544006347656e+00
5.868885517120361328e-01
-1.972614824771881104e-01
8.237733840942382812e-01
-5.043846368789672852e-01
1.363023281097412109e+00
-2.964478135108947754e-01
-3.638919591903686523e-01
-2.344121932983398438e+00
1.759321451187133789e+00
-2.148303985595703125e+00
-3.551261425018310547e-01
-1.916959643363952637e+00
-1.477965950965881348e+00
-1.366740584373474121e+00
2.880548715591430664e+00
3.307407617568969727e+00
-5.308896899223327637e-01
1.318667173385620117e+00
-1.528256237506866455e-01
-1.671160012483596802e-01
2.079377889633178711e+00
2.791586518287658691e-01
-1.247515797615051270e+00
-1.773449182510375977e+00
-5.483415126800537109e-01
-2.404093503952026367e+00
3.810114562511444092e-01
1.819277167320251465e+00
3.959655046463012695e+00
2.211349606513977051e-01
-2.894612550735473633e+00
1.470177054405212402e+00
-4.864164814352989197e-02
-2.417665481567382812e+00
-5.676933526992797852e-01
3.106464147567749023e+00
8.843198418617248535e-01
2.673202514648437500e+00
8.895090818405151367e-01
2.764602601528167725e-01
-1.473207712173461914e+00
6.659097671508789062e+00
3.154955625534057617e+00
-1.662766695022583008e+00
1.566680908203125000e+00
8.588366508483886719e-01
9.498160481452941895e-01
7.184078693389892578e-01
-8.839496374130249023e-01
8.632754683494567871e-01
2.212158441543579102e+00
2.679988384246826172e+00
1.375764846801757812e+00
9.240933656692504883e-01
8.720732331275939941e-01
1.049130082130432129e+00
6.331765651702880859e-01
9.773749113082885742e-01
2.529851675033569336e+00
-1.014989852905273438e+00
-5.679329037666320801e-01
1.496203064918518066e+00
-1.220643520355224609e+00
7.893382012844085693e-02
-3.970018774271011353e-02
-8.234350681304931641e-01
-2.081402540206909180e+00
4.399931728839874268e-01
2.728836834430694580e-01
-2.521242618560791016e+00
-2.337240219116210938e+00
2.163810729980468750e+00
-8.988147974014282227e-01
1.348461389541625977e+00
1.785044193267822266e+00
1.099888801574707031e+00
-9.900815486907958984e-01
-1.685535550117492676e+00
1.398246169090270996e+00
-6.953806281089782715e-01
-1.212260842323303223e+00
3.245685100555419922e-01
-8.062546849250793457e-01
3.259097039699554443e-01
-7.934013605117797852e-01
2.704088091850280762e-01
1.006195187568664551e+00
1.889579415321350098e+00
-1.148105859756469727e+00
-3.275992274284362793e-01
1.141370892524719238e+00
1.740964949131011963e-01
-2.850314676761627197e-01
-3.247411549091339111e-01
8.432849049568176270e-01
-4.424969851970672607e-01
-9.831039905548095703e-01
3.047178983688354492e+00
-5.145236253738403320e-01
3.005234003067016602e+00
1.506310105323791504e+00
7.247946262359619141e-01
2.746714115142822266e+00
-1.921318650245666504e+00
-1.481925725936889648e+00
-2.222693681716918945e+00
3.650583982467651367e+00
-3.109776675701141357e-01
-2.630839347839355469e+00
-8.667692542076110840e-01
5.291203260421752930e-01
3.233001708984375000e+00
-1.523311853408813477e+00
-2.842012047767639160e-01
4.007784724235534668e-01
2.887478351593017578e+00
2.275696098804473877e-01
7.155817151069641113e-01
-5.873272567987442017e-02
1.344347298145294189e-01
1.630229234695434570e+00
1.128102302551269531e+00
-2.417612224817276001e-01
5.566632151603698730e-01
4.017162136733531952e-03
-1.512550234794616699e+00
2.850185036659240723e-01
-5.114260315895080566e-01
3.798778057098388672e-01
-6.143805384635925293e-01
-5.624402761459350586e-01
-7.268673181533813477e-01
7.660051584243774414e-01
7.573670744895935059e-01
-2.123980969190597534e-01
3.219978213310241699e-01
-4.310966134071350098e-01
1.034360766410827637e+00
9.683270752429962158e-02
8.711471557617187500e-01
-6.681889891624450684e-01
-1.521230787038803101e-01
-3.547269701957702637e-01
1.334234952926635742e+00
-2.187050282955169678e-01
-6.871203333139419556e-02
-5.997229814529418945e-01
1.570560932159423828e+00
4.041794240474700928e-01
1.883070319890975952e-01
-4.414431452751159668e-01
-5.727069973945617676e-01
-2.306088685989379883e+00
-1.684353947639465332e+00
3.283457279205322266e+00
2.750226736068725586e+00
1.220295190811157227e+00
1.724992632865905762e+00
2.234863519668579102e+00
1.347439527511596680e+00
1.086620330810546875e+00
-9.609739184379577637e-01
-2.710929393768310547e+00
-3.248848319053649902e-01
-3.326447606086730957e-01
-1.277693152427673340e+00
7.436834573745727539e-01
-5.294526815414428711e-01
-5.413479804992675781e-01
-7.717023491859436035e-01
-2.384390354156494141e+00
-2.842017412185668945e+00
-1.820131093263626099e-01
2.578907310962677002e-01
3.845241665840148926e-01
4.055807590484619141e+00
-5.197581291198730469e+00
2.778089046478271484e+00
2.504182457923889160e-01
1.289527654647827148e+00
1.719308495521545410e+00
-5.215170979499816895e-01
-1.297540068626403809e+00
-2.277827262878417969e+00
-4.973214626312255859e+00
-2.813484668731689453e+00
1.648670911788940430e+00
5.789349079132080078e+00
3.133368492126464844e+00
5.584994554519653320e-01
-5.721641182899475098e-01
-7.508815526962280273e-01
2.731870412826538086e-01
-1.792226314544677734e+00
-6.645964384078979492e-01
2.975663423538208008e+00
-1.188677787780761719e+00
1.844616651535034180e+00
2.125314712524414062e+00
7.455515861511230469e-01
-1.038988113403320312e+00
1.198464166373014450e-02
-1.993584752082824707e+00
-1.340166330337524414e-01
1.911502003669738770e+00
-1.406545996665954590e+00
1.364332556724548340e+00
6.864421367645263672e-01
-5.904621481895446777e-01
-1.588648438453674316e+00
-3.587665855884552002e-01
1.529957056045532227e+00
-4.081681668758392334e-01
1.144500374794006348e+00
1.379474401473999023e-01
2.587689161300659180e-01
-6.001381278038024902e-01
-8.443037867546081543e-01
3.083695411682128906e+00
-4.072261154651641846e-01
4.231002032756805420e-01
-1.083024859428405762e+00
1.856623768806457520e+00
-7.945775240659713745e-02
7.384942173957824707e-01
2.660668611526489258e+00
1.663100719451904297e-02
2.851536750793457031e+00
1.917776942253112793e+00
-8.637834191322326660e-01
5.024875998497009277e-01
1.502414226531982422e+00
1.677379369735717773e+00
-9.546031355857849121e-01
1.109149694442749023e+00
1.543289422988891602e+00
-6.852895617485046387e-01
-2.043986916542053223e-01
5.383811593055725098e-01
3.504029214382171631e-01
-9.779946208000183105e-01
-5.206868648529052734e-01
-4.597412049770355225e-01
-1.439916849136352539e+00
2.006712436676025391e+00
-3.077842891216278076e-01
1.735578775405883789e+00
1.636983156204223633e+00
2.385229021310806274e-01
-1.464968800544738770e+00
1.445667862892150879e+00
-4.046714007854461670e-01
1.748469322919845581e-01
7.182641625404357910e-01
-4.211811721324920654e-01
-6.021180152893066406e-01
-2.823809683322906494e-01
1.897946119308471680e+00
-3.795874118804931641e-01
6.286420226097106934e-01
-1.994367122650146484e+00
1.127144336700439453e+00
-2.738743543624877930e+00
-1.372898370027542114e-01
-1.674230933189392090e+00
1.565164089202880859e+00
-1.865610122680664062e+00
-2.428059816360473633e+00
2.009586572647094727e+00
9.351159632205963135e-02
1.635146975517272949e+00
-4.291167259216308594e-01
-9.350436925888061523e-01
2.374733448028564453e+00
-8.887556195259094238e-01
-1.283505082130432129e+00
7.897160053253173828e-01
-2.294528722763061523e+00
-1.266771793365478516e+00
-3.460958003997802734e+00
1.075523376464843750e+00
1.964911222457885742e+00
1.329508781433105469e+00
-2.192468404769897461e+00
2.037592411041259766e+00
-2.291191577911376953e+00
-4.593420326709747314e-01
9.482672214508056641e-01
-8.938916027545928955e-02
5.443841457366943359e+00
-1.752261161804199219e+00
8.296811580657958984e-01
-6.068702697753906250e+00
8.622376322746276855e-01
3.209977626800537109e+00
-9.984641671180725098e-01
-1.554782629013061523e+00
2.177654027938842773e+00
4.590895771980285645e-01
-2.462244987487792969e+00
1.007887601852416992e+00
-1.256659328937530518e-01
-5.132781863212585449e-01
4.663279652595520020e-02
6.939146518707275391e-01
3.006080389022827148e+00
1.484227895736694336e+00
-1.752580523490905762e+00
-2.823596075177192688e-02
1.209437727928161621e+00
-2.041517257690429688e+00
1.944106340408325195e+00
8.957042098045349121e-01
-9.796337783336639404e-02
3.842846751213073730e-01
-1.026895791292190552e-01
4.278913021087646484e+00
6.187904477119445801e-01
8.854056000709533691e-01
2.182396173477172852e+00
-1.214591979980468750e+00
-4.196802675724029541e-01
2.628404796123504639e-01
6.769577860832214355e-01
1.432702779769897461e+00
6.050589084625244141e-01
1.852584123611450195e+00
9.205647110939025879e-01
8.222405910491943359e-01
5.098164081573486328e-01
3.338452577590942383e-01
9.634836912155151367e-01
-4.346412718296051025e-01
-3.823123499751091003e-02
8.039105534553527832e-01
2.006057977676391602e+00
1.792229294776916504e+00
1.532916277647018433e-01
1.278127312660217285e+00
9.743731021881103516e-01
-1.232442975044250488e+00
9.161897301673889160e-01
-2.106694221496582031e+00
7.818602919578552246e-01
8.260566592216491699e-01
4.283852279186248779e-01
8.220809102058410645e-01
9.411833435297012329e-02
-4.949961006641387939e-01
-1.476145625114440918e+00
-6.700730919837951660e-01
3.630806505680084229e-01
-5.082646012306213379e-01
-3.121911585330963135e-01
-1.150165557861328125e+00
-3.142828345298767090e-01
-2.619103670120239258e+00
-2.866558551788330078e+00
-1.016826033592224121e+00
7.476646453142166138e-02
1.697002768516540527e+00
-7.813304066658020020e-01
-1.151395082473754883e+00
-6.157856583595275879e-01
5.010665059089660645e-01
8.432689309120178223e-01
-8.034604787826538086e-01
-7.012564539909362793e-01
4.754715859889984131e-01
2.578566789627075195e+00
5.214679520577192307e-03
7.760323882102966309e-01
8.142465353012084961e-02
1.288825035095214844e+00
1.544566750526428223e+00
1.614054679870605469e+00
1.484579205513000488e+00
7.610713839530944824e-01
6.766119599342346191e-02
-3.346246480941772461e-01
-1.115613222122192383e+00
-5.283349752426147461e-01
1.832135915756225586e-01
5.746419429779052734e-01
5.133610367774963379e-01
-6.048908084630966187e-02
5.916467308998107910e-01
-9.280341863632202148e-01
-1.051617980003356934e+00
3.830073177814483643e-01
-2.661107182502746582e-01
4.233875870704650879e-01
-5.043367743492126465e-01
5.733061581850051880e-02
1.261394023895263672e+00
2.963390350341796875e-01
8.185841441154479980e-01
-2.280286312103271484e+00
-6.644846796989440918e-01
1.927580595016479492e+00
1.055261373519897461e+00
1.458776712417602539e+00
3.596637248992919922e-01
6.793263554573059082e-02
7.947615385055541992e-01
7.051553130149841309e-01
8.444185853004455566e-01
5.691174268722534180e-01
7.093865871429443359e-01
6.541251540184020996e-01
1.160291552543640137e+00
3.130244314670562744e-01
1.148603796958923340e+00
2.014318108558654785e-01
-4.572823047637939453e-01
-4.545679390430450439e-01
-2.045743316411972046e-01
-8.753753900527954102e-01
-3.156240582466125488e-01
4.901186376810073853e-02
1.387324810028076172e+00
4.529742598533630371e-01
2.066077470779418945e+00
7.920471429824829102e-01
1.398405909538269043e+00
3.137269914150238037e-01
6.073262095451354980e-01
8.343913555145263672e-01
4.346442520618438721e-01
3.405832946300506592e-01
1.014152020215988159e-01
5.578448176383972168e-01
9.200378060340881348e-01
1.055245399475097656e+00
-1.839451044797897339e-01
7.722536474466323853e-02
3.381243944168090820e-01
-4.428003430366516113e-01
4.550499320030212402e-01
-8.537881374359130859e-01
1.407256871461868286e-01
-4.864538311958312988e-01
-5.970670282840728760e-02
-5.055661797523498535e-01
7.607999444007873535e-01
8.574156165122985840e-01
7.685918211936950684e-01
6.622682809829711914e-01
6.085875630378723145e-01
-1.982423901557922363e+00
-1.764970779418945312e+00
2.481647729873657227e+00
3.012578725814819336e+00
4.018269538879394531e+00
7.326822876930236816e-01
-5.996590852737426758e-01
-1.053038954734802246e+00
1.321834027767181396e-01
2.922355532646179199e-01
1.200560092926025391e+00
-1.284894227981567383e+00
3.996767699718475342e-01
3.007618486881256104e-01
4.998690187931060791e-01
-1.526058197021484375e+00
9.622063636779785156e-01
-4.115371704101562500e-01
8.361477255821228027e-01
6.228460073471069336e-01
6.543806195259094238e-01
3.501314818859100342e-01
1.708131670951843262e+00
6.416390538215637207e-01
6.718643903732299805e-01
-3.863094747066497803e-01
7.125000953674316406e-01
6.721412390470504761e-02
-7.905858010053634644e-02
-2.301478572189807892e-02
3.200179338455200195e-01
2.808990478515625000e-01
8.833937644958496094e-01
-9.326167106628417969e-01
-1.884498953819274902e+00
-1.216651797294616699e+00
-6.065567731857299805e-01
-3.148576319217681885e-01
-1.691906332969665527e+00
-1.201115965843200684e+00
-1.354893088340759277e+00
-8.154197335243225098e-01
1.542810440063476562e+00
7.949371933937072754e-01
-4.850487411022186279e-01
-2.601811647415161133e+00
8.854056000709533691e-01
6.057454943656921387e-01
1.538068294525146484e+00
9.654316306114196777e-01
2.930658161640167236e-01
4.979849159717559814e-01
7.508685588836669922e-01
5.576372146606445312e-01
3.782172501087188721e-01
4.703142940998077393e-01
5.576585978269577026e-02
1.503696888685226440e-01
-2.285406291484832764e-01
-1.824761480093002319e-01
4.692764580249786377e-01
3.543148338794708252e-01
1.129587292671203613e+00
1.247646450996398926e+00
1.162686586380004883e+00
1.730517268180847168e+00
-2.601231336593627930e-01
1.820171356201171875e+00
1.477234363555908203e+00
7.535988688468933105e-01
4.274272322654724121e-01
2.558150589466094971e-01
4.196194112300872803e-01
3.843325674533843994e-01
-2.377854585647583008e-01
2.654590606689453125e-01
5.546035170555114746e-01
-2.578079402446746826e-01
-5.930211395025253296e-03
-8.028058409690856934e-01
3.531332612037658691e-01
-1.361402273178100586e-01
5.304296612739562988e-01
1.249195218086242676e+00
1.199841618537902832e+00
1.083767712116241455e-01
4.622988998889923096e-01
2.194424718618392944e-01
5.502083338797092438e-03
4.476253390312194824e-01
6.284461356699466705e-03
-1.902306266129016876e-02
6.505805253982543945e-01
1.758209168910980225e-01
-9.422712773084640503e-02
1.482487559318542480e+00
3.106932640075683594e-01
7.126971334218978882e-02
-2.638114690780639648e-01
-5.252160131931304932e-02
9.166048765182495117e-01
1.299161016941070557e-01
8.455681800842285156e-01
1.082245469093322754e+00
1.460996031761169434e+00
6.440819501876831055e-01
3.835342228412628174e-01
4.003793001174926758e-01
1.059684276580810547e+00
1.147102952003479004e+00
7.412086129188537598e-01
9.627332687377929688e-01
6.167466640472412109e-01
5.772445797920227051e-01
2.416683733463287354e-01
2.234501540660858154e-01
3.383159935474395752e-01
4.342131614685058594e-01
-1.571249915286898613e-03
1.420828700065612793e-01
-9.504197835922241211e-01
3.558955490589141846e-01
-2.414259165525436401e-01
5.624911785125732422e-01
-3.844573199748992920e-01
1.569799780845642090e-01
4.651090800762176514e-01
5.079641938209533691e-01
-3.930475115776062012e-01
1.255007266998291016e+00
1.900154799222946167e-01
-3.858464360237121582e-01
1.012965083122253418e+00
7.021589577198028564e-02
1.348046302795410156e+00
1.956996917724609375e-01
7.561812642961740494e-03
1.857363581657409668e-01
1.208000659942626953e+00
3.417329192161560059e-01
-1.302324682474136353e-01
-3.522201478481292725e-01
1.159929782152175903e-01
1.001516819000244141e+00
-6.124166250228881836e-01
-4.142994284629821777e-01
-2.670048475265502930e-01
-1.620065867900848389e-01
1.687050983309745789e-02
5.217276811599731445e-01
-6.622812151908874512e-01
8.343275189399719238e-01
-2.368114739656448364e-01
-1.567055881023406982e-01
1.788796424865722656e+00
3.407589197158813477e-01
1.927117586135864258e+00
2.256216555833816528e-01
-4.273284375667572021e-01
2.274621009826660156e+00
4.272091016173362732e-02
3.153167247772216797e+00
1.730277776718139648e+00
-1.891982108354568481e-01
-2.058357149362564087e-01
1.941072583198547363e+00
4.032112598419189453e+00
1.034871697425842285e+00
-7.366869449615478516e-01
7.114622592926025391e-01
1.747474074363708496e+00
-4.906371533870697021e-01
-4.686932265758514404e-02
-2.048542737960815430e+00
2.708888530731201172e+00
7.818443179130554199e-01
4.826407432556152344e-01
2.414767742156982422e-01
-5.304266214370727539e-01
7.458868622779846191e-01
-6.036134809255599976e-02
2.721172571182250977e-01
-8.066858053207397461e-01
5.751050114631652832e-01
1.966124653816223145e+00
-1.294713854789733887e+00
8.118301630020141602e-01
6.145591735839843750e-01
-3.108020424842834473e-01
-1.539582133293151855e+00
8.867362886667251587e-02
1.157257914543151855e+00
-1.514641880989074707e+00
-7.562623620033264160e-01
-1.998071432113647461e+00
4.314710617065429688e+00
-1.154843926429748535e+00
7.751222848892211914e-01
-2.839457392692565918e-01
1.158971786499023438e-01
-4.633337557315826416e-01
-1.793998599052429199e+00
2.288496255874633789e+00
-2.243817806243896484e+00
4.337501227855682373e-01
-2.936855256557464600e-01
6.324101686477661133e-01
-1.274819135665893555e+00
1.639394164085388184e+00
7.794652581214904785e-01
4.786330461502075195e-01
5.614532828330993652e-01
1.784916400909423828e+00
1.530452013015747070e+00
7.370731830596923828e-01
5.874953269958496094e-01
1.075411558151245117e+00
-3.090137541294097900e-01
1.649953573942184448e-01
2.004940271377563477e+00
8.374889492988586426e-01
1.574536681175231934e+00
-2.468903064727783203e+00
-1.295624017715454102e+00
-6.293894648551940918e-01
1.721304297447204590e+00
4.528747081756591797e+00
-9.373588562011718750e-01
6.645834445953369141e-01
2.416023731231689453e+00
1.249530553817749023e+00
1.064649939537048340e+00
-5.374765872955322266e+00
2.278948068618774414e+00
2.158046722412109375e+00
1.553875446319580078e+00
-5.961144566535949707e-01
-2.836349248886108398e+00
-1.026693582534790039e+00
1.274093091487884521e-01
2.753515958786010742e+00
4.195235967636108398e-01
-6.842356920242309570e-01
6.594421267509460449e-01
1.597081899642944336e+00
1.369777202606201172e+00
7.202121019363403320e-01
4.052971005439758301e-01
-2.410746365785598755e-01
-1.874902844429016113e+00
-2.871870100498199463e-01
-4.697205126285552979e-01
2.642296254634857178e-01
9.581187963485717773e-01
-5.995792746543884277e-01
-9.072293639183044434e-01
-1.280551195144653320e+00
1.372172236442565918e+00
-1.115852713584899902e+00
-1.271668225526809692e-01
-2.447331905364990234e+00
-2.563139677047729492e+00
-1.541865348815917969e+00
-9.457255005836486816e-01
2.561977148056030273e+00
1.023870468139648438e+00
-7.531647682189941406e-01
5.968199968338012695e-01
5.444485545158386230e-01
1.073846817016601562e+00
-2.465991824865341187e-01
1.101852774620056152e+00
-1.203010603785514832e-01
8.025374412536621094e-01
2.920598983764648438e-01
7.500702142715454102e-01
4.249737411737442017e-02
9.588692784309387207e-01
2.425571918487548828e+00
1.814891546964645386e-01
-6.567886471748352051e-01
-3.472007274627685547e+00
5.028228759765625000e-01
3.808996975421905518e-01
1.142233014106750488e+00
-6.392729282379150391e-01
1.159828543663024902e+00
5.552943229675292969e+00
3.671756029129028320e+00
2.187569618225097656e+00
-1.910828351974487305e+00
1.175827383995056152e+00
4.285443305969238281e+00
1.756511330604553223e+00
6.920145750045776367e-01
1.465690374374389648e+00
-3.289244771003723145e-01
-1.066195726394653320e+00
-8.158667683601379395e-01
-2.378961563110351562e+00
-1.898741364479064941e+00
9.765244089066982269e-03
-4.222190082073211670e-01
-1.896612495183944702e-01
3.038110017776489258e+00
1.830597758293151855e+00
-1.201094612479209900e-01
-9.340537190437316895e-01
-9.545552134513854980e-01
1.981745660305023193e-01
1.505288243293762207e+00
-6.419075131416320801e-01
-1.073061466217041016e+00
-3.064750134944915771e-01
-1.808634847402572632e-01
6.506922841072082520e-01
1.326464414596557617e-01
-3.063472807407379150e-01
-7.547774314880371094e-01
4.959092140197753906e-01
9.181910008192062378e-02
1.527641892433166504e+00
1.480704545974731445e-01
-1.862768054008483887e+00
1.185317113995552063e-01
7.008442878723144531e-01
1.344507038593292236e-01
-3.947772741317749023e+00
4.988471269607543945e-01
6.122440099716186523e-01
-1.918077349662780762e+00
7.182162404060363770e-01
9.830166399478912354e-02
7.226710319519042969e-01
1.881356477737426758e+00
-8.692440986633300781e-01
7.332730293273925781e-01
-3.880604356527328491e-02
1.224286913871765137e+00
1.868742585182189941e+00
-8.485829234123229980e-01
2.851696491241455078e+00
8.172802627086639404e-02
-7.955728769302368164e-01
-1.365207672119140625e+00
1.015908420085906982e-01
-2.982526063919067383e+00
-2.739254474639892578e+00
9.586297273635864258e-01
-2.120202302932739258e+00
-8.589135408401489258e-01
-2.045583575963973999e-01
3.333023786544799805e-01
-6.580361843109130859e+00
-3.585132598876953125e+00
6.135878562927246094e+00
-3.656536579132080078e+00
-4.087977886199951172e+00
1.432319521903991699e+00
6.296345710754394531e+00
2.052649259567260742e+00
2.826835870742797852e+00
4.917876243591308594e+00
-5.719724893569946289e-01
-3.636684119701385498e-01
-8.981122374534606934e-01
1.576516509056091309e+00
3.299232482910156250e+00
3.304597377777099609e+00
-7.558791637420654297e-01
-8.822251558303833008e-01
-2.601093053817749023e+00
1.158088207244873047e+00
6.834403872489929199e-01
-4.062201976776123047e-01
-1.469934582710266113e+00
1.636711716651916504e+00
2.868701219558715820e+00
1.358296990394592285e+00
-1.588392972946166992e+00
-1.564538359642028809e+00
1.300278753042221069e-01
-1.091024279594421387e+00
-2.675834178924560547e+00
-8.920927047729492188e-01
-4.022800922393798828e+00
-2.102798223495483398e+00
-2.991116285324096680e+00
1.861349940299987793e+00
-4.011991500854492188e+00
-1.928727269172668457e+00
1.055053830146789551e+00
-1.388487458229064941e+00
2.015542268753051758e+00
3.236961603164672852e+00
1.385360956192016602e+00
-3.810521364212036133e+00
1.838948369026184082e+00
3.573703289031982422e+00
-2.328357249498367310e-01
1.986514449119567871e+00
2.441272735595703125e-01
1.317900776863098145e+00
2.586055278778076172e+00
-9.731246829032897949e-01
-4.658235549926757812e+00
-6.080965518951416016e+00
-6.474000811576843262e-01
-2.122964382171630859e+00
4.485673904418945312e-01
3.675992786884307861e-01
-1.414289951324462891e+00
2.950994491577148438e+00
3.851080179214477539e+00
7.529644489288330078e+00
7.789703011512756348e-01
6.198884010314941406e+00
1.212535262107849121e+00
1.072377920150756836e+00
1.280442476272583008e+00
2.359357357025146484e+00
6.103918552398681641e-01
-4.524123966693878174e-01
-1.490962982177734375e+00
1.627339124679565430e+00
-6.833255887031555176e-01
1.180686727166175842e-01
1.013811349868774414e+00
-2.754034399986267090e-01
1.592531323432922363e+00
-1.995287835597991943e-01
4.806927740573883057e-01
-6.853214502334594727e-01
-2.643383741378784180e-01
-4.348647892475128174e-01
3.248282194137573242e+00
1.568660855293273926e+00
1.274055719375610352e+00
5.406005382537841797e-01
-6.058861613273620605e-01
-1.736038804054260254e+00
-8.367729024030268192e-04
8.303836584091186523e-01
-1.558518886566162109e+00
-8.123007416725158691e-02
-2.364511728286743164e+00
1.180846393108367920e-01
-2.829323768615722656e+00
6.161080002784729004e-01
-9.621554613113403320e-01
-3.093330860137939453e-01
-2.468392133712768555e+00
2.348100662231445312e+00
-4.300906956195831299e-01
1.651337385177612305e+00
-3.959375023841857910e-01
1.953862071037292480e+00
-3.117206811904907227e+00
1.057911872863769531e+00
-1.185532212257385254e+00
-5.603486299514770508e-01
-1.390994191169738770e+00
-5.038098096847534180e-01
-3.428955078125000000e-01
1.908404350280761719e+00
-1.839089155197143555e+00
2.699148654937744141e+00
1.843526586890220642e-02
-4.388405382633209229e-01
-5.679169297218322754e-01
1.346018552780151367e+00
-9.178419411182403564e-02
7.368815541267395020e-01
-9.334788918495178223e-01
-8.261973857879638672e-01
-5.478784441947937012e-01
2.343486309051513672e+00
-1.309829205274581909e-01
-1.416988372802734375e+00
-2.755812168121337891e+00
-1.005345940589904785e+00
-2.956627845764160156e+00
-1.665433168411254883e+00
-1.172247767448425293e+00
-4.036175906658172607e-01
-1.037135958671569824e+00
-1.705158829689025879e+00
-3.840900659561157227e-01
-1.503528952598571777e+00
-3.338971138000488281e+00
-1.909119844436645508e+00
-1.944949626922607422e+00
-1.363068103790283203e+00
-5.819517970085144043e-01
-1.388998389244079590e+00
-1.977298498153686523e+00
-2.364192247390747070e+00
-1.310489177703857422e+00
-3.269786596298217773e+00
-5.918512940406799316e-01
-3.479032754898071289e+00
-1.105250716209411621e+00
1.043302178382873535e+00
-1.390515208244323730e+00
1.160594940185546875e+00
-5.877158641815185547e-01
-8.056319952011108398e-01
1.123296260833740234e+00
-1.170172095298767090e+00
4.713372230529785156e+00
-3.979227542877197266e+00
-3.718275129795074463e-01
-3.826376438140869141e+00
-2.588207721710205078e+00
-2.445016622543334961e+00
-1.831983804702758789e+00
-6.751782417297363281e+00
1.283476233482360840e+00
-2.149693012237548828e+00
-2.220969200134277344e+00
-4.765224158763885498e-01
-2.639940500259399414e+00
4.107897281646728516e-01
-2.095240652561187744e-01
2.456228494644165039e+00
4.027402400970458984e+00
2.836160659790039062e+00
5.483423709869384766e+00
4.780544757843017578e+00
9.556640625000000000e+00
-7.695952892303466797e+00
-5.946093082427978516e+00
-6.335102558135986328e+00
-5.070836067199707031e+00
-8.720325469970703125e+00
-1.406323814392089844e+01
-4.654094576835632324e-01
-7.850826382637023926e-01
1.448770761489868164e-01
-7.755701065063476562e+00
2.248451232910156250e+00
-2.468008995056152344e+00
-2.397547006607055664e+00
-1.971470594406127930e+00
5.498613715171813965e-01
-1.010966181755065918e+00
1.997148394584655762e+00
-3.403940439224243164e+00
9.143589437007904053e-02
3.616462707519531250e+00
1.137522816658020020e+00
1.809202075004577637e+00
1.672301888465881348e+00
2.022301554679870605e-01
-2.562085866928100586e+00
-5.551455497741699219e+00
-5.506109237670898438e+00
-1.286749362945556641e+01
-3.491885900497436523e+00
-5.884157657623291016e+00
1.183555364608764648e+00
8.089683532714843750e+00
1.045610427856445312e+01
-4.516938924789428711e-01
1.865836620330810547e+00
-5.204894065856933594e+00
3.120344877243041992e-01
1.042016220092773438e+01
-1.411326313018798828e+01
4.016087651252746582e-01
2.674783229827880859e+00
1.033020496368408203e+01
-7.917301654815673828e+00
-4.258615970611572266e+00
2.391615808010101318e-01
6.373737335205078125e+00
1.406054019927978516e+00
-1.579190641641616821e-01
7.648038864135742188e+00
4.436777591705322266e+00
5.795757174491882324e-01
-9.980170726776123047e-01
5.323036193847656250e+00
-7.190755009651184082e-01
6.062883734703063965e-01
-1.089954495429992676e+00
2.963113307952880859e+00
3.257191658020019531e+00
3.894829511642456055e+00
2.848838329315185547e+00
1.734987974166870117e+00
1.121013045310974121e+00
2.520112037658691406e+00
-3.847926259040832520e-01
-9.011619091033935547e-01
-1.418553113937377930e+00
-2.003149032592773438e+00
-7.960678339004516602e-01
-3.012495994567871094e+00
-5.894722342491149902e-01
-1.257734537124633789e+00
-8.246964812278747559e-01
8.547171950340270996e-01
-6.509926319122314453e-01
-2.187422752380371094e+00
-7.133059948682785034e-02
-2.135386705398559570e+00
-1.516094803810119629e+00
-5.944219231605529785e-01
5.071818232536315918e-01
-1.537676751613616943e-01
-2.061140775680541992e+00
-5.636856555938720703e-01
-1.624376922845840454e-01
3.630222007632255554e-02
-1.877696990966796875e+00
-1.952022910118103027e+00
-7.433770895004272461e-01
-5.583527684211730957e-01
-1.405188798904418945e+00
-1.749163508415222168e+00
-1.846737265586853027e+00
2.187425851821899414e+00
6.837596893310546875e-01
