-6.551079559326171875e+01
-3.784262084960937500e+01
-1.994027519226074219e+01
-8.724380493164062500e+00
-2.380989551544189453e+00
1.277281045913696289e+00
2.786839008331298828e+00
3.210680007934570312e+00
2.986552715301513672e+00
2.544509410858154297e+00
2.010480642318725586e+00
1.232062816619873047e+00
7.045326232910156250e-01
3.596318066120147705e-01
4.195449873805046082e-02
-9.165645390748977661e-02
-3.088381290435791016e-01
-3.028984367847442627e-01
-1.746204346418380737e-01
-1.905553936958312988e-01
-5.055821537971496582e-01
-5.466011166572570801e-01
-7.026774883270263672e-01
-8.809638023376464844e-01
-9.453423023223876953e-01
-9.472902417182922363e-01
-7.228755950927734375e-01
-7.455645799636840820e-01
-7.742091417312622070e-01
-4.905094206333160400e-01
-5.458985567092895508e-01
-5.255088210105895996e-01
-3.942929208278656006e-01
-2.038717865943908691e-01
-2.805128395557403564e-01
-3.173005580902099609e-01
-4.093337357044219971e-01
-5.210061669349670410e-01
-6.157058477401733398e-01
-7.067969441413879395e-01
-5.431043505668640137e-01
-5.863107442855834961e-01
-5.938152074813842773e-01
-6.497153043746948242e-01
-5.216129422187805176e-01
-7.365272641181945801e-01
-6.973125934600830078e-01
-4.862302839756011963e-01
-5.835964083671569824e-01
-7.726763486862182617e-01
-6.511363387107849121e-01
-5.841712355613708496e-01
-5.056460499763488770e-01
-3.902054131031036377e-01
-7.156745195388793945e-01
-5.609233975410461426e-01
-6.862315535545349121e-01
-6.667040586471557617e-01
-7.548891901969909668e-01
-7.243285775184631348e-01
-6.397679448127746582e-01
-5.170783400535583496e-01
-7.169359326362609863e-01
-5.526525378227233887e-01
-7.371978759765625000e-01
-5.749742984771728516e-01
-6.897922158241271973e-01
-7.175107002258300781e-01
-9.926522374153137207e-01
-7.390819787979125977e-01
-9.954943060874938965e-01
-7.984149456024169922e-01
-5.859914422035217285e-01
-3.890238404273986816e-01
-7.325355410575866699e-01
-6.923628449440002441e-01
-9.980330467224121094e-01
-8.922364115715026855e-01
-5.916118025779724121e-01
-5.770819187164306641e-01
-8.018159270286560059e-01
-8.368313312530517578e-01
-1.094600796699523926e+00
-1.069564700126647949e+00
-1.031467676162719727e+00
-9.639916419982910156e-01
-8.440483212471008301e-01
-1.096421003341674805e+00
-9.289922118186950684e-01
-1.021727919578552246e+00
-6.566928029060363770e-01
-3.529546260833740234e-01
-5.181161761283874512e-01
-6.992765069007873535e-01
-6.850021481513977051e-01
-1.018598437309265137e+00
-9.965481162071228027e-01
-8.456450104713439941e-01
-6.209110021591186523e-01
-7.294060587882995605e-01
-9.630815386772155762e-01
-9.998213648796081543e-01
-9.924126863479614258e-01
-9.327124953269958496e-01
-1.289237260818481445e+00
-9.319780468940734863e-01
-1.075440526008605957e+00
-6.724042296409606934e-01
-6.288146376609802246e-01
-7.590087056159973145e-01
-6.562138199806213379e-01
-6.771464347839355469e-01
-5.781197547912597656e-01
-8.599513769149780273e-01
-5.913563370704650879e-01
-8.105977177619934082e-01
-6.331895589828491211e-01
-4.725785851478576660e-01
-3.264017105102539062e-01
-6.808028221130371094e-01
-7.723250389099121094e-01
-6.472723484039306641e-01
-6.307945251464843750e-01
-4.260670244693756104e-01
-3.584312796592712402e-01
-4.677565991878509521e-01
-7.559111118316650391e-01
-1.110471963882446289e+00
-1.288039684295654297e+00
-1.308700919151306152e+00
-1.273270368576049805e+00
-9.820342063903808594e-01
-1.103925466537475586e+00
-7.434250116348266602e-01
-7.184208631515502930e-01
-7.104374170303344727e-01
-7.496520876884460449e-01
-7.652357816696166992e-01
-9.248408079147338867e-01
-1.022238850593566895e+00
-1.015724420547485352e+00
-9.411110877990722656e-01
-8.669448494911193848e-01
-6.298364996910095215e-01
-8.819058537483215332e-01
-5.196330547332763672e-01
-5.924899578094482422e-01
-5.937353968620300293e-01
-5.724195837974548340e-01
-5.297560095787048340e-01
-3.238469958305358887e-01
-6.204479932785034180e-01
-4.775123596191406250e-01
-6.254935264587402344e-01
-6.543297171592712402e-01
-6.946940422058105469e-01
-6.865029931068420410e-01
-6.762522459030151367e-01
-7.256059646606445312e-01
-6.394805312156677246e-01
-6.464421153068542480e-01
-7.405349612236022949e-01
-7.138383388519287109e-01
-8.366876244544982910e-01
-7.857532501220703125e-01
-8.383960723876953125e-01
-8.016402721405029297e-01
-7.525580525398254395e-01
-7.429459691047668457e-01
-5.032190680503845215e-01
-5.934160351753234863e-01
-7.155308127403259277e-01
-6.227791309356689453e-01
-5.014946460723876953e-01
-6.473522186279296875e-01
-6.390334367752075195e-01
-6.601895689964294434e-01
-6.475917100906372070e-01
-6.639418005943298340e-01
-5.314804911613464355e-01
-4.280788600444793701e-01
-2.490900158882141113e-01
-3.122390508651733398e-01
-2.995294034481048584e-01
-4.230014085769653320e-01
-3.664785921573638916e-01
-3.351675271987915039e-01
-4.870924949645996094e-01
-5.076897740364074707e-01
-5.378991365432739258e-01
-6.547768115997314453e-01
-7.112836241722106934e-01
-9.259744882583618164e-01
-9.541879892349243164e-01
-9.330797195434570312e-01
-7.942795157432556152e-01
-9.546031355857849121e-01
-9.627781510353088379e-01
-8.506905436515808105e-01
-9.819703698158264160e-01
-6.701210141181945801e-01
-4.127825796604156494e-01
-6.536910533905029297e-01
-5.041451454162597656e-01
-7.000589370727539062e-01
-5.197288393974304199e-01
-6.445260643959045410e-01
-7.281287312507629395e-01
-7.604457139968872070e-01
-6.050878167152404785e-01
-7.113315463066101074e-01
-7.434728741645812988e-01
-5.894722342491149902e-01
-7.852262854576110840e-01
-7.648206353187561035e-01
-7.009211182594299316e-01
-4.981735348701477051e-01
-6.538187861442565918e-01
-6.242480874061584473e-01
-6.663847565650939941e-01
-4.846655428409576416e-01
-7.350264191627502441e-01
-4.899026751518249512e-01
-7.313859462738037109e-01
-5.940546989440917969e-01
-4.975029230117797852e-01
-3.821900188922882080e-01
-3.162786960601806641e-01
-2.011893391609191895e-01
-5.123202204704284668e-01
-4.824940264225006104e-01
-2.248522788286209106e-01
-3.420971632003784180e-01
-3.863094747066497803e-01
-4.971516430377960205e-01
-6.425461769104003906e-01
-6.389216780662536621e-01
-5.614343285560607910e-01
-8.133280277252197266e-01
-6.437277197837829590e-01
-8.296462297439575195e-01
-6.592954397201538086e-01
-7.757419943809509277e-01
-7.977443337440490723e-01
-7.666088938713073730e-01
-7.002185583114624023e-01
-5.577300190925598145e-01
-6.153066754341125488e-01
-3.157677352428436279e-01
-5.268979668617248535e-01
-5.124479532241821289e-01
-6.578105092048645020e-01
-6.404704451560974121e-01
-5.945816040039062500e-01
-4.915792047977447510e-01
-6.053432822227478027e-01
-5.903663635253906250e-01
-5.434396862983703613e-01
-4.809133112430572510e-01
-5.473515391349792480e-01
-5.972480773925781250e-01
-3.997695744037628174e-01
-2.381048053503036499e-01
-5.389475449919700623e-02
-1.368267983198165894e-01
-2.076080292463302612e-01
-3.832757771015167236e-01
-5.545685887336730957e-01
-5.353923439979553223e-01
-7.448620200157165527e-01
-9.054250717163085938e-01
-7.162812948226928711e-01
-7.751671671867370605e-01
-6.057265400886535645e-01
-7.436645030975341797e-01
-8.126574158668518066e-01
-5.881629586219787598e-01
-6.306827664375305176e-01
-7.076591253280639648e-01
-5.123042464256286621e-01
-5.737927556037902832e-01
-3.830522298812866211e-01
-1.140739694237709045e-01
-1.788037568330764771e-01
-6.111552715301513672e-01
-6.122729182243347168e-01
-5.080251097679138184e-01
-6.215177774429321289e-01
-6.308584213256835938e-01
-5.278879404067993164e-01
-2.914980649948120117e-01
-5.447489619255065918e-01
-7.270429730415344238e-01
-7.437762618064880371e-01
-1.068079829216003418e+00
-9.949354529380798340e-01
-7.207360267639160156e-01
-7.733309864997863770e-01
-8.078035116195678711e-01
-6.972008347511291504e-01
-5.116496086120605469e-01
-7.182931303977966309e-01
-4.992273449897766113e-01
-5.955715775489807129e-01
-6.135503053665161133e-01
-6.073710918426513672e-01
-5.678210854530334473e-01
-5.764113068580627441e-01
-6.041298508644104004e-01
-6.074190139770507812e-01
-5.514709949493408203e-01
-3.926802575588226318e-01
-3.952509462833404541e-01
-5.537702441215515137e-01
-6.220127344131469727e-01
-4.480374753475189209e-01
-4.479736089706420898e-01
-4.108026921749114990e-01
-7.014160752296447754e-01
-7.423073053359985352e-01
-6.383308768272399902e-01
-8.557041883468627930e-01
-7.731553316116333008e-01
-7.077230215072631836e-01
-4.616732001304626465e-01
-6.970890760421752930e-01
-4.557974040508270264e-01
-5.587199926376342773e-01
-5.245508551597595215e-01
-4.834520518779754639e-01
-4.202072024345397949e-01
-3.797470927238464355e-01
-6.727874875068664551e-01
-4.859428703784942627e-01
-6.791582703590393066e-01
-4.882261455059051514e-01
-4.922657608985900879e-01
-4.357429742813110352e-01
-4.227778613567352295e-01
-3.433265984058380127e-01
-2.259220629930496216e-01
-4.216921031475067139e-01
-3.529706001281738281e-01
-5.804508924484252930e-01
-5.121605396270751953e-01
-7.482150793075561523e-01
-6.755976080894470215e-01
-6.991966962814331055e-01
-6.782002449035644531e-01
-4.714449346065521240e-01
-7.421156764030456543e-01
-4.566915333271026611e-01
-4.125590622425079346e-01
-2.113442867994308472e-01
-2.688570320606231689e-01
-5.286064147949218750e-01
-5.966253876686096191e-01
-6.553835272789001465e-01
-6.740009188652038574e-01
-4.984290003776550293e-01
-7.685888409614562988e-01
-5.597099065780639648e-01
-2.759143710136413574e-01
-5.151463150978088379e-01
-3.644987046718597412e-01
-6.150352358818054199e-01
-5.524769425392150879e-01
-3.622314035892486572e-01
-4.820789098739624023e-01
-4.835797846317291260e-01
-5.966892242431640625e-01
-4.872681498527526855e-01
-4.058210253715515137e-01
-5.472397804260253906e-01
-5.559098124504089355e-01
-5.482457280158996582e-01
-3.477015197277069092e-01
-2.307440638542175293e-01
-3.204620182514190674e-01
-4.880505204200744629e-01
-4.994189441204071045e-01
-7.095432281494140625e-01
-7.835338115692138672e-01
-8.047378659248352051e-01
-8.955734968185424805e-01
-7.132475376129150391e-01
-7.855456471443176270e-01
-8.151163458824157715e-01
-8.271074891090393066e-01
-6.684125065803527832e-01
-8.297739624977111816e-01
-6.831340193748474121e-01
-8.175752162933349609e-01
-7.085533142089843750e-01
-6.869660615921020508e-01
-4.999618232250213623e-01
-7.447183132171630859e-01
-6.265633106231689453e-01
-3.834194839000701904e-01
-5.334603786468505859e-01
-3.336027562618255615e-01
-4.623438119888305664e-01
-5.265307426452636719e-01
-6.194261312484741211e-01
-5.495230555534362793e-01
-4.759156703948974609e-01
-5.961304306983947754e-01
-6.330139040946960449e-01
-6.338921189308166504e-01
-5.383622050285339355e-01
-4.629665315151214600e-01
-6.186118125915527344e-01
-6.859441995620727539e-01
-5.878755450248718262e-01
-3.627104163169860840e-01
-4.145389497280120850e-01
-4.390321671962738037e-01
-4.703112840652465820e-01
-4.629505574703216553e-01
-5.527483820915222168e-01
-6.409814357757568359e-01
-4.883698523044586182e-01
-6.186756491661071777e-01
-7.227798104286193848e-01
-5.217566490173339844e-01
-4.237358868122100830e-01
-2.672922611236572266e-01
-4.363177716732025146e-01
-5.478305816650390625e-01
-4.301226437091827393e-01
-3.254756033420562744e-01
-5.605721473693847656e-01
-3.937181234359741211e-01
-4.900942742824554443e-01
-5.473675131797790527e-01
-5.743675231933593750e-01
-4.651220440864562988e-01
-1.124932467937469482e-01
-2.169965654611587524e-01
-2.296423465013504028e-01
-3.506075143814086914e-01
-4.320386648178100586e-01
-5.228902697563171387e-01
-7.907987833023071289e-01
-8.313227295875549316e-01
-7.667366266250610352e-01
-6.718613505363464355e-01
-7.169837951660156250e-01
-7.133114337921142578e-01
-5.470322370529174805e-01
-6.962428092956542969e-01
-7.114912271499633789e-01
-6.928418874740600586e-01
-4.145389497280120850e-01
-4.497618973255157471e-01
-4.801948070526123047e-01
-5.302829742431640625e-01
-5.661286115646362305e-01
-5.719724893569946289e-01
-5.090309977531433105e-01
-4.504005908966064453e-01
-3.522042036056518555e-01
-3.653130233287811279e-01
-3.898541331291198730e-01
-4.145070016384124756e-01
-5.690984725952148438e-01
-5.948051810264587402e-01
-5.920907855033874512e-01
-4.407885074615478516e-01
-5.720044374465942383e-01
-7.059028148651123047e-01
-6.618182063102722168e-01
-6.720370054244995117e-01
-5.658731460571289062e-01
-8.587059378623962402e-01
-6.112989783287048340e-01
-7.864397764205932617e-01
-4.660800695419311523e-01
-4.366850256919860840e-01
-4.906690716743469238e-01
-3.310799896717071533e-01
-4.980138540267944336e-01
-4.599168598651885986e-01
-4.198399484157562256e-01
-4.403414428234100342e-01
-5.214213132858276367e-01
-4.577772915363311768e-01
-5.644999742507934570e-01
-5.544728040695190430e-01
-4.578251838684082031e-01
-6.627922058105468750e-01
-5.409647822380065918e-01
-6.476555466651916504e-01
-6.743362545967102051e-01
-5.320073962211608887e-01
-4.850487411022186279e-01
-3.447636365890502930e-01
-6.147318482398986816e-01
-3.697039186954498291e-01
-3.470309078693389893e-01
-4.374035298824310303e-01
-3.143307268619537354e-01
-4.372757971286773682e-01
-5.452119708061218262e-01
-5.359192490577697754e-01
-5.253012776374816895e-01
-3.904129564762115479e-01
-6.692747473716735840e-01
-5.539299249649047852e-01
-5.427371263504028320e-01
-5.224112868309020996e-01
-3.154803514480590820e-01
-4.594378471374511719e-01
-5.947093367576599121e-01
-3.704703152179718018e-01
-5.070191621780395508e-01
-5.040493607521057129e-01
-4.787258505821228027e-01
-4.171255826950073242e-01
-4.226181805133819580e-01
-5.077856183052062988e-01
-5.605082511901855469e-01
-6.017188429832458496e-01
-6.274095773696899414e-01
-5.203834772109985352e-01
-5.846981406211853027e-01
-6.190748214721679688e-01
-6.064290404319763184e-01
-3.780705630779266357e-01
-2.834188342094421387e-01
-3.190249800682067871e-01
-6.252380609512329102e-01
-2.882089018821716309e-01
-1.248516216874122620e-01
-3.455619812011718750e-01
-4.514224529266357422e-01
-5.526206493377685547e-01
-5.068914294242858887e-01
-4.195525348186492920e-01
-6.235774755477905273e-01
-6.910535693168640137e-01
-4.920102953910827637e-01
-5.751818418502807617e-01
-6.278566122055053711e-01
-4.439180195331573486e-01
-3.493940234184265137e-01
-6.504657268524169922e-01
-4.896472096443176270e-01
-7.047531604766845703e-01
-5.115059018135070801e-01
-7.215822935104370117e-01
-5.308257937431335449e-01
-7.247756719589233398e-01
-4.665910005569458008e-01
-4.814402163028717041e-01
-5.055183172225952148e-01
-4.556057751178741455e-01
-4.710777103900909424e-01
-3.982207775115966797e-01
-4.116649031639099121e-01
-2.583667933940887451e-01
-3.710131943225860596e-01
-3.353431522846221924e-01
-3.320060670375823975e-01
-3.545992374420166016e-01
-4.371161162853240967e-01
-5.781995654106140137e-01
-5.124958157539367676e-01
-6.588962674140930176e-01
-7.576833963394165039e-01
-6.188832521438598633e-01
-7.041144967079162598e-01
-7.551127672195434570e-01
-5.918353199958801270e-01
-7.635751962661743164e-01
-5.819677710533142090e-01
-7.726603746414184570e-01
-5.675815939903259277e-01
-6.074668765068054199e-01
-5.222516059875488281e-01
-4.755324721336364746e-01
-4.610345363616943359e-01
-3.336825966835021973e-01
-5.277442336082458496e-01
-4.050705730915069580e-01
-5.006324052810668945e-01
-5.152421593666076660e-01
-4.738399684429168701e-01
-3.601237833499908447e-01
-6.214698553085327148e-01
-4.711256027221679688e-01
-4.527477025985717773e-01
-3.547269701957702637e-01
-6.371174454689025879e-01
-5.748146176338195801e-01
-4.994029700756072998e-01
-2.534649372100830078e-01
-5.268819928169250488e-01
-4.654733240604400635e-01
-4.185146987438201904e-01
-3.661273121833801270e-01
-3.460729122161865234e-01
-1.596754193305969238e-01
-3.051817119121551514e-01
-3.624389767646789551e-01
-2.027381360530853271e-01
-5.554308295249938965e-01
-6.362552046775817871e-01
-5.111386179924011230e-01
-7.953652739524841309e-01
-7.127366065979003906e-01
-6.479429602622985840e-01
-5.676295161247253418e-01
-4.713970422744750977e-01
-2.077517360448837280e-01
-3.657281398773193359e-01
-3.804177045822143555e-01
-3.682988286018371582e-01
-4.268174767494201660e-01
-2.687612175941467285e-01
-5.005366206169128418e-01
-4.932557344436645508e-01
-4.840907156467437744e-01
-3.998334407806396484e-01
-5.752936005592346191e-01
-5.942303538322448730e-01
-5.787105560302734375e-01
-5.386336445808410645e-01
-4.205584526062011719e-01
-1.383755952119827271e-01
-2.618475556373596191e-01
-4.027553796768188477e-01
-4.009670913219451904e-01
-6.096543669700622559e-01
-6.472085118293762207e-01
-6.859601736068725586e-01
-7.353776693344116211e-01
-6.192983984947204590e-01
-6.884829401969909668e-01
-6.259406208992004395e-01
-5.471918582916259766e-01
-5.381227135658264160e-01
-5.239760279655456543e-01
-5.532912611961364746e-01
-6.066526174545288086e-01
-5.135975480079650879e-01
-5.785508751869201660e-01
-5.737608075141906738e-01
-4.765862822532653809e-01
-3.268168270587921143e-01
-5.573627948760986328e-01
-4.322142899036407471e-01
-5.798601508140563965e-01
-7.128005027770996094e-01
-5.732179284095764160e-01
-3.414904177188873291e-01
-3.725460171699523926e-01
-4.463290274143218994e-01
-3.931432962417602539e-01
-3.246932327747344971e-01
-6.185159683227539062e-01
-4.694011807441711426e-01
-5.741759538650512695e-01
-5.300753712654113770e-01
-5.707430243492126465e-01
-4.563083350658416748e-01
-3.967199027538299561e-01
-7.131198048591613770e-01
-6.349459290504455566e-01
-4.473988115787506104e-01
-7.046573758125305176e-01
-4.508955478668212891e-01
-6.486774682998657227e-01
-5.631906986236572266e-01
-4.044159352779388428e-01
-5.365579128265380859e-01
-6.449412107467651367e-01
-5.354402661323547363e-01
-3.899179995059967041e-01
-5.218045115470886230e-01
-6.242480874061584473e-01
-5.630629658699035645e-01
-4.293562173843383789e-01
-6.887224316596984863e-01
-5.399748682975769043e-01
-3.269765079021453857e-01
-5.988287925720214844e-01
-3.761225938796997070e-01
-4.566915333271026611e-01
-4.549511373043060303e-01
-3.106902837753295898e-01
-1.558114439249038696e-01
-1.954253017902374268e-01
-3.167577087879180908e-01
-3.189132213592529297e-01
-6.661133170127868652e-01
-6.620576977729797363e-01
-6.113468408584594727e-01
-4.340983927249908447e-01
-5.440623760223388672e-01
-6.718932986259460449e-01
-5.630789399147033691e-01
-4.150179624557495117e-01
-5.470641255378723145e-01
-6.649796366691589355e-01
-4.216122627258300781e-01
-6.123048663139343262e-01
-5.763474106788635254e-01
-4.384892880916595459e-01
-5.618175864219665527e-01
-5.775289535522460938e-01
-3.702946901321411133e-01
-6.269624829292297363e-01
-5.547282695770263672e-01
-4.352479875087738037e-01
-7.143971920013427734e-01
-5.002651810646057129e-01
-6.934486031532287598e-01
-5.927613973617553711e-01
-5.200481414794921875e-01
-4.641959667205810547e-01
-2.788522839546203613e-01
-5.868536233901977539e-01
-5.085200667381286621e-01
-4.667985737323760986e-01
-2.834827005863189697e-01
-5.923143029212951660e-01
-3.377381861209869385e-01
-5.164077281951904297e-01
-3.096683919429779053e-01
-5.815526247024536133e-01
-3.391432762145996094e-01
-5.884503126144409180e-01
-5.282551646232604980e-01
-5.131983757019042969e-01
-3.536891043186187744e-01
-5.324704051017761230e-01
-6.933048963546752930e-01
-6.045130491256713867e-01
-5.453556776046752930e-01
-4.714609086513519287e-01
-3.773360848426818848e-01
-1.645453274250030518e-01
-3.438056111335754395e-01
-5.541853904724121094e-01
-3.601876497268676758e-01
-4.901741147041320801e-01
-5.030753612518310547e-01
-4.565159082412719727e-01
-3.976300060749053955e-01
-2.163738608360290527e-01
-3.766016066074371338e-01
-5.769062638282775879e-01
-6.814414858818054199e-01
-5.345939993858337402e-01
-8.159785270690917969e-01
-7.041144967079162598e-01
-6.200488209724426270e-01
-4.794922471046447754e-01
-2.366518080234527588e-01
5.051275342702865601e-02
-3.258907496929168701e-01
-2.212916612625122070e-01
-3.851917982101440430e-01
-4.181634187698364258e-01
-1.748759001493453979e-01
-4.823343753814697266e-01
-4.467281997203826904e-01
-6.525733470916748047e-01
-8.132641911506652832e-01
-7.256538271903991699e-01
-6.566129922866821289e-01
-4.614496827125549316e-01
-2.523951530456542969e-01
-9.842641651630401611e-02
-2.601071894168853760e-01
-3.349599540233612061e-01
-4.313680529594421387e-01
-5.731700062751770020e-01
-5.262752771377563477e-01
-4.672296941280364990e-01
-7.714788317680358887e-01
-7.561985254287719727e-01
-5.912764668464660645e-01
-7.376769185066223145e-01
-4.779913723468780518e-01
-5.886419415473937988e-01
-5.900151133537292480e-01
-5.924739837646484375e-01
-6.145402193069458008e-01
-5.795407891273498535e-01
-4.551906585693359375e-01
-4.192970693111419678e-01
-6.924586892127990723e-01
-5.663202404975891113e-01
-6.653468608856201172e-01
-6.907023191452026367e-01
-5.683161020278930664e-01
-4.968323111534118652e-01
-3.191367685794830322e-01
-5.579056739807128906e-01
-3.466317355632781982e-01
-4.613858163356781006e-01
-4.937027990818023682e-01
-5.565325021743774414e-01
-4.557654559612274170e-01
-3.599960505962371826e-01
-6.804675459861755371e-01
-5.329973101615905762e-01
-7.298691272735595703e-01
-5.128949880599975586e-01
-7.030606865882873535e-01
-5.055821537971496582e-01
-5.736330747604370117e-01
-6.182126402854919434e-01
-4.159919321537017822e-01
-4.778476655483245850e-01
-4.838831424713134766e-01
-3.751965165138244629e-01
-2.316861152648925781e-01
-4.093017876148223877e-01
-5.690026879310607910e-01
-4.594378471374511719e-01
-5.822871327400207520e-01
-6.521901488304138184e-01
-5.826703310012817383e-01
-4.793645143508911133e-01
-7.335894107818603516e-01
-5.817442536354064941e-01
-5.440943241119384766e-01
-5.686513781547546387e-01
-5.357915163040161133e-01
-3.017168939113616943e-01
-6.102610826492309570e-01
-3.014933466911315918e-01
-3.752923309803009033e-01
-4.065555036067962646e-01
-4.896152615547180176e-01
-3.135483562946319580e-01
-5.807862281799316406e-01
-6.192185282707214355e-01
-4.709978699684143066e-01
-7.020707130432128906e-01
-6.113947629928588867e-01
-5.595981478691101074e-01
-3.070178925991058350e-01
-5.793970823287963867e-01
-5.093982219696044922e-01
-4.568192660808563232e-01
-2.828440070152282715e-01
-5.398471355438232422e-01
-3.780545890331268311e-01
-3.465998172760009766e-01
-1.705967783927917480e-01
-4.864218831062316895e-01
-3.060598671436309814e-01
-1.751792728900909424e-01
-5.579216480255126953e-01
-4.108026921749114990e-01
-7.453410029411315918e-01
-6.917880773544311523e-01
-5.040493607521057129e-01
-7.713670730590820312e-01
-6.342593431472778320e-01
-3.463922441005706787e-01
-5.440783500671386719e-01
-4.143952429294586182e-01
-3.430711328983306885e-01
-1.779734790325164795e-01
-3.733443617820739746e-01
-4.585596621036529541e-01
-5.117453932762145996e-01
-3.355666995048522949e-01
-4.834201037883758545e-01
-4.995786249637603760e-01
-3.960492908954620361e-01
-6.757892370223999023e-01
-4.804822206497192383e-01
-6.935444474220275879e-01
-4.513905346393585205e-01
-4.483248889446258545e-01
-3.245176076889038086e-01
-4.970558285713195801e-01
-6.732984185218811035e-01
-6.768110990524291992e-01
-5.611150264739990234e-01
-6.930015683174133301e-01
-7.713830471038818359e-01
-5.289257764816284180e-01
-6.975680589675903320e-01
-6.295171976089477539e-01
-6.007128953933715820e-01
-4.441415667533874512e-01
-5.591031908988952637e-01
-5.592309236526489258e-01
-5.997548699378967285e-01
-5.157530903816223145e-01
-4.108665585517883301e-01
-6.745757460594177246e-01
-4.762669503688812256e-01
-6.083929538726806641e-01
-6.337004899978637695e-01
-6.989412307739257812e-01
-6.594710946083068848e-01
-4.161036908626556396e-01
-5.328855514526367188e-01
-5.676135420799255371e-01
-5.435833930969238281e-01
-5.364621281623840332e-01
-4.960339665412902832e-01
-4.599807262420654297e-01
-6.165680289268493652e-01
-6.499068737030029297e-01
-6.385225057601928711e-01
-5.717489719390869141e-01
-5.182279348373413086e-01
-4.884337186813354492e-01
-3.633331060409545898e-01
-5.309376120567321777e-01
-4.322781562805175781e-01
-6.458353400230407715e-01
-5.926336646080017090e-01
-6.036188602447509766e-01
-4.086471498012542725e-01
-4.662397503852844238e-01
-5.511835813522338867e-01
-3.312396705150604248e-01
-4.096850156784057617e-01
-4.920102953910827637e-01
-3.352473676204681396e-01
-5.272013545036315918e-01
-3.878742456436157227e-01
-5.235289335250854492e-01
-5.589914321899414062e-01
-5.414757132530212402e-01
-5.410127043724060059e-01
-4.838512241840362549e-01
-3.464241921901702881e-01
-4.340345263481140137e-01
-3.981569111347198486e-01
-6.743841767311096191e-01
-5.886419415473937988e-01
-5.646436810493469238e-01
-4.586714208126068115e-01
-2.051810622215270996e-01
-1.267516911029815674e-01
-1.580467969179153442e-01
-2.519800364971160889e-01
-8.095863461494445801e-02
-4.442533254623413086e-01
-4.368606507778167725e-01
-4.478299021720886230e-01
-2.955536544322967529e-01
-4.890404641628265381e-01
-6.635266542434692383e-01
-4.473668634891510010e-01
-3.036648333072662354e-01
-4.524123966693878174e-01
-5.839476585388183594e-01
-4.392876327037811279e-01
-6.970411539077758789e-01
-5.581771135330200195e-01
-6.810902357101440430e-01
-7.006177306175231934e-01
-6.758052110671997070e-01
-6.007448434829711914e-01
-5.887696743011474609e-01
-5.281912684440612793e-01
-5.992758870124816895e-01
-6.302196979522705078e-01
-4.939902126789093018e-01
-6.409973502159118652e-01
-6.538826823234558105e-01
-6.749908924102783203e-01
-4.378186762332916260e-01
-5.763633847236633301e-01
-4.633178114891052246e-01
-3.317027091979980469e-01
-5.863267183303833008e-01
-3.856708109378814697e-01
-4.986525177955627441e-01
-4.260670244693756104e-01
-2.974058091640472412e-01
-5.759482383728027344e-01
-3.765377402305603027e-01
-4.622001051902770996e-01
-3.769688308238983154e-01
-2.703898251056671143e-01
-4.525082111358642578e-01
-5.129269361495971680e-01
-5.504810810089111328e-01
-5.961623191833496094e-01
-4.536578357219696045e-01
-6.096224188804626465e-01
-6.572037935256958008e-01
-6.726596951484680176e-01
-6.737454533576965332e-01
-6.481665372848510742e-01
-4.886572659015655518e-01
-6.335089206695556641e-01
-4.863420426845550537e-01
-6.222362518310546875e-01
-6.467134952545166016e-01
-6.172865629196166992e-01
-5.096377730369567871e-01
-4.729777574539184570e-01
-4.100841879844665527e-01
-1.268155574798583984e-01
-2.653762400150299072e-01
-4.636531174182891846e-01
-2.795548439025878906e-01
-4.958742856979370117e-01
-3.385046124458312988e-01
-4.922657608985900879e-01
-5.077217221260070801e-01
-5.214852094650268555e-01
-5.426253676414489746e-01
-5.702480673789978027e-01
-5.130546689033508301e-01
-4.761392176151275635e-01
-6.454521417617797852e-01
-6.909577846527099609e-01
-5.827341675758361816e-01
-5.771457552909851074e-01
-4.139641225337982178e-01
-6.503379940986633301e-01
-4.064277708530426025e-01
-5.996271371841430664e-01
-4.848251938819885254e-01
-4.447802305221557617e-01
-4.373716115951538086e-01
-4.320386648178100586e-01
-2.107694745063781738e-01
-3.561799526214599609e-01
-3.921214342117309570e-01
-4.551267921924591064e-01
-2.315424084663391113e-01
-3.793159723281860352e-01
-3.351994454860687256e-01
-2.558919191360473633e-01
-3.925365507602691650e-01
-2.881769537925720215e-01
-2.231118828058242798e-01
-2.572650611400604248e-01
-3.596926629543304443e-01
-5.585283637046813965e-01
-6.941831111907958984e-01
-5.790298581123352051e-01
-7.968661785125732422e-01
-5.397672653198242188e-01
-6.494917869567871094e-01
-6.427058577537536621e-01
-6.390014886856079102e-01
-4.234165251255035400e-01
-6.407898068428039551e-01
-4.801948070526123047e-01
-6.290062665939331055e-01
-6.514397263526916504e-01
-6.425940394401550293e-01
-5.949329137802124023e-01
-4.835478365421295166e-01
-4.737282097339630127e-01
-4.938784241676330566e-01
-4.285259544849395752e-01
-6.479429602622985840e-01
-6.381552815437316895e-01
-6.759169697761535645e-01
-6.701688766479492188e-01
-6.328383088111877441e-01
-3.802580237388610840e-01
-4.059008657932281494e-01
-3.716199398040771484e-01
-2.726252079010009766e-01
-2.940527796745300293e-01
-3.688417077064514160e-01
-3.771923780441284180e-01
-2.087257206439971924e-01
-5.420824885368347168e-01
-4.599647521972656250e-01
-2.592130303382873535e-01
-4.285898208618164062e-01
-4.763946831226348877e-01
-3.317665755748748779e-01
-2.464075833559036255e-01
-5.187388658523559570e-01
-3.772243261337280273e-01
-4.776081740856170654e-01
-6.186277866363525391e-01
-4.787577688694000244e-01
-6.221085190773010254e-01
-6.695941090583801270e-01
-7.017194628715515137e-01
-5.818400382995605469e-01
-7.481831312179565430e-01
-6.519826054573059082e-01
-6.064130663871765137e-01
-5.703119635581970215e-01
-3.877944052219390869e-01
-6.285591721534729004e-01
-3.668617904186248779e-01
-4.552225768566131592e-01
-4.652817249298095703e-01
-4.368446767330169678e-01
-4.639405012130737305e-01
-2.952343225479125977e-01
-4.429280757904052734e-01
-4.763946831226348877e-01
-4.823024272918701172e-01
-5.287181735038757324e-01
-5.895999670028686523e-01
-6.264675259590148926e-01
-6.241203546524047852e-01
-5.572190880775451660e-01
-7.077070474624633789e-01
-7.450376749038696289e-01
-6.561978459358215332e-01
-6.002339124679565430e-01
-4.222988486289978027e-01
-6.524456143379211426e-01
-4.021486341953277588e-01
-4.565957486629486084e-01
-4.209895730018615723e-01
-4.060924649238586426e-01
-3.990829885005950928e-01
-4.142994284629821777e-01
-3.743023872375488281e-01
-3.121272921562194824e-01
-5.859275460243225098e-01
-5.470960736274719238e-01
-3.830203115940093994e-01
-5.254449844360351562e-01
-6.250943541526794434e-01
-3.746217191219329834e-01
-4.711575508117675781e-01
-5.102125406265258789e-01
-5.246146917343139648e-01
-3.767293393611907959e-01
-9.941636770963668823e-02
-3.776713907718658447e-01
-3.391432762145996094e-01
-5.238163471221923828e-01
-5.443178415298461914e-01
-5.586880445480346680e-01
-5.572190880775451660e-01
-5.893445014953613281e-01
-4.691776335239410400e-01
-5.839476585388183594e-01
-5.917714238166809082e-01
-6.249186992645263672e-01
-4.952356219291687012e-01
-6.177335977554321289e-01
-6.457874178886413574e-01
-6.578424572944641113e-01
-4.907329380512237549e-01
-6.055029630661010742e-01
-6.134225726127624512e-01
-5.517584085464477539e-01
-5.296123623847961426e-01
-4.087589383125305176e-01
-5.971842408180236816e-01
-4.682036638259887695e-01
-6.688915491104125977e-01
-5.836762189865112305e-01
-4.198399484157562256e-01
-5.460742115974426270e-01
-6.393687725067138672e-01
-3.756116628646850586e-01
-4.687944352626800537e-01
-4.685389697551727295e-01
-2.972621321678161621e-01
-4.662078022956848145e-01
-3.188813030719757080e-01
-5.720363855361938477e-01
-5.321510434150695801e-01
-3.868204057216644287e-01
-4.991953969001770020e-01
-5.023568272590637207e-01
-5.579216480255126953e-01
-4.877471327781677246e-01
-3.794596791267395020e-01
-5.423060059547424316e-01
-6.255893111228942871e-01
-5.330452322959899902e-01
-5.512474775314331055e-01
-5.683959126472473145e-01
-5.308417677879333496e-01
-3.090616464614868164e-01
-6.023575067520141602e-01
-3.302337527275085449e-01
-5.713657736778259277e-01
-4.760274589061737061e-01
-2.729764878749847412e-01
-5.597418546676635742e-01
-3.417778015136718750e-01
-4.702793657779693604e-01
-5.773054361343383789e-01
-3.903650641441345215e-01
-6.017667055130004883e-01
-3.808487951755523682e-01
-4.491072595119476318e-01
-4.907329380512237549e-01
-4.705029129981994629e-01
-3.843615055084228516e-01
-4.871883094310760498e-01
-4.905413389205932617e-01
-5.667034387588500977e-01
-4.118884503841400146e-01
-5.273609757423400879e-01
-6.206076741218566895e-01
-5.813291072845458984e-01
-5.254769325256347656e-01
-3.736158013343811035e-01
-5.292770266532897949e-01
-5.632545948028564453e-01
-6.274254918098449707e-01
-5.403261184692382812e-01
-4.087908565998077393e-01
-6.633989214897155762e-01
-4.450037777423858643e-01
-6.500505805015563965e-01
-4.353916943073272705e-01
-5.227944850921630859e-01
-5.932403802871704102e-01
-3.739830255508422852e-01
-4.990836381912231445e-01
-5.981901288032531738e-01
-4.021166861057281494e-01
-3.151929378509521484e-01
-2.461201846599578857e-01
-5.862149596214294434e-01
-5.519180893898010254e-01
-4.977104961872100830e-01
-3.079439699649810791e-01
-6.254775524139404297e-01
-3.936702013015747070e-01
-6.517750024795532227e-01
-3.716838061809539795e-01
-5.946455001831054688e-01
-5.281593203544616699e-01
-3.777192831039428711e-01
-6.378678679466247559e-01
-4.151616394519805908e-01
-6.827827095985412598e-01
-4.566276669502258301e-01
-6.652989983558654785e-01
-4.495064318180084229e-01
-5.673421025276184082e-01
-5.882587432861328125e-01
-5.667672753334045410e-01
-5.410606265068054199e-01
-5.459145307540893555e-01
-5.492995381355285645e-01
-5.762516260147094727e-01
-5.956993103027343750e-01
-6.092072725296020508e-01
-5.444775223731994629e-01
-4.883538782596588135e-01
-6.477194428443908691e-01
-6.743522286415100098e-01
-6.402948498725891113e-01
-5.376436710357666016e-01
-5.416353940963745117e-01
-3.496175706386566162e-01
-3.499688208103179932e-01
-4.498896300792694092e-01
-2.863247990608215332e-01
-4.223148226737976074e-01
-4.191693365573883057e-01
-4.195844829082489014e-01
-4.247577488422393799e-01
-3.156719505786895752e-01
-4.970558285713195801e-01
-5.456111431121826172e-01
-5.843148827552795410e-01
-5.249021053314208984e-01
-5.600292682647705078e-01
-6.015112400054931641e-01
-4.360942542552947998e-01
-5.635100603103637695e-01
-6.678217649459838867e-01
-3.771285116672515869e-01
-4.467122256755828857e-01
-4.359345734119415283e-01
-4.228736460208892822e-01
-4.204466938972473145e-01
-4.625034928321838379e-01
-4.863899648189544678e-01
-4.708541631698608398e-01
-5.514709949493408203e-01
-5.956194400787353516e-01
-4.175407290458679199e-01
-5.393361449241638184e-01
-4.142994284629821777e-01
-4.541687667369842529e-01
-2.181621491909027100e-01
-5.168867111206054688e-01
-3.003437221050262451e-01
-4.809931516647338867e-01
-3.980610966682434082e-01
-3.894549608230590820e-01
-4.079286456108093262e-01
-2.389031499624252319e-01
-4.269771575927734375e-01
-6.228110790252685547e-01
-3.905566632747650146e-01
-6.476874947547912598e-01
-4.644514620304107666e-01
-7.100541591644287109e-01
-4.961936175823211670e-01
-7.309707999229431152e-01
-5.209423303604125977e-01
-6.396402120590209961e-01
-6.497951149940490723e-01
-6.807389855384826660e-01
-4.857193529605865479e-01
-5.832930207252502441e-01
-6.029482483863830566e-01
-6.395922899246215820e-01
-4.869647622108459473e-01
-3.905886113643646240e-01
-6.585769057273864746e-01
-4.784703850746154785e-01
-6.877963542938232422e-01
-4.648665785789489746e-01
-4.874756932258605957e-01
-4.166785180568695068e-01
-3.788689076900482178e-01
-4.106589853763580322e-01
-2.691124975681304932e-01
-3.545353710651397705e-01
-4.129582345485687256e-01
-4.837075173854827881e-01
-5.291652679443359375e-01
-5.645638704299926758e-01
-5.400387048721313477e-01
-6.286070942878723145e-01
-6.729311347007751465e-01
-6.583853363990783691e-01
-4.240871369838714600e-01
-6.811860203742980957e-01
-5.680765509605407715e-01
-2.935737669467926025e-01
-3.800185322761535645e-01
-4.067151546478271484e-01
-4.799552857875823975e-01
-3.812319934368133545e-01
-3.638280928134918213e-01
-2.133720815181732178e-01
-5.028039216995239258e-01
-4.700079262256622314e-01
-5.016703009605407715e-01
-5.269777774810791016e-01
-3.202384710311889648e-01
-4.624396264553070068e-01
-4.465685188770294189e-01
-5.383142828941345215e-01
-3.337145447731018066e-01
-5.774012207984924316e-01
-3.630776405334472656e-01
-4.896631836891174316e-01
-6.107401251792907715e-01
-5.662084817886352539e-01
-4.535301029682159424e-01
-6.230027079582214355e-01
-6.995160579681396484e-01
-4.752610325813293457e-01
-5.970085859298706055e-01
-6.662410497665405273e-01
-4.491232335567474365e-01
-6.227791309356689453e-01
-4.392876327037811279e-01
-5.577300190925598145e-01
-6.533716917037963867e-01
-5.692262053489685059e-01
-5.685236454010009766e-01
-4.146028161048889160e-01
-5.344502925872802734e-01
-6.128477454185485840e-01
-3.303295671939849854e-01
-4.119682610034942627e-01
-4.965768456459045410e-01
-4.425129294395446777e-01
-3.141071796417236328e-01
-5.286383628845214844e-01
-4.640043675899505615e-01
-3.054212033748626709e-01
-5.447649359703063965e-01
-4.668784141540527344e-01
-3.105306029319763184e-01
-4.234963655471801758e-01
-4.173810482025146484e-01
-2.858457863330841064e-01
-1.586854755878448486e-01
-4.840747714042663574e-01
-4.894236624240875244e-01
-3.168854415416717529e-01
-4.365732669830322266e-01
-5.196809172630310059e-01
-5.431043505668640137e-01
-5.107554197311401367e-01
-5.541374683380126953e-01
-5.485969781875610352e-01
-6.218690276145935059e-01
-5.245667695999145508e-01
-6.681410670280456543e-01
-6.487413048744201660e-01
-6.574911475181579590e-01
-5.417311787605285645e-01
-5.150984525680541992e-01
-3.599321842193603516e-01
-5.223473906517028809e-01
-6.813137531280517578e-01
-5.730582475662231445e-01
-4.039050042629241943e-01
-5.207028388977050781e-01
-5.142362117767333984e-01
-5.599653720855712891e-01
-4.840587973594665527e-01
-3.814076483249664307e-01
-6.252061128616333008e-01
-5.605721473693847656e-01
-6.000902056694030762e-01
-5.799239873886108398e-01
-5.229541659355163574e-01
-4.745105803012847900e-01
-2.133561223745346069e-01
-4.928725063800811768e-01
-3.809765279293060303e-01
-1.602182984352111816e-01
-4.673574268817901611e-01
-2.596600949764251709e-01
-3.944526016712188721e-01
-4.509274959564208984e-01
-5.305863022804260254e-01
-3.693845570087432861e-01
-5.298199057579040527e-01
-6.686520576477050781e-01
-5.175732970237731934e-01
-6.469690203666687012e-01
-6.756295561790466309e-01
-6.497153043746948242e-01
-6.664326190948486328e-01
-5.594544410705566406e-01
-4.765862822532653809e-01
-5.262752771377563477e-01
-5.812333226203918457e-01
-3.894070684909820557e-01
-5.058535933494567871e-01
-5.988926887512207031e-01
-2.879853546619415283e-01
-3.241663277149200439e-01
-2.651526927947998047e-01
-2.974058091640472412e-01
-2.965915203094482422e-01
-3.270244002342224121e-01
-4.167104363441467285e-01
-5.121445655822753906e-01
-5.650428533554077148e-01
-6.170629858970642090e-01
-6.197454333305358887e-01
-6.897442936897277832e-01
-5.828619003295898438e-01
-8.495249748229980469e-01
-7.363516688346862793e-01
-4.816318154335021973e-01
-7.145887613296508789e-01
-4.008872509002685547e-01
-5.888016223907470703e-01
-3.231763839721679688e-01
-5.389369726181030273e-01
-4.693852066993713379e-01
-4.534023702144622803e-01
-2.661426365375518799e-01
-3.988275229930877686e-01
-4.228736460208892822e-01
-4.189138710498809814e-01
-4.806578457355499268e-01
-4.162633717060089111e-01
-4.957785010337829590e-01
-4.012225568294525146e-01
-7.030287384986877441e-01
-4.524123966693878174e-01
-5.508962273597717285e-01
-5.029636025428771973e-01
-5.059653520584106445e-01
-3.376104533672332764e-01
-6.380594968795776367e-01
-5.441901087760925293e-01
-5.047518610954284668e-01
-2.905560135841369629e-01
-5.932563543319702148e-01
-3.414424955844879150e-01
-6.004574298858642578e-01
-3.617843389511108398e-01
-6.385864019393920898e-01
-4.154330790042877197e-01
-5.380588173866271973e-01
-5.528441667556762695e-01
-6.180210113525390625e-01
-5.415076613426208496e-01
-4.282385408878326416e-01
-6.037465929985046387e-01
-7.281606197357177734e-01
-5.000256896018981934e-01
-7.009211182594299316e-01
-4.684910774230957031e-01
-6.697856783866882324e-01
-4.539452195167541504e-01
-5.537382960319519043e-01
-5.575224757194519043e-01
-5.912764668464660645e-01
-4.921061098575592041e-01
-5.184674263000488281e-01
-3.310640156269073486e-01
-3.533537983894348145e-01
-2.761698663234710693e-01
-2.865483462810516357e-01
-3.365885615348815918e-01
-4.402137100696563721e-01
-3.500965535640716553e-01
-5.197926759719848633e-01
-6.407898068428039551e-01
-4.729458391666412354e-01
-6.043853163719177246e-01
-6.040979027748107910e-01
-5.645958185195922852e-01
-5.055183172225952148e-01
-5.147152543067932129e-01
-4.906211793422698975e-01
-4.385850727558135986e-01
-6.084249019622802734e-01
-6.342433691024780273e-01
-5.956673622131347656e-01
-5.391445755958557129e-01
-4.845058619976043701e-01
-3.891036808490753174e-01
-3.422727882862091064e-01
-3.804655969142913818e-01
-4.401817619800567627e-01
-4.468239843845367432e-01
-5.246306657791137695e-01
-5.897276997566223145e-01
-4.188340306282043457e-01
-6.427696943283081055e-01
-3.297866880893707275e-01
-5.591670274734497070e-01
-4.741273820400238037e-01
-2.673561275005340576e-01
-4.084395766258239746e-01
-4.306974411010742188e-01
-3.178434371948242188e-01
-1.695429682731628418e-01
-3.834673762321472168e-01
-5.771297812461853027e-01
-4.146986007690429688e-01
-5.643084049224853516e-01
-6.029482483863830566e-01
-5.913243889808654785e-01
-5.574426054954528809e-01
-5.728825926780700684e-01
-5.272651910781860352e-01
-5.966253876686096191e-01
-4.851285815238952637e-01
-7.263723611831665039e-01
-5.676933526992797852e-01
-3.375146687030792236e-01
-6.156100034713745117e-01
-3.581279218196868896e-01
-6.227152943611145020e-01
-5.347377061843872070e-01
-3.131491839885711670e-01
-4.343857765197753906e-01
-4.224106073379516602e-01
-4.786300361156463623e-01
-2.936376333236694336e-01
-5.030274391174316406e-01
-4.759316444396972656e-01
-3.584951460361480713e-01
-5.055821537971496582e-01
-4.685709178447723389e-01
-3.952988386154174805e-01
-3.416021764278411865e-01
-3.351835012435913086e-01
-5.552711486816406250e-01
-7.533883452415466309e-01
-6.889619231224060059e-01
-6.455479264259338379e-01
-6.272977590560913086e-01
-5.798122286796569824e-01
-3.312236964702606201e-01
-4.529233574867248535e-01
-5.951564311981201172e-01
-4.160717725753784180e-01
-4.763627350330352783e-01
-5.828459262847900391e-01
-3.708535134792327881e-01
-6.567566990852355957e-01
-3.599641025066375732e-01
-5.956513881683349609e-01
-5.255727171897888184e-01
-3.401332199573516846e-01
-6.208311915397644043e-01
-5.516626238822937012e-01
-5.564047694206237793e-01
-3.099877238273620605e-01
-5.987010598182678223e-01
-3.740788400173187256e-01
-5.076578855514526367e-01
-6.269624829292297363e-01
-5.257164239883422852e-01
-3.951711058616638184e-01
-6.513918042182922363e-01
-5.236247777938842773e-01
-4.016855955123901367e-01
-4.907169938087463379e-01
-3.215158283710479736e-01
-6.178773045539855957e-01
-3.800823986530303955e-01
-5.082326531410217285e-01
-5.335561633110046387e-01
-4.609866440296173096e-01
-2.808322012424468994e-01
-5.278240442276000977e-01
-4.401817619800567627e-01
-6.011919379234313965e-01
-6.616744995117187500e-01
-7.552085518836975098e-01
-6.922032237052917480e-01
-5.793492197990417480e-01
-7.129601836204528809e-01
-7.135668992996215820e-01
-6.602694392204284668e-01
-6.537549495697021484e-01
-4.962255656719207764e-01
-6.894568800926208496e-01
-4.983012676239013672e-01
-6.983185410499572754e-01
-5.789340734481811523e-01
-3.334590494632720947e-01
-4.254922270774841309e-01
-4.520930647850036621e-01
-4.462491869926452637e-01
-4.209257066249847412e-01
-4.289730191230773926e-01
-4.673893451690673828e-01
-4.690499007701873779e-01
-5.704237222671508789e-01
-4.803544580936431885e-01
-7.567254304885864258e-01
-5.036661624908447266e-01
-6.940553784370422363e-01
-4.353438019752502441e-01
-5.040812492370605469e-01
-5.999624729156494141e-01
-3.816471397876739502e-01
-4.852403402328491211e-01
-5.152900218963623047e-01
-4.922657608985900879e-01
-5.003450512886047363e-01
-3.623910844326019287e-01
