-4.462136459350585938e+01
-1.140972423553466797e+01
1.279308795928955078e+00
2.882145404815673828e+00
2.439942121505737305e+00
3.252640962600708008e+00
1.808467626571655273e+00
7.496071457862854004e-01
5.278749465942382812e-01
1.455232024192810059e+00
1.049928426742553711e+00
1.470805108547210693e-01
-2.731521129608154297e-01
-1.420479714870452881e-01
-9.073037654161453247e-02
6.349489092826843262e-01
5.808211565017700195e-01
5.500848889350891113e-01
1.452645421028137207e+00
9.374735951423645020e-01
-1.077510863542556763e-01
2.957961559295654297e-01
1.395441293716430664e-01
-2.100829035043716431e-01
-1.854405552148818970e-02
2.359202951192855835e-01
1.003273129463195801e+00
5.813800096511840820e-01
-6.144604086875915527e-01
-9.780105948448181152e-01
-1.143635153770446777e+00
-3.398617804050445557e-01
4.770258069038391113e-02
2.682852149009704590e-01
6.345976591110229492e-01
2.177020758390426636e-01
9.892978705465793610e-03
-3.760852664709091187e-02
-2.414897829294204712e-01
-2.526825666427612305e-01
4.222060441970825195e-01
1.348658353090286255e-01
-4.542326331138610840e-01
-2.268002331256866455e-01
-4.254922270774841309e-01
6.897632479667663574e-01
1.281492039561271667e-02
4.065062850713729858e-03
-4.243106842041015625e-01
-9.237231612205505371e-01
-1.065376028418540955e-01
-7.966531813144683838e-02
2.151952683925628662e-01
3.397689759731292725e-01
-4.500119760632514954e-02
3.023425936698913574e-01
-2.724016606807708740e-01
-6.208311915397644043e-01
-4.368766248226165771e-01
-5.707749724388122559e-01
-5.134698152542114258e-01
-2.096517980098724365e-01
-6.489489078521728516e-01
-2.002951949834823608e-01
-1.356133222579956055e-01
6.775006651878356934e-01
6.926053762435913086e-01
4.371351003646850586e-01
1.277605742216110229e-01
9.915375113487243652e-01
-1.755454540252685547e+00
-1.346510529518127441e+00
-7.945030927658081055e-01
1.030688285827636719e+00
-3.740149736404418945e-01
-3.611935675144195557e-01
-1.195160269737243652e+00
-3.799227178096771240e-01
7.127076983451843262e-01
6.091783642768859863e-01
5.735881328582763672e-01
1.324542999267578125e+00
8.276693224906921387e-01
4.566945433616638184e-01
2.942952811717987061e-01
2.047050297260284424e-01
1.854808777570724487e-01
1.779924184083938599e-01
6.397230029106140137e-01
2.849440835416316986e-02
1.027723923325538635e-01
3.422598242759704590e-01
-2.712360918521881104e-01
2.148918956518173218e-01
-4.609546959400177002e-01
-5.698329210281372070e-01
8.316504955291748047e-02
3.464271724224090576e-01
8.813499808311462402e-01
-3.069061338901519775e-01
-4.290368854999542236e-01
-1.424812078475952148e+00
-7.923635244369506836e-01
-8.889951705932617188e-01
-1.685663223266601562e+00
-4.792847037315368652e-01
-4.842503964900970459e-01
6.441991776227951050e-02
2.955406904220581055e-01
-1.683559827506542206e-02
-3.329746425151824951e-02
6.622417271137237549e-02
1.691946536302566528e-01
-4.707689210772514343e-02
3.226844072341918945e-01
-1.835245266556739807e-02
5.737478137016296387e-01
5.410954952239990234e-01
4.883888065814971924e-01
3.586578071117401123e-01
4.998530447483062744e-01
7.293132543563842773e-01
1.772579401731491089e-01
4.024550020694732666e-01
8.844156265258789062e-01
2.677742540836334229e-01
-1.119344085454940796e-01
-2.495211213827133179e-01
-2.564188241958618164e-01
-8.517389744520187378e-02
3.746726214885711670e-01
3.874620795249938965e-01
8.319963216781616211e-01
7.448809742927551270e-01
1.802756786346435547e-01
-5.403845757246017456e-02
4.968033730983734131e-01
3.117630481719970703e-01
4.546028673648834229e-01
2.459634691476821899e-01
2.152112424373626709e-01
4.104384481906890869e-01
2.643254101276397705e-01
3.513609468936920166e-01
2.510090172290802002e-01
1.988611370325088501e-01
2.919481396675109863e-01
2.753904759883880615e-01
1.458510607481002808e-01
4.411268234252929688e-01
5.930358171463012695e-01
1.683164685964584351e-01
2.179575413465499878e-01
-4.747606441378593445e-02
-1.887351721525192261e-01
5.023757815361022949e-01
3.689883947372436523e-01
7.705876827239990234e-01
2.178936749696731567e-01
-9.872978925704956055e-02
-7.350210100412368774e-02
1.848316751420497894e-02
-3.950316924601793289e-03
-2.327079921960830688e-01
-7.505089044570922852e-02
6.842760741710662842e-02
-1.198166329413652420e-02
1.025648191571235657e-01
3.443195521831512451e-01
9.607533812522888184e-01
7.161725163459777832e-01
8.193505406379699707e-01
5.923971533775329590e-01
3.528458774089813232e-01
4.516010880470275879e-01
5.066549181938171387e-01
6.267419457435607910e-01
3.906874060630798340e-01
4.678873121738433838e-01
5.563918352127075195e-01
7.638017535209655762e-01
1.160866379737854004e+00
8.093073964118957520e-01
6.786343455314636230e-01
6.191896200180053711e-01
1.141929626464843750e+00
1.012981057167053223e+00
5.399299263954162598e-01
1.559421271085739136e-01
2.954822406172752380e-02
5.747856497764587402e-01
3.519357442855834961e-01
4.194118380546569824e-01
2.635749578475952148e-01
5.907206535339355469e-01
8.057627081871032715e-01
1.417156308889389038e-01
6.305100917816162109e-01
4.617719948291778564e-01
4.923326373100280762e-01
1.220343112945556641e+00
1.048858642578125000e+00
4.784094989299774170e-01
4.106300473213195801e-01
3.306039869785308838e-01
5.372954010963439941e-01
2.561822831630706787e-01
9.833359718322753906e-02
3.921244144439697266e-01
9.021388888359069824e-01
8.950655460357666016e-01
5.464125275611877441e-01
5.759831666946411133e-01
6.207224130630493164e-01
7.976515293121337891e-01
1.599817574024200439e-01
1.629196703433990479e-01
6.092316657304763794e-02
-2.580793797969818115e-01
-8.997993171215057373e-02
-7.878172211349010468e-03
-1.054518520832061768e-01
-6.622119992971420288e-02
-3.206801414489746094e-02
4.447034001350402832e-01
-5.001480132341384888e-02
8.259023725986480713e-02
3.016719818115234375e-01
7.480424046516418457e-01
4.301256239414215088e-01
3.133651614189147949e-02
1.004806041717529297e+00
7.502777576446533203e-01
1.364519819617271423e-02
-2.560142241418361664e-02
3.333662450313568115e-01
3.751675784587860107e-01
7.223516702651977539e-01
7.252895832061767578e-01
1.153058648109436035e+00
9.444351792335510254e-01
1.209230184555053711e+00
8.289147019386291504e-01
7.640412449836730957e-01
5.491268634796142578e-01
7.102647423744201660e-01
6.785385608673095703e-01
4.000439941883087158e-01
6.162676811218261719e-01
8.182647824287414551e-01
7.600335478782653809e-01
5.007472038269042969e-01
3.084898293018341064e-01
3.107252120971679688e-01
5.760310888290405273e-01
5.036531686782836914e-01
6.084438562393188477e-01
5.083793401718139648e-01
3.261332511901855469e-01
5.009547472000122070e-01
8.209312558174133301e-01
9.692477583885192871e-01
1.061344742774963379e+00
7.157254219055175781e-01
6.790175437927246094e-01
5.733805894851684570e-01
2.909262478351593018e-01
3.471616506576538086e-01
4.815230369567871094e-01
4.124662280082702637e-01
3.662580549716949463e-01
3.863922953605651855e-01
4.191403985023498535e-01
6.565521359443664551e-01
5.181830525398254395e-01
4.105023145675659180e-01
8.476279377937316895e-01
5.534698367118835449e-01
4.914384782314300537e-01
5.938022136688232422e-01
4.211522340774536133e-01
3.947749137878417969e-01
8.405705690383911133e-01
6.300311088562011719e-01
3.319292366504669189e-01
7.323150038719177246e-01
7.730465531349182129e-01
5.812363028526306152e-01
5.548110604286193848e-01
1.020341753959655762e+00
9.054280519485473633e-01
1.351064085960388184e+00
7.013711929321289062e-01
-5.035010725259780884e-02
-5.079612135887145996e-01
2.250682376325130463e-02
4.735875129699707031e-01
4.817944765090942383e-01
4.868719577789306641e-01
6.978904008865356445e-01
1.122082829475402832e+00
8.010844588279724121e-01
5.795438289642333984e-01
5.507874488830566406e-01
5.559447407722473145e-01
6.018016338348388672e-01
4.337181746959686279e-01
9.576292335987091064e-02
3.418606519699096680e-01
7.226710319519042969e-01
7.828183174133300781e-01
8.148638606071472168e-01
1.089717984199523926e+00
7.213936448097229004e-01
6.723273992538452148e-01
9.578633308410644531e-01
8.340879678726196289e-01
6.331127285957336426e-01
3.748322725296020508e-01
5.079323053359985352e-01
2.599824070930480957e-01
-1.568652540445327759e-01
6.216858327388763428e-02
1.188829839229583740e-01
3.890907168388366699e-01
2.970256209373474121e-01
5.743705034255981445e-01
2.391775399446487427e-01
3.955253660678863525e-01
4.023911356925964355e-01
1.618658453226089478e-01
6.278117299079895020e-01
6.398667097091674805e-01
8.532482385635375977e-01
7.878638505935668945e-01
1.108973979949951172e+00
8.832181096076965332e-01
5.672492980957031250e-01
3.294863104820251465e-01
8.982323855161666870e-02
1.570757776498794556e-01
1.294371038675308228e-01
2.841562926769256592e-01
-6.267654895782470703e-02
2.017032504081726074e-01
-1.489616334438323975e-01
1.173022612929344177e-01
-1.571249915286898613e-03
9.477839805185794830e-03
1.953963190317153931e-01
-1.870586425065994263e-01
-2.025251463055610657e-02
4.008637368679046631e-02
3.771155476570129395e-01
1.707808114588260651e-02
-1.944034099578857422e-01
-1.134193316102027893e-01
1.033152639865875244e-01
2.873816192150115967e-01
2.672633230686187744e-01
8.702903240919113159e-02
2.817772328853607178e-01
4.754077196121215820e-01
1.564371138811111450e-01
2.661775648593902588e-01
1.698173582553863525e-01
4.355384111404418945e-01
4.026306271553039551e-01
3.573325574398040771e-01
9.006539583206176758e-01
3.544265925884246826e-01
1.671349257230758667e-01
1.023854494094848633e+00
9.058272242546081543e-01
8.496930450201034546e-02
-4.020847678184509277e-01
-3.614650070667266846e-01
-9.569607675075531006e-02
2.668162584304809570e-01
3.302686810493469238e-01
4.435857236385345459e-01
4.415419399738311768e-01
-2.573289275169372559e-01
5.223717540502548218e-02
8.314215540885925293e-01
6.871925592422485352e-01
7.227827906608581543e-01
4.299819171428680420e-01
2.715743780136108398e-01
7.162523269653320312e-01
4.351871311664581299e-01
4.869039058685302734e-01
2.587210237979888916e-01
3.815703094005584717e-01
7.464936375617980957e-01
4.353627562522888184e-01
6.034835800528526306e-02
6.430760622024536133e-01
7.441464662551879883e-01
4.395780265331268311e-01
9.643618464469909668e-01
6.827697753906250000e-01
5.437779426574707031e-01
8.224002122879028320e-01
2.649800479412078857e-01
2.712071537971496582e-01
5.103911757469177246e-01
3.875578939914703369e-01
2.996601462364196777e-01
4.364804327487945557e-01
1.197718024253845215e+00
6.614539623260498047e-01
7.739407420158386230e-01
1.351830482482910156e+00
1.278989434242248535e+00
5.155804157257080078e-01
5.469394326210021973e-01
8.177219033241271973e-01
2.538990080356597900e-01
5.589359626173973083e-02
4.538524150848388672e-01
1.437274664640426636e-01
-1.054039523005485535e-01
1.110592111945152283e-01
1.819043010473251343e-01
1.164081171154975891e-01
9.336575269699096680e-01
1.269281625747680664e+00
7.440986037254333496e-01
4.196832776069641113e-01
3.806122839450836182e-01
2.673271894454956055e-01
4.822096228599548340e-01
3.490616977214813232e-01
1.826228052377700806e-01
1.125600934028625488e-01
6.489359140396118164e-01
7.580376863479614258e-01
3.873024284839630127e-01
4.023591876029968262e-01
2.954289317131042480e-01
5.426283478736877441e-01
7.074385881423950195e-01
2.749913036823272705e-01
2.105010002851486206e-01
1.123711466789245605e+00
1.028644561767578125e+00
6.403936147689819336e-01
4.152444899082183838e-01
6.447685360908508301e-01
6.186946034431457520e-01
1.054207563400268555e+00
8.902276158332824707e-01
1.129491448402404785e+00
1.050822615623474121e+00
7.263274192810058594e-01
9.115753173828125000e-01
1.123392105102539062e+00
-1.404353231191635132e-01
-8.086283504962921143e-02
7.102327942848205566e-01
7.941228747367858887e-01
8.020424246788024902e-01
9.365954399108886719e-01
6.394037008285522461e-01
8.276373744010925293e-01
7.993440628051757812e-01
8.108881115913391113e-01
6.996307969093322754e-01
7.638336420059204102e-01
7.486172318458557129e-01
5.132812261581420898e-01
6.461417078971862793e-01
7.104882597923278809e-01
6.457425355911254883e-01
8.457278609275817871e-01
8.398360610008239746e-01
8.960874676704406738e-01
4.258145689964294434e-01
-2.206370234489440918e-01
3.891865015029907227e-01
4.223497509956359863e-01
5.060801506042480469e-01
3.045460283756256104e-01
5.212007761001586914e-01
4.837264716625213623e-01
4.972025454044342041e-01
5.392912626266479492e-01
6.792250871658325195e-01
5.465402603149414062e-01
2.575235068798065186e-01
7.441624402999877930e-01
3.878133594989776611e-01
6.127549409866333008e-01
3.224768340587615967e-01
1.787109225988388062e-01
3.795265555381774902e-01
2.026772350072860718e-01
5.417022705078125000e-01
6.625077724456787109e-01
6.898590326309204102e-01
1.189894199371337891e+00
8.399319052696228027e-01
1.089334726333618164e+00
6.905296444892883301e-01
5.144787430763244629e-01
6.483451128005981445e-01
5.271564126014709473e-01
7.613268494606018066e-01
4.780263006687164307e-01
2.935927212238311768e-01
5.209453105926513672e-01
5.410954952239990234e-01
5.916307568550109863e-01
7.557224631309509277e-01
5.293598771095275879e-01
6.608631610870361328e-01
4.657637178897857666e-01
7.703800797462463379e-01
8.784599900245666504e-01
5.714645385742187500e-01
7.067999243736267090e-01
7.687993645668029785e-01
6.185349225997924805e-01
4.163781404495239258e-01
5.392912626266479492e-01
7.361151576042175293e-01
5.708418488502502441e-01
7.134740948677062988e-01
8.221287727355957031e-01
5.614692568778991699e-01
3.625537455081939697e-01
6.423256397247314453e-01
8.123730421066284180e-01
6.063522100448608398e-01
5.537412762641906738e-01
6.013705134391784668e-01
9.520514011383056641e-01
8.816373944282531738e-01
5.745461583137512207e-01
5.471629500389099121e-01
6.860269904136657715e-01
5.442090630531311035e-01
5.850204229354858398e-01
7.421506047248840332e-01
6.900187134742736816e-01
5.836473107337951660e-01
1.751183718442916870e-01
1.723720729351043701e-01
7.785551548004150391e-01
7.775971293449401855e-01
7.261518239974975586e-01
6.506124138832092285e-01
1.048842668533325195e+00
7.037662267684936523e-01
7.509803175926208496e-01
7.591394186019897461e-01
7.048998475074768066e-01
7.304947972297668457e-01
7.092588543891906738e-01
8.557550907135009766e-01
6.562806963920593262e-01
8.558828234672546387e-01
1.196935653686523438e+00
8.148319125175476074e-01
9.639307856559753418e-01
1.053169727325439453e+00
4.858021736145019531e-01
5.456620454788208008e-01
7.605764269828796387e-01
6.111742258071899414e-01
1.000303387641906738e+00
5.103273391723632812e-01
6.031109094619750977e-01
6.161878108978271484e-01
7.829460501670837402e-01
4.368476867675781250e-01
6.582286357879638672e-01
7.137615084648132324e-01
1.107393264770507812e+00
9.283884763717651367e-01
7.625882625579833984e-01
6.687827706336975098e-01
6.444811224937438965e-01
8.839366436004638672e-01
8.756498098373413086e-01
4.882450997829437256e-01
6.150541901588439941e-01
9.053003191947937012e-01
4.484396576881408691e-01
4.157873690128326416e-01
3.449582159519195557e-01
5.495260357856750488e-01
3.311947584152221680e-01
5.777874588966369629e-01
5.608465671539306641e-01
6.574622392654418945e-01
3.747045397758483887e-01
7.837603688240051270e-01
8.289306759834289551e-01
5.799110531806945801e-01
6.296159625053405762e-01
1.121268510818481445e+00
4.500682651996612549e-01
4.730126857757568359e-01
7.978431582450866699e-01
4.969789981842041016e-01
8.721371293067932129e-01
5.366247892379760742e-01
-2.885866910219192505e-02
3.176548480987548828e-01
5.771966576576232910e-01
1.264033913612365723e-01
4.494296014308929443e-01
1.053137779235839844e+00
6.891245841979980469e-01
4.772439301013946533e-01
4.259423017501831055e-01
3.649647235870361328e-01
5.124189853668212891e-01
8.088123798370361328e-01
4.858341217041015625e-01
4.301575720310211182e-01
5.266454815864562988e-01
4.698033630847930908e-01
5.272362828254699707e-01
1.931769251823425293e-01
2.452449649572372437e-01
6.072623133659362793e-01
5.054095387458801270e-01
3.928588926792144775e-01
5.980813503265380859e-01
5.160594582557678223e-01
2.599664330482482910e-01
1.301875412464141846e-01
1.498641725629568100e-02
4.797507226467132568e-01
7.511080503463745117e-01
2.489652484655380249e-01
3.601267635822296143e-01
4.491262137889862061e-01
5.833758711814880371e-01
5.093054175376892090e-01
4.805650413036346436e-01
8.381116390228271484e-01
1.162047982215881348e+00
6.878153085708618164e-01
5.606549382209777832e-01
8.632116317749023438e-01
8.079501986503601074e-01
4.548583328723907471e-01
4.403444230556488037e-01
-5.649735778570175171e-02
3.596956729888916016e-01
8.222246170043945312e-01
6.806780695915222168e-01
2.481669038534164429e-01
4.403763711452484131e-01
8.215060830116271973e-01
4.229245483875274658e-01
7.056183815002441406e-01
5.908004641532897949e-01
1.824152469635009766e-01
2.043218165636062622e-01
1.287345588207244873e-01
4.798465371131896973e-01
7.142245173454284668e-01
3.644218742847442627e-01
4.964680671691894531e-01
9.087491631507873535e-01
3.688606619834899902e-01
5.255756974220275879e-01
8.821058273315429688e-02
3.421959578990936279e-01
7.479466199874877930e-01
2.627501077950000763e-02
6.972092390060424805e-02
4.752480685710906982e-01
5.352357029914855957e-01
1.636381745338439941e-01
4.022474288940429688e-01
6.121481657028198242e-01
4.922687709331512451e-01
-6.404969841241836548e-02
1.015589088201522827e-01
4.902888834476470947e-01
6.160974130034446716e-02
4.943604171276092529e-01
4.919334650039672852e-01
4.195555448532104492e-01
4.959092140197753906e-01
6.974433064460754395e-01
8.613115549087524414e-01
9.052205085754394531e-01
8.839526176452636719e-01
4.932906627655029297e-01
5.406644344329833984e-01
3.712078034877777100e-01
4.689251780509948730e-01
1.687475889921188354e-01
-6.047311425209045410e-02
1.811538636684417725e-01
6.489678621292114258e-01
4.956537485122680664e-01
6.584042906761169434e-01
1.086332917213439941e+00
8.413209915161132812e-01
6.103918552398681641e-01
5.383012890815734863e-01
3.677110373973846436e-01
5.639601349830627441e-01
5.594733953475952148e-01
2.442869544029235840e-01
3.243449628353118896e-01
4.297104775905609131e-01
3.293904960155487061e-01
6.100724935531616211e-01
3.694674074649810791e-01
6.501334309577941895e-01
2.826234698295593262e-01
3.035880029201507568e-01
5.367525219917297363e-01
5.961653590202331543e-01
5.351079106330871582e-01
4.875904619693756104e-01
6.950961947441101074e-01
3.484230339527130127e-01
4.574290215969085693e-01
2.459475100040435791e-01
5.207217931747436523e-01
2.874135375022888184e-01
5.046590566635131836e-01
3.649168312549591064e-01
4.271717369556427002e-01
4.465875029563903809e-01
5.667862296104431152e-01
5.972031950950622559e-01
3.493650853633880615e-01
2.274897843599319458e-01
3.701060712337493896e-01
2.521426677703857422e-01
7.562653422355651855e-01
8.283239603042602539e-01
3.298695087432861328e-01
1.295329034328460693e-01
4.565668106079101562e-01
1.105642318725585938e-01
1.128634661436080933e-01
7.558077573776245117e-02
2.460273355245590210e-01
5.007790923118591309e-01
4.610534906387329102e-01
3.730439841747283936e-01
3.242651224136352539e-01
3.111882507801055908e-01
1.990687102079391479e-01
2.420196533203125000e-01
3.617554008960723877e-01
4.008104205131530762e-01
3.751995265483856201e-01
7.376958727836608887e-01
4.231002032756805420e-01
5.260706543922424316e-01
1.516151130199432373e-01
2.873177528381347656e-01
5.333675742149353027e-01
3.175270855426788330e-01
3.811232447624206543e-01
4.086874797940254211e-02
2.200971096754074097e-01
1.752461045980453491e-01
9.779071807861328125e-02
5.044994354248046875e-01
8.663251399993896484e-01
1.118362545967102051e+00
8.825954198837280273e-01
5.245857834815979004e-01
2.205761075019836426e-01
2.901119589805603027e-01
2.492845803499221802e-01
4.880535006523132324e-01
2.545696198940277100e-01
5.207377076148986816e-01
6.422138810157775879e-01
6.727105975151062012e-01
9.047734141349792480e-01
6.576059460639953613e-01
7.149430513381958008e-01
7.205793857574462891e-01
5.800707340240478516e-01
4.619476497173309326e-01
6.129305958747863770e-01
6.214888095855712891e-01
3.987187445163726807e-01
6.662919521331787109e-01
4.456933438777923584e-01
5.641197562217712402e-01
6.791452765464782715e-01
5.744823217391967773e-01
8.517952561378479004e-01
3.622503578662872314e-01
6.182794570922851562e-01
3.601906299591064453e-01
7.425551861524581909e-02
3.390823900699615479e-01
6.468761563301086426e-01
7.878319025039672852e-01
1.990048438310623169e-01
2.292301654815673828e-01
2.816175520420074463e-01
4.798624813556671143e-01
3.052645325660705566e-01
5.104870200157165527e-01
1.120970547199249268e-01
2.361118942499160767e-01
4.980328083038330078e-01
3.738902211189270020e-01
2.385867685079574585e-01
5.634491443634033203e-01
9.153913855552673340e-01
8.496237993240356445e-01
6.336396336555480957e-01
3.262130916118621826e-01
2.625530958175659180e-01
4.979689419269561768e-01
5.794320106506347656e-01
7.742121219635009766e-01
2.458038032054901123e-01
2.637506127357482910e-01
4.387158155441284180e-01
4.041474759578704834e-01
4.482959508895874023e-01
6.589471697807312012e-01
5.903907492756843567e-02
9.542388319969177246e-01
7.948254346847534180e-01
6.450878977775573730e-01
7.597141861915588379e-01
3.368470370769500732e-01
3.049452006816864014e-01
3.761096298694610596e-01
4.041155576705932617e-01
3.835821449756622314e-01
5.849406123161315918e-01
5.589305162429809570e-01
6.745148897171020508e-01
4.403763711452484131e-01
3.761734962463378906e-01
1.698652654886245728e-01
5.021522641181945801e-01
4.933225810527801514e-01
6.112540364265441895e-01
5.378542542457580566e-01
7.316763401031494141e-01
9.670497477054595947e-02
8.226397633552551270e-01
7.654622793197631836e-01
6.553066968917846680e-01
6.764788031578063965e-01
3.850191533565521240e-01
4.432663619518280029e-01
6.127070188522338867e-01
2.927145361900329590e-01
4.026146829128265381e-01
4.285768270492553711e-01
4.159310460090637207e-01
7.546526789665222168e-01
5.827690958976745605e-01
8.793541193008422852e-01
9.130762219429016113e-01
6.492552757263183594e-01
6.691819429397583008e-01
7.325704693794250488e-01
7.786828875541687012e-01
8.874652981758117676e-01
7.491441369056701660e-01
6.616774797439575195e-01
3.702018857002258301e-01
4.420529007911682129e-01
7.431885004043579102e-01
9.789875149726867676e-01
1.233196377754211426e+00
6.942978501319885254e-01
6.461417078971862793e-01
1.041322350502014160e+00
1.000415086746215820e+00
5.550186634063720703e-01
6.088909506797790527e-01
8.186799287796020508e-01
4.720546901226043701e-01
6.019453406333923340e-01
6.328732371330261230e-01
1.058965682983398438e+00
9.216185212135314941e-01
5.559447407722473145e-01
6.237720847129821777e-01
9.769597649574279785e-01
1.054479002952575684e+00
8.588845729827880859e-01
1.039981126785278320e+00
6.984173059463500977e-01
6.342942714691162109e-01
5.693409442901611328e-01
5.460771918296813965e-01
8.006373643875122070e-01
4.804692268371582031e-01
6.269814372062683105e-01
5.947442650794982910e-01
7.434599399566650391e-01
7.956876158714294434e-01
8.951134681701660156e-01
5.039884448051452637e-01
4.671528339385986328e-01
6.395633220672607422e-01
8.738296031951904297e-01
7.654303312301635742e-01
7.193179726600646973e-01
8.154546618461608887e-01
4.443361461162567139e-01
5.761588215827941895e-01
6.103439331054687500e-01
6.458702683448791504e-01
5.589146018028259277e-01
6.449921131134033203e-01
5.671215653419494629e-01
7.587402462959289551e-01
8.900359869003295898e-01
6.598093509674072266e-01
5.209293365478515625e-01
5.624113082885742188e-01
5.287690758705139160e-01
6.046277880668640137e-01
1.890255361795425415e-01
3.039392828941345215e-01
3.463154137134552002e-01
1.884347647428512573e-01
2.312898933887481689e-01
4.577802717685699463e-01
4.909754395484924316e-01
3.436010479927062988e-01
1.037144362926483154e-01
3.331746459007263184e-01
9.937144070863723755e-02
2.322159856557846069e-01
3.977766931056976318e-01
6.178164482116699219e-01
8.655427694320678711e-01
3.611007630825042725e-01
4.432983100414276123e-01
1.934323906898498535e-01
4.598719477653503418e-01
6.372162103652954102e-01
5.946964025497436523e-01
5.245538353919982910e-01
6.782032251358032227e-01
7.247467041015625000e-01
8.489851355552673340e-01
5.673930048942565918e-01
7.382866144180297852e-01
9.147527217864990234e-01
8.449454903602600098e-01
8.332098126411437988e-01
4.892031252384185791e-01
6.086195111274719238e-01
8.101217150688171387e-01
7.060814499855041504e-01
9.731117486953735352e-01
8.784280419349670410e-01
8.456639647483825684e-01
6.035420298576354980e-01
7.037342786788940430e-01
2.451172322034835815e-01
1.861834228038787842e-01
3.549854159355163574e-01
3.309871852397918701e-01
2.484340686351060867e-03
3.565661609172821045e-01
6.721038818359375000e-01
6.234686970710754395e-01
6.925574541091918945e-01
6.288176178932189941e-01
7.236928939819335938e-01
5.726460814476013184e-01
1.660811156034469604e-01
6.633380651473999023e-01
6.825941205024719238e-01
1.434906244277954102e+00
1.088232994079589844e+00
5.760630369186401367e-01
6.223670244216918945e-01
3.322805166244506836e-01
4.298222661018371582e-01
4.570777416229248047e-01
1.173022612929344177e-01
4.856479167938232422e-02
4.367199540138244629e-01
5.649660229682922363e-01
4.777388870716094971e-01
3.892823159694671631e-01
5.134089589118957520e-01
6.812049746513366699e-01
4.372468590736389160e-01
1.614347398281097412e-01
4.812037050724029541e-01
3.988305032253265381e-01
4.618358612060546875e-01
3.380765020847320557e-01
7.075503468513488770e-01
5.966443419456481934e-01
4.589458703994750977e-01
6.169382333755493164e-01
4.980487823486328125e-01
7.421665787696838379e-01
6.957668066024780273e-01
5.624272823333740234e-01
2.588327825069427490e-01
4.336064159870147705e-01
8.798810243606567383e-01
6.454710960388183594e-01
9.039272069931030273e-01
5.079163312911987305e-01
5.891398787498474121e-01
8.219531774520874023e-01
6.228140592575073242e-01
6.773889064788818359e-01
3.925555348396301270e-01
4.663544893264770508e-01
3.523508906364440918e-01
6.112700104713439941e-01
3.587536215782165527e-01
3.217423558235168457e-01
4.300298094749450684e-01
8.301122188568115234e-01
7.117336988449096680e-01
8.891737461090087891e-01
8.432370424270629883e-01
5.010186433792114258e-01
7.386379241943359375e-01
1.021954417228698730e+00
7.937875390052795410e-01
5.475301742553710938e-01
8.615670204162597656e-01
8.442589044570922852e-01
8.384310007095336914e-01
8.836652040481567383e-01
4.824650883674621582e-01
4.753438532352447510e-01
4.716235697269439697e-01
5.594574213027954102e-01
8.902914524078369141e-01
3.557997345924377441e-01
1.736973226070404053e-01
4.553054273128509521e-01
7.814131975173950195e-01
5.270766019821166992e-01
5.583876967430114746e-01
1.716216206550598145e-01
2.698819041252136230e-01
2.810108065605163574e-01
5.070062279701232910e-01
4.505792260169982910e-01
5.051540732383728027e-01
4.853710830211639404e-01
6.103599071502685547e-01
4.980328083038330078e-01
4.718950092792510986e-01
3.998045027256011963e-01
3.760617375373840332e-01
3.597595393657684326e-01
3.343721628189086914e-01
1.713821142911911011e-01
5.029665827751159668e-01
7.861074805259704590e-01
6.191736459732055664e-01
3.198742270469665527e-01
2.396246194839477539e-01
6.877354383468627930e-01
5.468595623970031738e-01
5.078524351119995117e-01
7.212499976158142090e-01
5.533261895179748535e-01
6.054421067237854004e-01
6.617733240127563477e-01
7.913126945495605469e-01
1.974879950284957886e-01
3.078830838203430176e-01
1.970409154891967773e-01
1.946778148412704468e-01
3.182296454906463623e-01
3.519836664199829102e-01
3.920126557350158691e-01
5.688939094543457031e-01
6.808856725692749023e-01
6.449282169342041016e-01
5.842220783233642578e-01
3.193632960319519043e-01
4.093526899814605713e-01
6.421180367469787598e-01
3.243769109249114990e-01
7.120690345764160156e-01
7.241240143775939941e-01
7.166994214057922363e-01
4.061433374881744385e-01
4.658755064010620117e-01
6.405373215675354004e-01
2.417322397232055664e-01
4.205029830336570740e-02
4.279062151908874512e-01
2.761568725109100342e-01
5.768188834190368652e-02
-1.889532804489135742e-02
9.587469696998596191e-02
2.466979473829269409e-01
3.646134734153747559e-01
3.877973854541778564e-01
7.227987647056579590e-01
1.019740477204322815e-01
1.391928642988204956e-01
-1.783247590065002441e-01
5.757436752319335938e-01
5.232445597648620605e-01
5.771806836128234863e-01
4.251599311828613281e-01
4.526070058345794678e-01
6.990559697151184082e-01
6.113179326057434082e-01
5.396265983581542969e-01
1.423543095588684082e-01
3.307796120643615723e-01
5.625869631767272949e-01
2.084732055664062500e-01
3.411580920219421387e-01
6.434912085533142090e-01
3.196347355842590332e-01
-1.289072185754776001e-01
-5.908399447798728943e-02
1.890894025564193726e-01
5.538211464881896973e-01
6.220636367797851562e-01
6.813806295394897461e-01
2.915808856487274170e-01
3.699464201927185059e-01
3.867755234241485596e-01
3.484070599079132080e-01
4.962604939937591553e-01
4.228447079658508301e-01
4.118435382843017578e-01
4.360812604427337646e-01
4.662587046623229980e-01
7.505651712417602539e-01
3.021509945392608643e-01
-5.795034766197204590e-02
2.062538117170333862e-01
4.292155206203460693e-01
2.920758724212646484e-01
2.474643588066101074e-01
3.433455526828765869e-01
4.987672865390777588e-01
7.778046727180480957e-01
5.349642634391784668e-01
7.127715349197387695e-01
4.050416350364685059e-01
6.523847579956054688e-01
8.649200797080993652e-01
6.441138982772827148e-01
3.667370676994323730e-01
6.825781464576721191e-01
7.267265915870666504e-01
5.967401266098022461e-01
7.393245100975036621e-01
5.849406123161315918e-01
8.844954967498779297e-01
1.629516035318374634e-01
4.151167571544647217e-01
5.344692468643188477e-01
6.362741589546203613e-01
2.582739591598510742e-01
1.558042883872985840e+00
1.226522326469421387e+00
5.459654331207275391e-01
3.059148788452148438e-03
1.200485676527023315e-01
3.328553140163421631e-01
8.059703111648559570e-01
4.836306869983673096e-01
8.247847110033035278e-02
4.714958369731903076e-01
3.408866524696350098e-01
6.806621551513671875e-01
4.034130275249481201e-01
6.363859176635742188e-01
7.595226168632507324e-01
2.714147269725799561e-01
4.440327882766723633e-01
4.176874160766601562e-01
5.298228859901428223e-01
6.540612578392028809e-01
5.034934878349304199e-01
7.028720974922180176e-01
4.026146829128265381e-01
5.938022136688232422e-01
9.392619132995605469e-01
8.826113939285278320e-01
7.680968046188354492e-01
8.795936107635498047e-01
6.867774724960327148e-01
9.520514011383056641e-01
3.029812574386596680e-01
3.513289988040924072e-01
6.029193401336669922e-01
5.285615324974060059e-01
6.945213675498962402e-01
6.204030513763427734e-01
6.143995523452758789e-01
2.684129476547241211e-01
9.058964997529983521e-02
7.111588716506958008e-01
5.397862195968627930e-01
3.006660640239715576e-01
2.352870441973209381e-02
5.125307440757751465e-01
6.118927001953125000e-01
6.650624871253967285e-01
7.647438049316406250e-01
6.564722657203674316e-01
3.107731044292449951e-01
6.439542174339294434e-01
8.564097285270690918e-01
9.200856685638427734e-01
5.696762800216674805e-01
6.509477496147155762e-01
5.642954111099243164e-01
9.594600200653076172e-01
4.586744308471679688e-01
6.383179426193237305e-01
4.082190394401550293e-01
8.280045986175537109e-01
6.661003232002258301e-01
6.508200168609619141e-01
8.877367377281188965e-01
4.232758283615112305e-01
7.772139310836791992e-01
5.448956489562988281e-01
1.058917760848999023e+00
4.587223231792449951e-01
5.953829288482666016e-01
7.259442210197448730e-01
7.771341204643249512e-01
3.745927810668945312e-01
6.147508025169372559e-01
7.091630101203918457e-01
5.093373656272888184e-01
3.759020566940307617e-01
4.898417890071868896e-01
6.945213675498962402e-01
5.882776975631713867e-01
6.369767189025878906e-01
4.515212476253509521e-01
4.218547642230987549e-01
3.736826479434967041e-01
5.351238846778869629e-01
3.662261068820953369e-01
1.058838009834289551e+00
1.005748033523559570e+00
1.180681347846984863e+00
8.802801966667175293e-01
1.225292801856994629e+00
8.503103852272033691e-01
2.516476809978485107e-01
1.356961131095886230e-01
1.947257220745086670e-01
-2.943347766995429993e-02
-3.043673932552337646e-01
-6.232102513313293457e-01
-1.951538622379302979e-01
-4.937612637877464294e-02
2.756778895854949951e-01
8.223683238029479980e-01
5.755041837692260742e-01
-8.966059237718582153e-02
-5.962145049124956131e-03
-9.259850531816482544e-02
-1.127487197518348694e-01
1.796689331531524658e-01
3.508500158786773682e-01
6.261565536260604858e-02
-7.043645530939102173e-02
-1.831946521997451782e-01
1.652348637580871582e-01
3.717027604579925537e-01
4.290718138217926025e-01
-1.149681210517883301e-01
5.612776875495910645e-01
5.867767930030822754e-01
7.554829716682434082e-01
-9.028330445289611816e-02
4.022474288940429688e-01
-1.410420686006546021e-01
-1.075754463672637939e-01
1.748469322919845581e-01
3.419564366340637207e-01
5.676963925361633301e-01
5.737957358360290527e-01
5.065751075744628906e-01
8.628603219985961914e-01
4.344047605991363525e-01
7.102647423744201660e-01
3.104377985000610352e-01
8.403310775756835938e-01
5.109021067619323730e-01
7.472280859947204590e-01
6.204509735107421875e-01
7.486650943756103516e-01
5.397383570671081543e-01
4.961008131504058838e-01
1.639415472745895386e-01
1.561497002840042114e-01
1.381709873676300049e-01
3.111882507801055908e-01
5.088264346122741699e-01
2.923313379287719727e-01
5.517773628234863281e-01
3.000912666320800781e-01
7.756332159042358398e-01
5.464923381805419922e-01
5.891398787498474121e-01
5.988477468490600586e-01
5.021044015884399414e-01
5.134887695312500000e-01
5.587868690490722656e-01
4.667856097221374512e-01
-4.610291123390197754e-02
-3.680752813816070557e-01
-4.957944452762603760e-01
-1.997842639684677124e-01
-9.933652728796005249e-02
-5.844531953334808350e-02
3.386512994766235352e-01
9.073600769042968750e-01
1.475914567708969116e-01
2.789510786533355713e-01
4.146377444267272949e-01
3.943917155265808105e-01
1.763158887624740601e-01
-3.085028231143951416e-01
-2.720983028411865234e-01
-2.434003725647926331e-02
6.749619245529174805e-01
1.703762114048004150e-01
3.360008001327514648e-01
5.835993885993957520e-01
7.562174797058105469e-01
1.019910693168640137e+00
8.355569243431091309e-01
6.686390638351440430e-01
3.808038830757141113e-01
7.600015997886657715e-01
2.925548851490020752e-01
7.371210455894470215e-01
5.605431795120239258e-01
5.308128595352172852e-01
8.667562603950500488e-01
6.255763769149780273e-01
5.002362728118896484e-01
7.541098594665527344e-01
8.281642794609069824e-01
6.759199500083923340e-01
7.687035799026489258e-01
1.067507982254028320e+00
5.734125375747680664e-01
6.908170580863952637e-01
3.390344977378845215e-01
3.596477508544921875e-01
3.112521171569824219e-01
6.907532215118408203e-01
8.216338157653808594e-01
6.826580166816711426e-01
6.310529708862304688e-01
7.236769199371337891e-01
4.391628801822662354e-01
6.661642193794250488e-01
7.453280687332153320e-01
5.481528639793395996e-01
2.681255340576171875e-01
2.456122040748596191e-01
5.164426565170288086e-01
3.156430125236511230e-01
7.184557914733886719e-01
8.639141321182250977e-01
6.614060401916503906e-01
7.145758271217346191e-01
1.202492117881774902e+00
1.143957495689392090e+00
1.117085218429565430e+00
8.440992236137390137e-01
9.097551107406616211e-01
6.426130533218383789e-01
5.239470601081848145e-01
1.047677159309387207e+00
8.329543471336364746e-01
3.511693477630615234e-01
6.308933496475219727e-01
6.862026453018188477e-01
7.615184783935546875e-01
5.058087110519409180e-01
2.113153189420700073e-01
3.993095159530639648e-01
6.415591835975646973e-01
4.208967685699462891e-01
8.415604829788208008e-01
7.740365266799926758e-01
5.938022136688232422e-01
2.377724498510360718e-01
5.290724635124206543e-01
4.919653832912445068e-01
5.741150379180908203e-01
5.764781832695007324e-01
5.428199768066406250e-01
6.288815140724182129e-01
3.912781774997711182e-01
1.256369799375534058e-01
2.415087074041366577e-01
6.204669475555419922e-01
3.756306171417236328e-01
7.366474717855453491e-02
4.421486854553222656e-01
3.474330902099609375e-01
7.686716318130493164e-01
1.225260853767395020e+00
8.953529596328735352e-01
1.136500954627990723e+00
9.819573760032653809e-01
8.457917571067810059e-01
6.806142330169677734e-01
9.862844347953796387e-01
8.098502755165100098e-01
8.236296772956848145e-01
8.169395327568054199e-01
5.610381960868835449e-01
5.571262836456298828e-01
4.007944464683532715e-01
5.089861154556274414e-01
5.884692668914794922e-01
6.677768230438232422e-01
5.903055071830749512e-01
5.506117939949035645e-01
8.543819189071655273e-01
6.173374056816101074e-01
5.414308309555053711e-01
9.167965054512023926e-01
8.836811780929565430e-01
9.547976851463317871e-01
1.204823255538940430e+00
8.656385540962219238e-01
1.024445295333862305e+00
9.921921491622924805e-01
7.054427266120910645e-01
4.268843531608581543e-01
5.554656982421875000e-01
4.671688079833984375e-01
2.921237647533416748e-01
4.363207817077636719e-01
1.307304203510284424e-01
3.252870142459869385e-01
6.092103123664855957e-01
3.334460854530334473e-01
6.051227450370788574e-01
3.173993527889251709e-01
4.865685999393463135e-01
1.489645987749099731e-01
6.663931161165237427e-02
-1.421702839434146881e-02
1.773856729269027710e-01
9.801425784826278687e-02
1.656180769205093384e-01
1.776092052459716797e-01
6.064001321792602539e-01
6.920145750045776367e-01
6.149264574050903320e-01
1.003145456314086914e+00
6.911683678627014160e-01
8.874972462654113770e-01
5.632256269454956055e-01
3.694674074649810791e-01
2.062378376722335815e-01
5.143509507179260254e-01
1.983502060174942017e-01
3.598393499851226807e-01
3.152757585048675537e-01
5.760310888290405273e-01
3.312905728816986084e-01
9.490177035331726074e-01
4.265011250972747803e-01
8.627645373344421387e-01
3.175270855426788330e-01
4.142225980758666992e-01
3.144933879375457764e-01
1.414920985698699951e-01
2.677583098411560059e-01
4.630333781242370605e-01
8.062630891799926758e-02
5.563812330365180969e-02
2.592958211898803711e-01
1.206233799457550049e-01
3.828211501240730286e-02
-7.409287244081497192e-02
-4.070185422897338867e-01
2.482202276587486267e-02
-1.964152455329895020e-01
-5.354348570108413696e-02
1.794029213488101959e-02
1.600615978240966797e-01
2.356967628002166748e-01
3.853704333305358887e-01
3.002030253410339355e-01
6.148465871810913086e-01
6.135692596435546875e-01
5.256714820861816406e-01
5.029346346855163574e-01
5.520967245101928711e-01
2.640379965305328369e-01
3.041787743568420410e-01
3.741776347160339355e-01
4.048500359058380127e-01
3.051527440547943115e-01
2.494975738227367401e-02
-1.171715483069419861e-01
5.643646791577339172e-02
9.383092820644378662e-02
1.944542825222015381e-01
-9.690956026315689087e-02
-3.891780972480773926e-02
-9.570662863552570343e-03
3.248612955212593079e-02
-7.736608386039733887e-02
-1.659663766622543335e-01
-3.497293293476104736e-01
-2.725932598114013672e-01
-2.329155653715133667e-01
-9.766000509262084961e-02
-1.357091218233108521e-01
-6.775456070899963379e-01
-9.385988861322402954e-02
-7.796698212623596191e-01
2.621379494667053223e-01
-8.225195854902267456e-02
3.342125117778778076e-01
5.781866312026977539e-01
1.872053146362304688e-01
2.981752157211303711e-01
3.224928081035614014e-01
4.234993755817413330e-01
2.396884858608245850e-01
2.229232490062713623e-01
2.907186746597290039e-01
1.735216826200485229e-01
2.262124270200729370e-01
3.079788982868194580e-01
3.563905060291290283e-01
2.915649414062500000e-01
4.101670086383819580e-01
2.959717810153961182e-01
4.359216094017028809e-01
8.319698274135589600e-02
2.749114632606506348e-01
8.908662796020507812e-01
5.479133725166320801e-01
6.109347343444824219e-01
6.193652153015136719e-01
5.355709791183471680e-01
4.462202489376068115e-01
5.154367089271545410e-01
3.499239385128021240e-01
1.865187287330627441e-01
8.349502086639404297e-01
4.268683791160583496e-01
4.504514634609222412e-01
6.636254787445068359e-01
4.843332171440124512e-01
1.889456957578659058e-01
3.886436522006988525e-01
1.214850425720214844e+00
9.638828635215759277e-01
2.211988270282745361e-01
2.671834826469421387e-01
4.121149778366088867e-01
5.625071525573730469e-01
7.048998475074768066e-01
7.246189713478088379e-01
9.083979129791259766e-01
6.147987246513366699e-01
1.652667969465255737e-01
1.556866616010665894e-01
3.687489032745361328e-01
6.670104265213012695e-01
9.213470816612243652e-01
4.855786263942718506e-01
8.172269463539123535e-01
4.296625852584838867e-01
7.405858635902404785e-01
7.752020955085754395e-01
7.460465431213378906e-01
7.763996124267578125e-01
7.956716418266296387e-01
1.198883533477783203e+00
5.614373683929443359e-01
1.053968071937561035e+00
7.942665815353393555e-01
5.439216494560241699e-01
5.219991207122802734e-01
9.425032138824462891e-01
4.767649173736572266e-01
8.083972930908203125e-01
9.062423706054687500e-01
1.211210012435913086e+00
1.116398572921752930e+00
4.979849159717559814e-01
1.102954506874084473e+00
6.989122629165649414e-01
4.926359951496124268e-01
2.730273604393005371e-01
1.135878205299377441e+00
1.131551146507263184e+00
1.320231914520263672e+00
8.898284435272216797e-01
8.483783602714538574e-01
5.205461382865905762e-01
4.222699105739593506e-01
5.772445797920227051e-01
5.113172531127929688e-01
7.431086301803588867e-01
5.763344764709472656e-01
6.073580980300903320e-01
5.193166732788085938e-01
6.949738413095474243e-02
5.597288608551025391e-01
5.002521872520446777e-01
3.649382293224334717e-02
3.894260227680206299e-01
4.907199740409851074e-01
5.933711528778076172e-01
5.681114792823791504e-01
5.060162544250488281e-01
6.107271313667297363e-01
7.688313126564025879e-01
9.846078753471374512e-01
7.946977019309997559e-01
8.428218960762023926e-01
4.397536516189575195e-01
7.999348044395446777e-01
2.626968026161193848e-01
6.557058691978454590e-01
5.114130973815917969e-01
4.103107154369354248e-01
6.681759953498840332e-01
3.768600821495056152e-01
3.187565505504608154e-01
-8.747313171625137329e-02
6.655947864055633545e-02
1.173980608582496643e-01
