-4.456931304931640625e+01
-1.145489501953125000e+01
1.221492648124694824e+00
2.880452871322631836e+00
2.543168067932128906e+00
3.321745872497558594e+00
1.893235802650451660e+00
9.315019845962524414e-01
6.837437152862548828e-01
1.551656126976013184e+00
1.069376111030578613e+00
1.610036343336105347e-01
-2.400527596473693848e-01
-6.291604787111282349e-02
3.355591371655464172e-02
6.870489120483398438e-01
6.721358299255371094e-01
6.565201878547668457e-01
1.590120315551757812e+00
1.024493217468261719e+00
1.845123246312141418e-02
3.911823630332946777e-01
2.464424818754196167e-01
-7.856360077857971191e-02
1.022295132279396057e-01
3.544265925884246826e-01
1.089957475662231445e+00
6.478980779647827148e-01
-5.234650969505310059e-01
-8.647414445877075195e-01
-9.795433878898620605e-01
-2.132443487644195557e-01
2.157381474971771240e-01
3.840132355690002441e-01
7.064965367317199707e-01
2.601899802684783936e-01
6.172151118516921997e-02
4.086874797940254211e-02
-1.827475875616073608e-01
-1.572165191173553467e-01
5.009387731552124023e-01
2.575075328350067139e-01
-3.947719335556030273e-01
-5.855708941817283630e-02
-2.828120887279510498e-01
8.143689036369323730e-01
1.194577962160110474e-01
6.523422896862030029e-02
-3.446837961673736572e-01
-8.532292842864990234e-01
-2.804435789585113525e-02
-4.496926441788673401e-02
2.533242106437683105e-01
3.619310259819030762e-01
1.318757538683712482e-03
3.000433444976806641e-01
-2.416175156831741333e-01
-5.883066058158874512e-01
-4.148742556571960449e-01
-5.632545948028564453e-01
-5.015744566917419434e-01
-2.134838551282882690e-01
-6.361913681030273438e-01
-2.084383070468902588e-01
-7.706271857023239136e-02
7.157733440399169922e-01
6.887413859367370605e-01
4.276826977729797363e-01
1.213099509477615356e-01
9.165090918540954590e-01
-1.867781639099121094e+00
-1.383154511451721191e+00
-7.515042424201965332e-01
1.065432310104370117e+00
-3.817110061645507812e-01
-3.497453033924102783e-01
-1.130494356155395508e+00
-3.081675171852111816e-01
7.570317983627319336e-01
6.197643876075744629e-01
5.263261198997497559e-01
1.243910193443298340e+00
7.331612706184387207e-01
3.546181917190551758e-01
1.588002145290374756e-01
4.355118796229362488e-02
7.232353091239929199e-02
3.789890930056571960e-02
4.480564296245574951e-01
-1.771112680435180664e-01
-6.938263773918151855e-02
2.781048417091369629e-01
-3.963207304477691650e-01
4.877236112952232361e-02
-5.906857252120971680e-01
-6.754379868507385254e-01
1.755708642303943634e-02
1.863590627908706665e-01
8.161731362342834473e-01
-4.697843790054321289e-01
-5.137252807617187500e-01
-1.542855381965637207e+00
-8.694197535514831543e-01
-9.725658893585205078e-01
-1.773561000823974609e+00
-5.736649632453918457e-01
-5.944858193397521973e-01
-4.225489124655723572e-02
1.734418421983718872e-01
-1.681059449911117554e-01
-2.020515501499176025e-01
-1.133075580000877380e-01
7.785349152982234955e-03
-2.267044335603713989e-01
1.679013371467590332e-01
-1.917369514703750610e-01
3.928110003471374512e-01
3.244088292121887207e-01
2.642136514186859131e-01
1.419391632080078125e-01
2.733467221260070801e-01
5.033178329467773438e-01
-1.648432761430740356e-02
2.196819633245468140e-01
7.017384171485900879e-01
9.689657390117645264e-02
-2.858617603778839111e-01
-4.439180195331573486e-01
-4.642279148101806641e-01
-2.945158183574676514e-01
1.860716640949249268e-01
2.106127738952636719e-01
6.242351531982421875e-01
5.264219641685485840e-01
1.517802011221647263e-02
-2.353265583515167236e-01
3.080267906188964844e-01
1.060456037521362305e-01
2.509770691394805908e-01
6.892257928848266602e-02
4.674456641077995300e-02
2.315932661294937134e-01
8.541637659072875977e-02
1.667357534170150757e-01
7.824724167585372925e-02
4.018217325210571289e-02
1.336842924356460571e-01
1.099255606532096863e-01
-4.764628130942583084e-03
2.920598983764648438e-01
4.514414370059967041e-01
1.867477037012577057e-02
6.638384610414505005e-02
-1.782608926296234131e-01
-3.231604099273681641e-01
3.636235296726226807e-01
1.962265968322753906e-01
6.150062680244445801e-01
7.730519771575927734e-02
-2.062508463859558105e-01
-2.006464749574661255e-01
-1.193430498242378235e-01
-1.291147917509078979e-01
-3.388239443302154541e-01
-1.821248680353164673e-01
-5.407039076089859009e-02
-1.678185462951660156e-01
-6.567832082509994507e-02
1.518386453390121460e-01
7.873848080635070801e-01
5.426443219184875488e-01
6.390523910522460938e-01
4.115082323551177979e-01
1.627919375896453857e-01
2.648203969001770020e-01
3.192994296550750732e-01
4.459168910980224609e-01
1.965778768062591553e-01
2.795418500900268555e-01
3.859133124351501465e-01
5.965485572814941406e-01
9.848633408546447754e-01
6.337513923645019531e-01
5.056330561637878418e-01
4.671209156513214111e-01
9.660543799400329590e-01
8.294735550880432129e-01
3.727885186672210693e-01
8.615627884864807129e-03
-1.303921341896057129e-01
4.007624983787536621e-01
1.720846593379974365e-01
2.602218985557556152e-01
1.230982467532157898e-01
4.043071568012237549e-01
6.351565122604370117e-01
-4.605501145124435425e-02
4.377418458461761475e-01
2.919002473354339600e-01
3.071007132530212402e-01
1.010793566703796387e+00
8.624451756477355957e-01
2.924750447273254395e-01
2.399120181798934937e-01
1.350095421075820923e-01
3.473692238330841064e-01
1.009521633386611938e-01
-5.649735778570175171e-02
2.351858168840408325e-01
7.036864161491394043e-01
7.134261727333068848e-01
3.702018857002258301e-01
4.111729264259338379e-01
4.382846951484680176e-01
5.845414400100708008e-01
-3.154110535979270935e-02
-3.136005485430359840e-03
-7.268778979778289795e-02
-4.301545619964599609e-01
-2.507984638214111328e-01
-1.552046984434127808e-01
-2.362047433853149414e-01
-1.923756152391433716e-01
-1.797298341989517212e-01
2.891539335250854492e-01
-1.995128244161605835e-01
-6.907927244901657104e-02
1.386499851942062378e-01
5.635609626770019531e-01
2.639741301536560059e-01
-1.289551109075546265e-01
8.578627109527587891e-01
6.113657951354980469e-01
-1.391739398241043091e-01
-1.920882165431976318e-01
1.616423130035400391e-01
1.971207559108734131e-01
5.663711428642272949e-01
5.236597061157226562e-01
9.517001509666442871e-01
7.291535735130310059e-01
1.001756310462951660e+00
6.180559396743774414e-01
5.515857934951782227e-01
3.525424897670745850e-01
5.050582289695739746e-01
4.767968356609344482e-01
2.277452498674392700e-01
4.576685130596160889e-01
6.509317755699157715e-01
5.772924423217773438e-01
3.312426507472991943e-01
1.451644748449325562e-01
1.476712822914123535e-01
4.114922583103179932e-01
3.475767970085144043e-01
4.448471069335937500e-01
3.433775007724761963e-01
1.568043529987335205e-01
3.088091909885406494e-01
6.354598402976989746e-01
7.855326533317565918e-01
9.072003960609436035e-01
5.626667737960815430e-01
4.969789981842041016e-01
4.044348895549774170e-01
1.368457376956939697e-01
1.717333942651748657e-01
3.055678904056549072e-01
2.475122660398483276e-01
1.961946636438369751e-01
2.107085734605789185e-01
2.295654714107513428e-01
4.671847820281982422e-01
3.502272963523864746e-01
2.253023087978363037e-01
6.711458563804626465e-01
3.930664658546447754e-01
3.170001804828643799e-01
4.115401506423950195e-01
2.608286440372467041e-01
2.232425808906555176e-01
6.586597561836242676e-01
4.503556787967681885e-01
1.471763104200363159e-01
5.453586578369140625e-01
5.970435142517089844e-01
4.262776076793670654e-01
3.798618614673614502e-01
8.181051611900329590e-01
6.785066127777099609e-01
1.122338294982910156e+00
4.601912796497344971e-01
-2.539758980274200439e-01
-7.234663963317871094e-01
-1.880645602941513062e-01
2.837571203708648682e-01
3.014803826808929443e-01
3.037157356739044189e-01
4.935620725154876709e-01
9.217622280120849609e-01
6.129624843597412109e-01
4.009860455989837646e-01
3.787441551685333252e-01
3.916613757610321045e-01
4.267566204071044922e-01
2.708079814910888672e-01
-5.777471140027046204e-02
2.025175541639328003e-01
5.684468150138854980e-01
6.398188471794128418e-01
6.323782205581665039e-01
9.072483181953430176e-01
5.531185865402221680e-01
4.814432263374328613e-01
7.805829644203186035e-01
6.486644744873046875e-01
4.612770378589630127e-01
1.891213357448577881e-01
3.138227760791778564e-01
7.912542670965194702e-02
-3.449552357196807861e-01
-1.332661807537078857e-01
-7.297518849372863770e-02
2.235459536314010620e-01
1.118894889950752258e-01
4.022793769836425781e-01
5.929454416036605835e-02
2.176222354173660278e-01
2.225081026554107666e-01
-2.790065482258796692e-02
4.506430923938751221e-01
4.487589895725250244e-01
6.821949481964111328e-01
6.037815213203430176e-01
9.105854034423828125e-01
7.094344496726989746e-01
4.044987559318542480e-01
1.937357634305953979e-01
-3.593200072646141052e-02
3.448199108242988586e-02
1.829698099754750729e-03
1.793336272239685059e-01
-1.697984337806701660e-01
1.044010147452354431e-01
-2.694637477397918701e-01
-1.354641932994127274e-02
-1.484027951955795288e-01
-1.300408691167831421e-01
6.058786064386367798e-02
-3.127979040145874023e-01
-1.448421776294708252e-01
-8.768069744110107422e-02
2.571243345737457275e-01
-8.070316910743713379e-02
-3.087742626667022705e-01
-2.535128593444824219e-01
-4.631048068404197693e-02
1.430249214172363281e-01
1.368297636508941650e-01
-4.551213607192039490e-02
1.260680854320526123e-01
3.325519561767578125e-01
1.948908157646656036e-02
1.339557170867919922e-01
3.148021548986434937e-02
2.799410223960876465e-01
2.599824070930480957e-01
1.942786425352096558e-01
7.251778244972229004e-01
2.006334662437438965e-01
-1.520697586238384247e-02
8.539667725563049316e-01
7.627639174461364746e-01
-2.154583111405372620e-02
-5.244550108909606934e-01
-4.747341275215148926e-01
-1.971656829118728638e-01
1.151467338204383850e-01
1.664962470531463623e-01
2.647245824337005615e-01
2.937045097351074219e-01
-3.686181604862213135e-01
-8.376880735158920288e-02
6.925734281539916992e-01
5.356507897377014160e-01
5.864415168762207031e-01
3.000114262104034424e-01
1.359196454286575317e-01
5.858826637268066406e-01
3.071326613426208496e-01
3.558157086372375488e-01
1.323111355304718018e-01
2.253502160310745239e-01
5.582599043846130371e-01
2.831503748893737793e-01
-1.267995834350585938e-01
4.564869701862335205e-01
5.852599740028381348e-01
2.931296825408935547e-01
8.157420158386230469e-01
5.552102327346801758e-01
4.023112952709197998e-01
6.840630769729614258e-01
1.110592111945152283e-01
1.103885993361473083e-01
3.435052335262298584e-01
2.199693769216537476e-01
1.258764863014221191e-01
2.313378006219863892e-01
9.896215200424194336e-01
4.863450527191162109e-01
5.807413458824157715e-01
1.142424702644348145e+00
1.096216440200805664e+00
3.653479516506195068e-01
3.785046637058258057e-01
6.477224230766296387e-01
8.928036689758300781e-02
-1.280928999185562134e-01
2.803082764148712158e-01
-3.774681128561496735e-03
-2.457050383090972900e-01
-6.863220036029815674e-02
4.001195542514324188e-03
-5.031817033886909485e-02
7.686556577682495117e-01
1.121923208236694336e+00
5.909122228622436523e-01
2.678540945053100586e-01
2.128800749778747559e-01
9.367126226425170898e-02
3.205927312374114990e-01
1.959232389926910400e-01
3.349204733967781067e-02
-3.152513876557350159e-02
5.023279190063476562e-01
6.320429444313049316e-01
2.689717710018157959e-01
2.832302153110504150e-01
1.501940488815307617e-01
3.868234157562255859e-01
5.651257038116455078e-01
1.517747789621353149e-01
8.014730364084243774e-02
9.612004160881042480e-01
8.405545949935913086e-01
4.622829556465148926e-01
2.346908450126647949e-01
4.867921173572540283e-01
4.568063020706176758e-01
8.940436840057373047e-01
7.003333568572998047e-01
9.578473567962646484e-01
8.771666884422302246e-01
5.582599043846130371e-01
7.494475245475769043e-01
9.800892472267150879e-01
-2.827482223510742188e-01
-2.077357769012451172e-01
5.488394498825073242e-01
6.412877440452575684e-01
6.151819229125976562e-01
7.374244332313537598e-01
4.586584568023681641e-01
6.618691086769104004e-01
6.594261527061462402e-01
6.517620682716369629e-01
5.414308309555053711e-01
5.979216694831848145e-01
5.615012049674987793e-01
3.135353624820709229e-01
4.418772459030151367e-01
5.261983871459960938e-01
4.661309719085693359e-01
6.538537144660949707e-01
6.157248020172119141e-01
6.444492340087890625e-01
1.900314539670944214e-01
-4.580487310886383057e-01
1.972804218530654907e-01
2.218055576086044312e-01
3.258458375930786133e-01
1.256210207939147949e-01
3.337813913822174072e-01
2.770190834999084473e-01
3.049611449241638184e-01
3.541072607040405273e-01
4.611173570156097412e-01
3.458204269409179688e-01
4.658489674329757690e-02
5.459015369415283203e-01
1.982224583625793457e-01
4.248405694961547852e-01
1.024051532149314880e-01
-3.219575062394142151e-02
1.961627304553985596e-01
2.190008200705051422e-02
3.829434514045715332e-01
5.091138482093811035e-01
5.019287467002868652e-01
1.016605496406555176e+00
6.354917883872985840e-01
8.830265402793884277e-01
4.729647934436798096e-01
2.971852719783782959e-01
4.436974823474884033e-01
3.011929690837860107e-01
5.268530845642089844e-01
2.472248524427413940e-01
6.727799028158187866e-02
3.069091141223907471e-01
3.314342498779296875e-01
3.614200949668884277e-01
5.413988828659057617e-01
3.284005522727966309e-01
4.684940576553344727e-01
2.684288918972015381e-01
5.808371305465698242e-01
6.941062808036804199e-01
3.822568953037261963e-01
5.260547399520874023e-01
5.961174368858337402e-01
4.221421778202056885e-01
2.272183448076248169e-01
3.666891753673553467e-01
5.640079975128173828e-01
4.062391519546508789e-01
5.360659360885620117e-01
6.051067709922790527e-01
3.601906299591064453e-01
1.534193605184555054e-01
4.312273263931274414e-01
6.177206635475158691e-01
4.251279830932617188e-01
3.923958539962768555e-01
4.094485044479370117e-01
7.499904036521911621e-01
6.805982589721679688e-01
3.860729634761810303e-01
3.365596234798431396e-01
4.833752214908599854e-01
3.712876141071319580e-01
3.850830197334289551e-01
5.399938225746154785e-01
4.796070158481597900e-01
3.697228729724884033e-01
-2.936960943043231964e-02
-3.463868424296379089e-02
5.778672695159912109e-01
5.736360549926757812e-01
5.330322384834289551e-01
4.564550220966339111e-01
8.568089008331298828e-01
5.358743667602539062e-01
5.728377103805541992e-01
5.736680030822753906e-01
5.199393630027770996e-01
5.497336387634277344e-01
5.396425127983093262e-01
6.965172290802001953e-01
5.124509334564208984e-01
7.014191150665283203e-01
1.047198057174682617e+00
6.623800396919250488e-01
8.037828207015991211e-01
8.598106503486633301e-01
3.120504617691040039e-01
3.716708421707153320e-01
5.862978100776672363e-01
4.319618046283721924e-01
8.450572490692138672e-01
3.446548581123352051e-01
4.458051025867462158e-01
4.436176419258117676e-01
6.287537813186645508e-01
2.953331172466278076e-01
5.177040100097656250e-01
5.621398687362670898e-01
9.500395655632019043e-01
7.775492072105407715e-01
6.078531146049499512e-01
5.116046667098999023e-01
4.875904619693756104e-01
7.284031510353088379e-01
7.405060529708862305e-01
3.568216264247894287e-01
4.623308479785919189e-01
7.541417479515075684e-01
2.928263247013092041e-01
2.620581090450286865e-01
1.692425608634948730e-01
3.800374865531921387e-01
1.524453908205032349e-01
3.867116570472717285e-01
3.519198000431060791e-01
4.708890914916992188e-01
1.786789894104003906e-01
5.635449886322021484e-01
6.090666055679321289e-01
3.764289617538452148e-01
4.138393998146057129e-01
9.209159612655639648e-01
2.793502509593963623e-01
3.033644556999206543e-01
6.232611536979675293e-01
3.041947484016418457e-01
6.706828474998474121e-01
3.570451438426971436e-01
-1.991455852985382080e-01
1.112508103251457214e-01
3.842687010765075684e-01
-6.024957820773124695e-02
2.566772699356079102e-01
8.661495447158813477e-01
5.099441409111022949e-01
3.181019127368927002e-01
2.763804197311401367e-01
2.142691910266876221e-01
3.461717069149017334e-01
6.326017975807189941e-01
3.012887835502624512e-01
2.651716470718383789e-01
3.716708421707153320e-01
3.216625154018402100e-01
3.888511955738067627e-01
5.392966791987419128e-02
1.029799580574035645e-01
4.652048945426940918e-01
3.761734962463378906e-01
2.649960219860076904e-01
4.589777886867523193e-01
3.843006491661071777e-01
1.395760625600814819e-01
1.805206015706062317e-02
-1.127008199691772461e-01
3.331746459007263184e-01
6.052983999252319336e-01
1.090633496642112732e-01
2.301881760358810425e-01
3.103579580783843994e-01
4.353787302970886230e-01
3.609251081943511963e-01
3.270274102687835693e-01
6.489518880844116211e-01
9.885038137435913086e-01
5.363533496856689453e-01
3.946312367916107178e-01
6.957668066024780273e-01
6.622842550277709961e-01
3.095915615558624268e-01
3.058872222900390625e-01
-2.003909945487976074e-01
1.808824241161346436e-01
6.360027194023132324e-01
5.323137044906616211e-01
1.186913847923278809e-01
2.704407274723052979e-01
6.567596793174743652e-01
2.625211477279663086e-01
5.270606279373168945e-01
4.091131985187530518e-01
2.621114253997802734e-02
6.892257928848266602e-02
-2.360556088387966156e-02
3.270912766456604004e-01
5.652214884757995605e-01
2.163448929786682129e-01
3.252391219139099121e-01
7.467650771141052246e-01
2.003780007362365723e-01
3.749600052833557129e-01
-6.357069313526153564e-02
1.806269437074661255e-01
6.017218232154846191e-01
-1.102738529443740845e-01
-8.862274885177612305e-02
2.875572443008422852e-01
3.579073846340179443e-01
-4.892363213002681732e-03
2.206559479236602783e-01
4.030297994613647461e-01
2.926347255706787109e-01
-2.651846408843994141e-01
-1.234146058559417725e-01
2.805956900119781494e-01
-1.681059449911117554e-01
2.835655212402343750e-01
2.862160205841064453e-01
2.327109575271606445e-01
3.204490542411804199e-01
5.133131146430969238e-01
6.484090089797973633e-01
6.819075345993041992e-01
6.906573772430419922e-01
2.826394438743591309e-01
3.207843601703643799e-01
1.555269956588745117e-01
2.703768610954284668e-01
-1.274807471781969070e-02
-2.768245041370391846e-01
-5.857305601239204407e-02
4.277784824371337891e-01
3.024064600467681885e-01
4.603190124034881592e-01
8.938520550727844238e-01
6.461736559867858887e-01
3.944076895713806152e-01
3.451977372169494629e-01
1.865347027778625488e-01
3.617394268512725830e-01
3.619789183139801025e-01
2.598760649561882019e-02
9.333595633506774902e-02
2.224123030900955200e-01
1.113466098904609680e-01
4.130410552024841309e-01
1.562774330377578735e-01
4.284650683403015137e-01
5.092789232730865479e-02
7.120584696531295776e-02
3.196507096290588379e-01
3.859931230545043945e-01
3.160741031169891357e-01
2.636707723140716553e-01
4.657158255577087402e-01
1.223797351121902466e-01
2.542502880096435547e-01
3.148021548986434937e-02
3.238819241523742676e-01
7.762453705072402954e-02
3.134555518627166748e-01
1.535311341285705566e-01
2.012721449136734009e-01
2.278570234775543213e-01
3.611007630825042725e-01
3.983195722103118896e-01
1.363028585910797119e-01
2.005334012210369110e-03
1.422904431819915771e-01
-8.687067311257123947e-04
5.163787603378295898e-01
6.052345037460327148e-01
1.431207209825515747e-01
-8.009642362594604492e-02
2.513123750686645508e-01
-7.948968559503555298e-02
-7.362983375787734985e-02
-1.060266569256782532e-01
5.924664437770843506e-02
2.976163923740386963e-01
2.364791333675384521e-01
1.532118022441864014e-01
1.063010767102241516e-01
1.036505699157714844e-01
-1.568598300218582153e-02
1.038795243948698044e-02
1.325666010379791260e-01
1.838841885328292847e-01
1.653147041797637939e-01
5.413988828659057617e-01
2.078185677528381348e-01
3.272190093994140625e-01
-3.096629865467548370e-02
8.372388780117034912e-02
3.403118550777435303e-01
9.790249168872833252e-02
1.785193234682083130e-01
-1.583022773265838623e-01
-9.804749861359596252e-04
-4.963159561157226562e-02
-1.178261935710906982e-01
2.932574152946472168e-01
6.658129096031188965e-01
9.327314496040344238e-01
7.065284848213195801e-01
3.442876040935516357e-01
5.150270089507102966e-02
9.787055850028991699e-02
3.748377040028572083e-02
3.021190464496612549e-01
4.872446134686470032e-02
3.151480257511138916e-01
4.500522911548614502e-01
4.660671055316925049e-01
7.131387591361999512e-01
4.796070158481597900e-01
5.434426665306091309e-01
5.456300973892211914e-01
4.012095928192138672e-01
2.639262378215789795e-01
3.878293335437774658e-01
4.206572473049163818e-01
1.917718350887298584e-01
4.724698364734649658e-01
2.646926641464233398e-01
3.583225011825561523e-01
4.657796919345855713e-01
3.498919904232025146e-01
6.568076014518737793e-01
1.600136905908584595e-01
4.154201149940490723e-01
1.766511946916580200e-01
-9.540867805480957031e-02
1.551916897296905518e-01
4.395460784435272217e-01
5.975544452667236328e-01
-5.882310681045055389e-03
2.819103747606277466e-02
7.074280828237533569e-02
2.862319946289062500e-01
1.073229536414146423e-01
3.158505856990814209e-01
-6.503964960575103760e-02
3.411475569009780884e-02
2.951095700263977051e-01
2.009847313165664673e-01
5.440867319703102112e-02
3.696430325508117676e-01
7.332091927528381348e-01
6.690062880516052246e-01
4.384124279022216797e-01
1.372449100017547607e-01
8.249443769454956055e-02
3.047695457935333252e-01
3.690682351589202881e-01
5.754402875900268555e-01
4.214610159397125244e-02
6.085930019617080688e-02
2.185483127832412720e-01
1.857523173093795776e-01
2.197937369346618652e-01
4.451824128627777100e-01
-1.690000891685485840e-01
7.298082113265991211e-01
6.043723225593566895e-01
4.472101926803588867e-01
5.609423518180847168e-01
1.446216106414794922e-01
9.672094136476516724e-02
1.649634242057800293e-01
2.105010002851486206e-01
1.826228052377700806e-01
3.690522611141204834e-01
3.413656651973724365e-01
4.850038290023803711e-01
2.260846942663192749e-01
1.549042910337448120e-01
-5.074927955865859985e-02
2.941036820411682129e-01
2.732828557491302490e-01
3.898411691188812256e-01
3.115714490413665771e-01
5.340541005134582520e-01
-1.149202212691307068e-01
6.094178557395935059e-01
5.457419157028198242e-01
4.340055882930755615e-01
4.697714149951934814e-01
1.618179529905319214e-01
2.120018899440765381e-01
4.017843902111053467e-01
6.504262238740921021e-02
1.715896874666213989e-01
2.247115373611450195e-01
2.032839655876159668e-01
5.328565835952758789e-01
3.692119419574737549e-01
6.769418716430664062e-01
7.181044816970825195e-01
4.561676383018493652e-01
4.652368128299713135e-01
5.415106415748596191e-01
5.783941745758056641e-01
6.891565322875976562e-01
5.411274433135986328e-01
4.376779496669769287e-01
1.665920466184616089e-01
2.386666089296340942e-01
5.624432563781738281e-01
7.799123525619506836e-01
1.038959145545959473e+00
5.226857066154479980e-01
4.322172999382019043e-01
8.065450787544250488e-01
7.970128655433654785e-01
3.699783384799957275e-01
3.994053304195404053e-01
6.241712570190429688e-01
2.511846423149108887e-01
3.664496541023254395e-01
4.085862934589385986e-01
8.567450046539306641e-01
7.283712029457092285e-01
3.729801177978515625e-01
4.139511585235595703e-01
7.541257739067077637e-01
8.488573431968688965e-01
6.362103223800659180e-01
8.285315036773681641e-01
4.911510944366455078e-01
4.329517781734466553e-01
3.656353354454040527e-01
3.318653702735900879e-01
5.969796180725097656e-01
3.052805066108703613e-01
4.564869701862335205e-01
4.203379154205322266e-01
5.505478978157043457e-01
5.699317455291748047e-01
6.849731802940368652e-01
3.113319575786590576e-01
2.832142412662506104e-01
4.481043517589569092e-01
6.964693665504455566e-01
5.886129736900329590e-01
5.226857066154479980e-01
6.222871541976928711e-01
2.333655953407287598e-01
3.810274302959442139e-01
4.120191633701324463e-01
4.296945035457611084e-01
3.367193043231964111e-01
4.354745447635650635e-01
3.685413300991058350e-01
5.446880459785461426e-01
6.795125007629394531e-01
4.581475257873535156e-01
3.063981831073760986e-01
3.597595393657684326e-01
3.099747598171234131e-01
4.081391990184783936e-01
2.005334012210369110e-03
1.263554841279983521e-01
1.662727147340774536e-01
9.477839805185794830e-03
3.850565105676651001e-02
2.440953403711318970e-01
2.613076567649841309e-01
1.354246735572814941e-01
-1.110402643680572510e-01
1.232579126954078674e-01
-1.238457113504409790e-01
6.220593582838773727e-03
1.790941208600997925e-01
3.792391419410705566e-01
6.406171917915344238e-01
1.228108406066894531e-01
2.290226072072982788e-01
-3.551686182618141174e-02
2.151633352041244507e-01
4.044348895549774170e-01
3.856578171253204346e-01
3.356495201587677002e-01
4.653006792068481445e-01
5.003320574760437012e-01
6.470039486885070801e-01
3.715111613273620605e-01
5.288329720497131348e-01
7.065284848213195801e-01
6.228460073471069336e-01
6.344859004020690918e-01
3.083940446376800537e-01
4.338139891624450684e-01
6.404575109481811523e-01
5.286573171615600586e-01
7.877201437950134277e-01
6.680163741111755371e-01
6.229258179664611816e-01
3.768600821495056152e-01
5.001244544982910156e-01
4.843705520033836365e-02
5.007109604775905609e-03
1.526369899511337280e-01
1.324708014726638794e-01
-2.055642753839492798e-01
1.434081196784973145e-01
4.781061410903930664e-01
4.195715188980102539e-01
4.968672394752502441e-01
4.190446138381958008e-01
4.999169111251831055e-01
3.452935218811035156e-01
-6.481610983610153198e-02
4.536448419094085693e-01
4.362090229988098145e-01
1.173208832740783691e+00
8.596349954605102539e-01
3.719582259654998779e-01
4.316424727439880371e-01
1.439829319715499878e-01
2.233383804559707642e-01
2.604294717311859131e-01
-6.732290983200073242e-02
-1.294341236352920532e-01
2.561503648757934570e-01
3.756306171417236328e-01
2.831503748893737793e-01
2.004418671131134033e-01
3.091125488281250000e-01
4.823533296585083008e-01
2.566453218460083008e-01
-2.373329550027847290e-02
2.917405664920806885e-01
1.811219304800033569e-01
2.469374537467956543e-01
1.262277513742446899e-01
5.065910816192626953e-01
4.052651822566986084e-01
2.410616427659988403e-01
4.102468490600585938e-01
2.784561216831207275e-01
5.404887795448303223e-01
4.988631010055541992e-01
3.751516044139862061e-01
8.589538931846618652e-02
2.551763653755187988e-01
6.702038049697875977e-01
4.180546402931213379e-01
6.980660557746887207e-01
3.195229470729827881e-01
3.903680741786956787e-01
5.922055244445800781e-01
3.877016007900238037e-01
4.697873890399932861e-01
1.705518364906311035e-01
2.626488804817199707e-01
1.357759535312652588e-01
3.780895173549652100e-01
1.215654239058494568e-01
7.237143069505691528e-02
1.805950105190277100e-01
6.063202619552612305e-01
5.020724534988403320e-01
6.739879846572875977e-01
6.151978969573974609e-01
2.990214824676513672e-01
5.240747928619384766e-01
7.981305718421936035e-01
5.855473279953002930e-01
3.562947213649749756e-01
6.866976022720336914e-01
6.690382361412048340e-01
6.264066100120544434e-01
6.555621623992919922e-01
2.451810985803604126e-01
2.501946985721588135e-01
2.651077806949615479e-01
3.432018756866455078e-01
6.777242422103881836e-01
1.694022268056869507e-01
-1.351448521018028259e-02
2.510888576507568359e-01
5.904012918472290039e-01
3.167447149753570557e-01
3.657311499118804932e-01
-2.395683340728282928e-02
8.464996516704559326e-02
1.037623360753059387e-01
3.413337469100952148e-01
2.623934149742126465e-01
3.301569223403930664e-01
2.825755774974822998e-01
4.119393229484558105e-01
2.860563695430755615e-01
2.386346757411956787e-01
1.690828800201416016e-01
1.466653645038604736e-01
1.246630027890205383e-01
1.199687346816062927e-01
-1.428089570254087448e-02
2.924750447273254395e-01
5.512983798980712891e-01
3.842527568340301514e-01
8.921650052070617676e-02
1.053165458142757416e-02
4.718471169471740723e-01
3.205129206180572510e-01
2.756778895854949951e-01
5.094810724258422852e-01
3.433934748172760010e-01
3.764928281307220459e-01
4.046903550624847412e-01
5.681913495063781738e-01
-1.507924031466245651e-02
1.164719834923744202e-01
2.408754639327526093e-02
4.081029910594224930e-03
1.260521262884140015e-01
1.675500720739364624e-01
2.022940218448638916e-01
3.589611947536468506e-01
4.787767529487609863e-01
4.397057592868804932e-01
3.561669886112213135e-01
8.038681000471115112e-02
1.618498861789703369e-01
4.228127896785736084e-01
1.003294587135314941e-01
4.954940676689147949e-01
5.322019457817077637e-01
5.282102227210998535e-01
2.308268547058105469e-01
2.595512866973876953e-01
4.354425966739654541e-01
5.159850046038627625e-02
-1.327871829271316528e-01
2.571882009506225586e-01
1.075784265995025635e-01
-1.008533835411071777e-01
-1.799533814191818237e-01
-8.504616469144821167e-02
7.382441312074661255e-02
2.017830759286880493e-01
1.983022987842559814e-01
5.169376134872436523e-01
-1.271348893642425537e-01
-5.670492723584175110e-02
-3.723544180393218994e-01
3.929706513881683350e-01
3.668488264083862305e-01
4.104863405227661133e-01
2.627127468585968018e-01
2.845235466957092285e-01
4.939133524894714355e-01
3.873822391033172607e-01
3.436649143695831299e-01
-7.011711597442626953e-02
1.113146767020225525e-01
3.619310259819030762e-01
2.126140519976615906e-02
1.470805108547210693e-01
4.536448419094085693e-01
1.345145702362060547e-01
-3.170610666275024414e-01
-2.694158554077148438e-01
-1.121525280177593231e-02
3.717985749244689941e-01
4.175916016101837158e-01
4.926679432392120361e-01
1.153702661395072937e-01
2.062697857618331909e-01
2.181970477104187012e-01
1.780243515968322754e-01
3.030451238155364990e-01
2.261804938316345215e-01
2.290226072072982788e-01
2.650439143180847168e-01
2.656027674674987793e-01
5.651416778564453125e-01
1.135340780019760132e-01
-2.436612844467163086e-01
5.166778806596994400e-03
2.311302274465560913e-01
1.256529539823532104e-01
7.344120740890502930e-02
1.659533828496932983e-01
2.908464372158050537e-01
5.759831666946411133e-01
3.183573782444000244e-01
5.199872851371765137e-01
1.962265968322753906e-01
4.404881298542022705e-01
6.648229956626892090e-01
4.481362700462341309e-01
1.613229811191558838e-01
4.789044857025146484e-01
5.415106415748596191e-01
3.898571133613586426e-01
5.353314876556396484e-01
3.725011050701141357e-01
6.826260685920715332e-01
-5.818985030055046082e-02
1.835009902715682983e-01
3.360646665096282959e-01
4.466513693332672119e-01
2.522119507193565369e-02
1.310524106025695801e+00
9.713074564933776855e-01
3.198423087596893311e-01
-2.031053751707077026e-01
-1.012046560645103455e-01
7.005622982978820801e-02
5.495260357856750488e-01
2.366867065429687500e-01
-1.595476865768432617e-01
2.578907310962677002e-01
1.193300560116767883e-01
4.683344066143035889e-01
1.876683533191680908e-01
4.019121229648590088e-01
5.364810824394226074e-01
4.323184862732887268e-02
2.264678925275802612e-01
2.269469052553176880e-01
3.218860626220703125e-01
4.592013359069824219e-01
3.106772899627685547e-01
5.054414272308349609e-01
2.259888947010040283e-01
3.946951031684875488e-01
7.167792320251464844e-01
6.800553798675537109e-01
5.636886954307556152e-01
6.914078593254089355e-01
4.663225710391998291e-01
7.320435643196105957e-01
9.889243543148040771e-02
1.401029825210571289e-01
3.837577700614929199e-01
3.154034912586212158e-01
4.878459274768829346e-01
4.237867593765258789e-01
4.274751245975494385e-01
7.452695816755294800e-02
-1.141378432512283325e-01
5.154048204421997070e-01
3.286560177803039551e-01
1.089994758367538452e-01
-1.778776794672012329e-01
3.170640468597412109e-01
4.339736402034759521e-01
4.631770849227905273e-01
5.642315745353698730e-01
4.702184796333312988e-01
1.019580811262130737e-01
4.336702823638916016e-01
6.421819329261779785e-01
7.199726104736328125e-01
3.552888035774230957e-01
4.297264516353607178e-01
3.388748466968536377e-01
7.425019145011901855e-01
2.465223073959350586e-01
4.333668947219848633e-01
1.947895884513854980e-01
6.269654631614685059e-01
4.624585807323455811e-01
4.282894432544708252e-01
6.760317087173461914e-01
2.012082785367965698e-01
5.713527798652648926e-01
3.132320046424865723e-01
8.382713198661804199e-01
2.438398748636245728e-01
3.977926671504974365e-01
5.416543483734130859e-01
5.896667838096618652e-01
1.908617317676544189e-01
4.356661438941955566e-01
5.328087210655212402e-01
3.430741131305694580e-01
2.065092772245407104e-01
3.116353154182434082e-01
5.002043247222900391e-01
3.762693107128143311e-01
4.424201250076293945e-01
2.522225081920623779e-01
2.420196533203125000e-01
1.706476360559463501e-01
3.148606419563293457e-01
1.504654884338378906e-01
8.623653650283813477e-01
8.310064077377319336e-01
9.705570340156555176e-01
6.453753113746643066e-01
1.019926667213439941e+00
6.548117399215698242e-01
6.598467379808425903e-02
-5.339978262782096863e-02
1.845123246312141418e-02
-2.292591482400894165e-01
-4.809612035751342773e-01
-8.241855502128601074e-01
-3.822219669818878174e-01
-2.245968133211135864e-01
9.478894621133804321e-02
6.252729892730712891e-01
3.806442320346832275e-01
-2.887038588523864746e-01
-1.999758630990982056e-01
-2.540716826915740967e-01
-2.911467850208282471e-01
1.880250498652458191e-02
1.811219304800033569e-01
-1.067451685667037964e-01
-2.569138109683990479e-01
-3.989392817020416260e-01
-5.320817977190017700e-02
1.359835118055343628e-01
2.343555390834808350e-01
-2.967351973056793213e-01
3.700262308120727539e-01
3.732994496822357178e-01
5.526396036148071289e-01
-2.940527796745300293e-01
2.019427567720413208e-01
-3.451787531375885010e-01
-3.121272921562194824e-01
-4.659788683056831360e-02
1.223318353295326233e-01
3.819535076618194580e-01
3.906075656414031982e-01
3.129286468029022217e-01
6.669944524765014648e-01
2.386027425527572632e-01
5.243462324142456055e-01
1.017664745450019836e-01
6.397549510002136230e-01
3.002509176731109619e-01
5.618365406990051270e-01
4.419570863246917725e-01
5.704746246337890625e-01
3.550652563571929932e-01
3.180859386920928955e-01
-2.736833179369568825e-03
-2.082190476357936859e-03
-3.435127809643745422e-02
1.163761839270591736e-01
3.337973654270172119e-01
9.493264555931091309e-02
3.543467521667480469e-01
1.035867035388946533e-01
5.880541801452636719e-01
3.873822391033172607e-01
4.239464402198791504e-01
4.251758754253387451e-01
3.188523650169372559e-01
3.427068889141082764e-01
4.051533937454223633e-01
3.079629242420196533e-01
-1.996884495019912720e-01
-5.200800895690917969e-01
-6.619619131088256836e-01
-3.990989625453948975e-01
-2.990823388099670410e-01
-2.651207745075225830e-01
1.231621131300926208e-01
7.089554667472839355e-01
-6.489594280719757080e-02
7.107810676097869873e-02
2.159297466278076172e-01
2.125128358602523804e-01
-8.149608969688415527e-03
-4.840587973594665527e-01
-4.534342885017395020e-01
-2.143779993057250977e-01
4.988152086734771729e-01
-1.785748079419136047e-02
1.303312480449676514e-01
3.661143481731414795e-01
5.335591435432434082e-01
8.075670003890991211e-01
6.352363228797912598e-01
4.847802817821502686e-01
1.653785705566406250e-01
5.566951632499694824e-01
8.872152864933013916e-02
5.463486313819885254e-01
3.863124847412109375e-01
3.340528309345245361e-01
6.562647223472595215e-01
4.291197061538696289e-01
3.088730573654174805e-01
5.401535034179687500e-01
6.265024542808532715e-01
4.973302781581878662e-01
5.595053434371948242e-01
8.687361478805541992e-01
3.568535447120666504e-01
4.859937727451324463e-01
1.458350867033004761e-01
1.516949385404586792e-01
7.637912034988403320e-02
4.545709490776062012e-01
6.083161234855651855e-01
4.877820611000061035e-01
4.205295145511627197e-01
5.314515233039855957e-01
2.533561587333679199e-01
4.596643745899200439e-01
5.217915773391723633e-01
3.386672735214233398e-01
4.763871058821678162e-02
1.369309891015291214e-02
3.184691369533538818e-01
1.073229536414146423e-01
5.161712169647216797e-01
6.637532114982604980e-01
4.686856567859649658e-01
5.087466239929199219e-01
9.958006739616394043e-01
9.421040415763854980e-01
9.074878096580505371e-01
6.162197589874267578e-01
7.064965367317199707e-01
4.575088322162628174e-01
3.362243175506591797e-01
8.570324182510375977e-01
6.600967645645141602e-01
1.646600514650344849e-01
4.326643645763397217e-01
4.824810624122619629e-01
5.631777644157409668e-01
3.241054713726043701e-01
2.756832912564277649e-02
2.052319347858428955e-01
4.362090229988098145e-01
2.129918336868286133e-01
6.542528867721557617e-01
5.805017948150634766e-01
3.840132355690002441e-01
6.763468030840158463e-03
3.212633430957794189e-01
3.084738850593566895e-01
3.935773968696594238e-01
3.740020096302032471e-01
3.186288177967071533e-01
4.249683320522308350e-01
1.831497251987457275e-01
-8.852694183588027954e-02
2.395981177687644958e-02
3.916134834289550781e-01
1.529084295034408569e-01
-1.550290584564208984e-01
2.369421720504760742e-01
1.348658353090286255e-01
5.491268634796142578e-01
1.015871047973632812e+00
6.733812093734741211e-01
9.236143827438354492e-01
7.859797477722167969e-01
6.634019017219543457e-01
4.678553938865661621e-01
7.821796536445617676e-01
6.222552657127380371e-01
6.209140419960021973e-01
6.134415268898010254e-01
3.676631450653076172e-01
3.618192672729492188e-01
2.178777158260345459e-01
3.150202929973602295e-01
3.785525560379028320e-01
4.556087851524353027e-01
3.643260598182678223e-01
3.208322525024414062e-01
6.545722484588623047e-01
4.368157386779785156e-01
3.340847790241241455e-01
7.215373516082763672e-01
6.983215212821960449e-01
7.668992877006530762e-01
1.019958615303039551e+00
6.787780523300170898e-01
8.368981480598449707e-01
7.966775894165039062e-01
5.186939835548400879e-01
2.463466823101043701e-01
3.551291227340698242e-01
2.507375776767730713e-01
7.050330191850662231e-02
2.340362071990966797e-01
-8.111830800771713257e-02
9.713608026504516602e-02
4.087938666343688965e-01
1.151307672262191772e-01
3.988784253597259521e-01
1.069557145237922668e-01
2.835335731506347656e-01
-6.368245929479598999e-02
-1.474767178297042847e-01
-2.395577877759933472e-01
-2.810822427272796631e-02
-8.552516996860504150e-02
-1.533471047878265381e-02
-7.287397049367427826e-03
4.028860926628112793e-01
4.690050184726715088e-01
3.916933238506317139e-01
7.943783402442932129e-01
4.668973684310913086e-01
6.770536303520202637e-01
3.432976603507995605e-01
1.389373987913131714e-01
-2.657540328800678253e-02
3.084419369697570801e-01
-5.403304006904363632e-03
1.427055746316909790e-01
9.363932907581329346e-02
3.695312738418579102e-01
1.114743500947952271e-01
7.376958727836608887e-01
2.059664130210876465e-01
6.516662240028381348e-01
8.809881657361984253e-02
2.079782336950302124e-01
1.104684323072433472e-01
-5.149972066283226013e-02
5.099175870418548584e-02
2.380917966365814209e-01
-1.255382001399993896e-01
-1.283803135156631470e-01
6.248792260885238647e-02
-7.482735067605972290e-02
-1.798256486654281616e-01
-2.769682109355926514e-01
-6.096224188804626465e-01
-1.651840060949325562e-01
-3.787252008914947510e-01
-2.289078682661056519e-01
-1.834022253751754761e-01
-6.037731468677520752e-02
2.086223289370536804e-02
1.926500201225280762e-01
1.318800300359725952e-01
4.348677992820739746e-01
4.332072436809539795e-01
3.435371816158294678e-01
2.980474829673767090e-01
3.526223301887512207e-01
7.773630321025848389e-02
9.759911894798278809e-02
1.733939498662948608e-01
2.193785905838012695e-01
1.051354929804801941e-01
-1.612082421779632568e-01
-2.967671453952789307e-01
-1.332821547985076904e-01
-1.107847914099693298e-01
5.661752540618181229e-03
-2.698150277137756348e-01
-2.135636806488037109e-01
-1.800491809844970703e-01
-1.392058730125427246e-01
-2.463277429342269897e-01
-3.164064288139343262e-01
-5.001693964004516602e-01
-4.258754253387451172e-01
-3.995620012283325195e-01
-2.870752513408660889e-01
-3.123029172420501709e-01
-8.836143016815185547e-01
-2.784052193164825439e-01
-9.708733558654785156e-01
9.228214621543884277e-02
-2.717949151992797852e-01
1.361591517925262451e-01
3.882763981819152832e-01
1.104259490966796875e-02
1.263714581727981567e-01
1.459308862686157227e-01
2.537074089050292969e-01
7.960443198680877686e-02
1.324602589011192322e-02
9.218633919954299927e-02
-1.186989527195692062e-02
5.134303122758865356e-02
1.394643038511276245e-01
1.814572215080261230e-01
9.175523370504379272e-02
2.006334662437438965e-01
7.265882939100265503e-02
2.510249912738800049e-01
-1.272306889295578003e-01
4.866059496998786926e-02
6.790654659271240234e-01
3.371504247188568115e-01
4.196832776069641113e-01
4.004431664943695068e-01
2.982710301876068115e-01
2.249350696802139282e-01
3.170321285724639893e-01
1.654743701219558716e-01
-1.067237835377454758e-02
6.335917115211486816e-01
2.155146151781082153e-01
2.228114753961563110e-01
4.589937627315521240e-01
2.974886596202850342e-01
2.166057750582695007e-02
2.078505009412765503e-01
9.912820458412170410e-01
7.563611865043640137e-01
2.362450584769248962e-02
5.562215670943260193e-02
1.887381374835968018e-01
3.529895544052124023e-01
4.839340448379516602e-01
4.832315146923065186e-01
6.768460273742675781e-01
3.993574082851409912e-01
-5.927559733390808105e-02
-6.210173666477203369e-02
1.416198313236236572e-01
4.365123808383941650e-01
7.065284848213195801e-01
2.512804567813873291e-01
5.976662039756774902e-01
2.004897594451904297e-01
5.129299163818359375e-01
5.633373856544494629e-01
5.258790850639343262e-01
5.409518480300903320e-01
5.517454147338867188e-01
9.864121675491333008e-01
3.440481126308441162e-01
8.571601510047912598e-01
6.055858135223388672e-01
3.427547812461853027e-01
2.963390350341796875e-01
7.509962916374206543e-01
2.825755774974822998e-01
6.086674332618713379e-01
6.980820298194885254e-01
9.901005029678344727e-01
9.322364926338195801e-01
2.959877550601959229e-01
8.952571749687194824e-01
5.166182518005371094e-01
3.099108934402465820e-01
8.664582669734954834e-02
9.486663937568664551e-01
9.326196908950805664e-01
1.129267930984497070e+00
7.045166492462158203e-01
6.599690318107604980e-01
3.011291027069091797e-01
1.896801739931106567e-01
3.760138154029846191e-01
3.220137953758239746e-01
5.501008629798889160e-01
3.910227119922637939e-01
3.925874531269073486e-01
3.146051466464996338e-01
-1.252827346324920654e-01
3.577157557010650635e-01
3.133916854858398438e-01
-1.695110350847244263e-01
2.092715501785278320e-01
3.121462464332580566e-01
4.254792630672454834e-01
4.051055014133453369e-01
3.462994396686553955e-01
4.465555548667907715e-01
5.531185865402221680e-01
7.531837821006774902e-01
5.654450058937072754e-01
6.301109194755554199e-01
2.142053246498107910e-01
5.987519621849060059e-01
5.598939582705497742e-02
4.670889675617218018e-01
3.385554850101470947e-01
2.099102288484573364e-01
4.798305630683898926e-01
1.852094531059265137e-01
1.544891446828842163e-01
-2.502715587615966797e-01
-8.602014183998107910e-02
-2.750148251652717590e-02
