1.205046772956848145e+00
1.410460829734802246e+00
1.633827090263366699e-01
-3.996098935604095459e-01
1.370852291584014893e-01
1.097781181335449219e+00
8.906586766242980957e-01
-1.433093547821044922e-01
-6.444941163063049316e-01
1.579060554504394531e-01
3.507382273674011230e-01
5.419098138809204102e-01
1.982384324073791504e-01
-7.319872826337814331e-02
7.819401025772094727e-01
8.885510563850402832e-01
2.386181592941284180e+00
-5.890411138534545898e-01
3.362722396850585938e-01
-2.604744136333465576e-01
1.249823346734046936e-01
7.141341269016265869e-02
-2.007263004779815674e-01
-5.857305601239204407e-02
-9.682430885732173920e-03
1.899037212133407593e-01
2.548410594463348389e-01
-2.766488492488861084e-01
1.026329398155212402e+00
5.792564153671264648e-01
-2.605675458908081055e+00
-7.608608603477478027e-01
2.317763566970825195e+00
1.779072523117065430e+00
1.274726271629333496e+00
1.072904825210571289e+00
3.485827147960662842e-01
-6.662037223577499390e-02
-5.771617293357849121e-01
-9.486634135246276855e-01
-9.930992722511291504e-01
-8.347875475883483887e-01
-1.148536920547485352e+00
1.757357597351074219e+00
-1.746225714683532715e+00
-1.998960226774215698e-01
7.708165794610977173e-02
-9.485411574132740498e-04
-7.322960495948791504e-01
-7.605414986610412598e-01
-7.595674991607666016e-01
-4.601244330406188965e-01
3.070528209209442139e-01
2.443881705403327942e-02
5.289182066917419434e-02
7.141926288604736328e-01
7.069596052169799805e-01
-9.813317060470581055e-01
-4.348009228706359863e-01
-2.404679059982299805e-01
-5.479583144187927246e-01
-8.489980697631835938e-01
-9.892352819442749023e-01
-1.073524475097656250e+00
-1.488823413848876953e+00
-2.456092387437820435e-01
-2.687877416610717773e-02
-2.109520435333251953e+00
3.656193912029266357e-01
-1.384979020804166794e-02
-3.679321289062500000e+00
-2.938266038894653320e+00
-1.679707527160644531e+00
-3.192006349563598633e-01
3.196347355842590332e-01
-7.948543429374694824e-01
-1.825964331626892090e+00
2.625211477279663086e-01
1.786321520805358887e+00
-4.728659987449645996e-01
2.193945646286010742e-01
1.154399871826171875e+00
2.303696632385253906e+00
-1.098512649536132812e+00
-6.556549668312072754e-01
4.706815183162689209e-01
-1.089331746101379395e+00
-1.234822034835815430e+00
-1.719209671020507812e+00
-4.901842594146728516e+00
-8.103901147842407227e-01
-1.513875484466552734e+00
9.100744128227233887e-01
1.684261083602905273e+00
-2.985873818397521973e-01
-1.289652347564697266e+00
8.771666884422302246e-01
9.089248180389404297e-01
1.961558103561401367e+00
-1.080422163009643555e+00
-5.677412748336791992e-01
-4.198718965053558350e-01
-1.119823083281517029e-01
-1.220707297325134277e+00
4.923486113548278809e-01
-8.746888041496276855e-01
1.511659026145935059e+00
1.463662505149841309e+00
-1.136082768440246582e+00
-2.248480319976806641e+00
-6.774338483810424805e-01
-4.463928937911987305e-01
-8.652683496475219727e-01
-6.600458621978759766e-01
-1.238047361373901367e+00
-1.627655506134033203e+00
-2.344616889953613281e+00
1.308102458715438843e-01
-2.850634157657623291e-01
-1.360226035118103027e+00
4.858075827360153198e-02
1.096743345260620117e+00
-4.298006534576416016e+00
-1.092429280281066895e+00
1.275764226913452148e+00
1.052738666534423828e+00
-8.537721633911132812e-01
-7.601583003997802734e-01
-1.575358659029006958e-01
-6.318748742341995239e-02
1.898089766502380371e+00
-1.071124076843261719e-01
4.026466012001037598e-01
7.746272683143615723e-01
-3.968422114849090576e-02
-1.444611072540283203e+00
-4.431516230106353760e-01
2.991971075534820557e-01
-8.315941691398620605e-01
-1.424780130386352539e+00
-1.447117805480957031e+00
-4.270090758800506592e-01
1.748788654804229736e-01
-4.358866810798645020e-01
-1.172194480895996094e-01
-3.972148597240447998e-01
-8.242973089218139648e-01
-1.218759417533874512e+00
-1.366868257522583008e+00
-1.620214939117431641e+00
-4.356312155723571777e-01
4.384922683238983154e-01
2.082336992025375366e-01
4.520481526851654053e-01
-1.265686035156250000e+00
-1.191354766488075256e-01
3.228919804096221924e-01
1.465131521224975586e+00
1.405591011047363281e+00
-2.448428273200988770e-01
-3.580321073532104492e-01
1.713661551475524902e-01
8.974765539169311523e-01
6.068950891494750977e-01
-4.056932926177978516e-01
-1.110072731971740723e+00
-1.500383377075195312e+00
-4.185466468334197998e-01
-2.938557602465152740e-02
3.668488264083862305e-01
-5.883385539054870605e-01
-6.307466030120849609e-01
5.311535671353340149e-02
1.740326285362243652e-01
8.938520550727844238e-01
-8.397638052701950073e-02
-7.096230983734130859e-01
-1.484767794609069824e+00
-1.476848244667053223e+00
-1.075791835784912109e+00
-1.482851743698120117e+00
-4.550788700580596924e-01
8.082216382026672363e-01
7.779005169868469238e-01
8.142251968383789062e-01
1.734897494316101074e-01
1.588411927223205566e+00
1.958029508590698242e+00
1.518381118774414062e+00
3.133118450641632080e-01
8.400596380233764648e-01
1.083618640899658203e+00
1.078301668167114258e+00
-3.678677082061767578e-01
1.246949359774589539e-01
-9.912630915641784668e-01
-4.352479875087738037e-01
-6.332055330276489258e-01
-9.805333614349365234e-01
1.740964949131011963e-01
4.410310089588165283e-01
-1.458480954170227051e-01
9.183506667613983154e-02
-1.076393127441406250e-01
3.189002573490142822e-01
-4.956772923469543457e-02
2.837730944156646729e-01
-1.851212233304977417e-02
4.337341487407684326e-01
2.696158736944198608e-02
3.008896112442016602e-01
1.883708983659744263e-01
-3.095566332340240479e-01
-3.389995694160461426e-01
-4.710617363452911377e-01
1.915004104375839233e-01
-2.783732712268829346e-01
-3.378499448299407959e-01
-3.422248959541320801e-01
5.724385380744934082e-01
1.825110465288162231e-01
-2.754513323307037354e-01
-9.223020672798156738e-01
-1.132857441902160645e+00
-7.455006837844848633e-01
-5.125437378883361816e-01
-7.578909993171691895e-01
-1.169198155403137207e+00
-6.487572789192199707e-01
-4.720996022224426270e-01
4.946478307247161865e-01
1.404521226882934570e+00
1.309965252876281738e+00
2.375329583883285522e-01
-2.429746985435485840e-01
-3.325808942317962646e-01
-5.523597449064254761e-02
1.751822382211685181e-01
1.873809397220611572e-01
1.252218484878540039e-01
1.555749028921127319e-01
6.044416129589080811e-02
-4.832230880856513977e-02
-3.878582715988159180e-01
-9.684463739395141602e-01
-1.322123706340789795e-01
-1.202850937843322754e-01
-1.071443408727645874e-01
-4.739623144268989563e-02
1.842833608388900757e-01
5.013060569763183594e-01
6.539814472198486328e-01
2.741290926933288574e-01
4.914384782314300537e-01
1.549521833658218384e-01
-5.563514679670333862e-02
-1.785482913255691528e-01
-3.952455148100852966e-02
2.412692010402679443e-01
1.234814524650573730e-01
6.383339166641235352e-01
1.008893489837646484e+00
1.122450113296508789e+00
1.026217579841613770e+00
7.236450314521789551e-01
3.030451238155364990e-01
2.882597744464874268e-01
1.363347917795181274e-01
-1.552685648202896118e-01
-8.578064292669296265e-02
1.349137425422668457e-01
3.593284189701080322e-01
2.031242996454238892e-01
7.372861355543136597e-02
4.208764992654323578e-03
-1.166765764355659485e-01
-1.614796817302703857e-01
-7.711061835289001465e-02
1.174140349030494690e-01
4.767064750194549561e-02
-1.619746536016464233e-01
-5.204154253005981445e-01
-8.105178475379943848e-01
-5.481179356575012207e-01
2.509770691394805908e-01
7.913765311241149902e-01
1.018792986869812012e+00
1.260675430297851562e+00
1.312280416488647461e+00
1.363246798515319824e+00
-1.584300100803375244e-01
-5.470641255378723145e-01
8.508107811212539673e-02
-1.270550489425659180e-01
-2.717949151992797852e-01
-4.716684818267822266e-01
1.163921505212783813e-01
-2.401528414338827133e-03
5.092789232730865479e-02
2.299486845731735229e-01
1.938794702291488647e-01
2.750232219696044922e-01
4.328559637069702148e-01
4.170008301734924316e-01
5.797353982925415039e-01
5.064473748207092285e-01
3.855780065059661865e-01
4.993580579757690430e-01
7.056343555450439453e-01
5.902096629142761230e-01
5.590582489967346191e-01
3.521433174610137939e-01
-1.022958749672397971e-04
4.429949522018432617e-01
-1.173471882939338684e-01
-3.898860514163970947e-01
-2.665523812174797058e-02
-2.868197858333587646e-01
7.621944695711135864e-02
2.016234099864959717e-01
2.596311271190643311e-01
-9.729276597499847412e-02
-1.240053772926330566e-01
-1.828433871269226074e-01
-2.395577877759933472e-01
-5.363663434982299805e-01
-1.011088564991950989e-01
-2.313029021024703979e-01
-3.078801035881042480e-01
-1.946429163217544556e-01
-8.175697922706604004e-02
1.222041025757789612e-01
7.669152617454528809e-01
1.127719163894653320e+00
1.003225326538085938e+00
7.692464590072631836e-01
7.023611068725585938e-01
5.800707340240478516e-01
1.490923315286636353e-01
3.500197231769561768e-01
3.661941885948181152e-01
1.035867035388946533e-01
-3.269924819469451904e-01
-4.942935705184936523e-01
-1.457363218069076538e-01
1.439190655946731567e-01
-9.441872686147689819e-02
-5.125597119331359863e-01
-5.228423476219177246e-01
-6.590878367424011230e-01
-4.571865200996398926e-01
-1.795382350683212280e-01
9.004677832126617432e-02
1.258924454450607300e-01
-3.816950321197509766e-01
-7.973611354827880859e-01
-9.102950096130371094e-01
-3.039682209491729736e-01
-6.161848306655883789e-01
-1.254780650138854980e+00
-1.241703748703002930e+00
1.542656123638153076e-01
-1.357570141553878784e-01
-6.719731688499450684e-01
-1.101131319999694824e+00
-6.786632537841796875e-01
1.926979273557662964e-01
1.498071193695068359e+00
1.299874186515808105e+00
-7.540908455848693848e-01
-1.910652756690979004e+00
1.066518068313598633e+00
2.698499560356140137e-01
4.928595423698425293e-01
4.832953810691833496e-01
6.381317228078842163e-02
-7.449578046798706055e-01
-1.376240849494934082e+00
-7.525740265846252441e-01
-5.558724701404571533e-02
-4.749203100800514221e-02
2.332538217306137085e-01
6.291529536247253418e-01
1.252548336982727051e+00
1.346545457839965820e+00
8.355569243431091309e-01
4.799742698669433594e-01
4.939293265342712402e-01
1.061440587043762207e+00
2.168717980384826660e-01
-4.318470656871795654e-01
-9.039561152458190918e-01
-1.145040273666381836e+00
-9.988473653793334961e-01
-2.759782373905181885e-01
-7.837892770767211914e-01
4.325685501098632812e-01
-9.866592288017272949e-02
-1.440598070621490479e-01
1.309379786252975464e-01
-3.768835961818695068e-02
1.075784265995025635e-01
1.247961539775133133e-02
5.190187320113182068e-02
-1.539592742919921875e-01
1.824471801519393921e-01
-4.999883472919464111e-02
-1.587333828210830688e-01
-5.103243589401245117e-01
3.705371916294097900e-01
5.650618076324462891e-01
-1.782449185848236084e-01
1.034568309783935547e+00
1.014913082122802734e+00
7.095781564712524414e-01
8.678898811340332031e-01
5.658017098903656006e-02
-2.333945631980895996e-01
-5.242580175399780273e-02
-9.623895585536956787e-02
8.268390297889709473e-01
1.769545674324035645e-01
-7.158661484718322754e-01
-1.089699029922485352e+00
-6.988773345947265625e-01
2.697755396366119385e-02
4.703462123870849609e-01
6.407129764556884766e-01
-3.283177316188812256e-01
-1.651840060949325562e-01
-1.234784722328186035e-01
1.315022446215152740e-02
8.205800056457519531e-01
7.140009999275207520e-01
3.888352513313293457e-01
7.835687398910522461e-01
5.639920234680175781e-01
7.002854347229003906e-01
6.426768898963928223e-01
-2.515329420566558838e-01
-4.454668164253234863e-01
8.378775417804718018e-02
4.198269844055175781e-01
3.983834385871887207e-01
-4.677565991878509521e-01
-7.515521645545959473e-01
-6.747833490371704102e-01
-2.187688946723937988e-01
-3.904289305210113525e-01
1.359675526618957520e-01
3.358784690499305725e-02
3.356016278266906738e-01
2.319126129150390625e-01
6.003326773643493652e-01
1.189468502998352051e-01
1.679652035236358643e-01
5.539862066507339478e-02
1.416560173034667969e+00
1.398980736732482910e+00
1.263038516044616699e+00
7.610713839530944824e-01
-1.787079572677612305e-01
-2.395577877759933472e-01
1.601733565330505371e-01
6.993593573570251465e-01
4.925082623958587646e-01
4.582752585411071777e-01
5.155165791511535645e-01
6.220157146453857422e-01
-2.774471938610076904e-01
-9.107260704040527344e-01
-8.605580925941467285e-01
-5.181321501731872559e-01
-2.047605067491531372e-02
-2.525015175342559814e-02
-9.365231543779373169e-02
-1.189917773008346558e-01
-3.244697153568267822e-01
-2.855903208255767822e-01
8.807229809463024139e-03
5.855952501296997070e-01
9.571767449378967285e-01
9.394056200981140137e-01
8.120696544647216797e-01
6.600648164749145508e-01
4.899376034736633301e-01
1.368776708841323853e-01
-2.203336507081985474e-01
-1.777764596045017242e-02
-3.452585935592651367e-01
-3.199989795684814453e-01
-6.500505805015563965e-01
-1.048456549644470215e+00
-5.749742984771728516e-01
-1.221569538116455078e+00
-9.039241671562194824e-01
4.409406334161758423e-02
7.538384199142456055e-01
1.689434409141540527e+00
1.149290442466735840e+00
6.514746546745300293e-01
9.957048892974853516e-01
-5.809459090232849121e-01
-3.214838802814483643e-01
-4.535301029682159424e-01
-5.898234844207763672e-01
-5.558618903160095215e-01
-6.010960936546325684e-01
-1.163732036948204041e-01
-7.909051328897476196e-02
-5.697636678814888000e-02
-7.326259464025497437e-02
7.248319685459136963e-02
-2.336605824530124664e-02
6.540133953094482422e-01
5.877188444137573242e-01
4.010339379310607910e-01
3.366714119911193848e-01
7.142085433006286621e-01
4.403923451900482178e-01
1.712703555822372437e-01
3.868128731846809387e-02
4.394502937793731689e-01
5.470032691955566406e-01
1.987228728830814362e-02
-3.334750235080718994e-01
4.206626489758491516e-02
5.886343866586685181e-02
4.247288107872009277e-01
2.172071039676666260e-01
-4.094018600881099701e-03
8.864168822765350342e-02
1.197430610656738281e+00
5.260706543922424316e-01
-2.609694004058837891e-01
-1.520751863718032837e-01
3.377252221107482910e-01
4.925242364406585693e-01
3.197943866252899170e-01
-3.304093778133392334e-01
1.731225103139877319e-01
4.805384948849678040e-02
-7.861045002937316895e-01
-7.438027858734130859e-02
-2.842490971088409424e-01
-7.107567191123962402e-01
-9.400572776794433594e-01
-8.737307786941528320e-01
2.346748858690261841e-01
-5.996217578649520874e-02
-2.166293263435363770e-01
1.080893650650978088e-01
1.027351260185241699e+00
3.222852349281311035e-01
-1.423353850841522217e-01
-1.289716243743896484e+00
-1.494268059730529785e+00
-1.347388625144958496e+00
8.737338185310363770e-01
1.492211341857910156e+00
2.168776512145996094e+00
2.548804521560668945e+00
2.532230854034423828e+00
1.546371102333068848e+00
1.064697861671447754e+00
-2.998487651348114014e-01
1.241084098815917969e+00
2.965466082096099854e-01
2.529889047145843506e-01
1.242265582084655762e+00
8.688638806343078613e-01
5.733965635299682617e-01
3.778021037578582764e-01
4.945893958210945129e-02
2.188197523355484009e-01
2.937683761119842529e-01
8.836013078689575195e-01
1.666186571121215820e+00
1.699669241905212402e+00
1.335783720016479492e+00
5.018329620361328125e-01
1.760125160217285156e-01
2.802763283252716064e-01
6.115414500236511230e-01
5.755999684333801270e-01
4.906561076641082764e-01
1.671668589115142822e-01
3.189800977706909180e-01
1.413962990045547485e-01
5.052872002124786377e-02
-3.258428573608398438e-01
-2.164696604013442993e-01
-3.073372244834899902e-01
-4.143952429294586182e-01
-1.103861570358276367e+00
-1.519368052482604980e+00
-2.192979335784912109e+00
-2.244009494781494141e+00
-1.792194366455078125e+00
-1.444052219390869141e+00
-5.676773786544799805e-01
5.388176813721656799e-02
2.915489673614501953e-01
9.527060389518737793e-01
8.459035158157348633e-01
-4.071941673755645752e-01
-3.555093407630920410e-01
2.439037412405014038e-01
-1.133075580000877380e-01
-9.301099181175231934e-01
-2.268358945846557617e+00
-2.602066993713378906e+00
-2.035481929779052734e+00
-1.126529201865196228e-01
1.982778191566467285e+00
3.079448223114013672e+00
2.376766502857208252e-01
-3.740948140621185303e-01
-2.799859344959259033e-01
-1.525403499603271484e+00
-1.483777880668640137e+00
-8.463954925537109375e-01
1.193486809730529785e+00
9.695032238960266113e-01
2.057950258255004883e+00
1.775128722190856934e+00
-1.905499771237373352e-02
-4.476862251758575439e-01
1.472811579704284668e+00
1.516034007072448730e+00
2.654910087585449219e-01
1.219486296176910400e-01
4.066702723503112793e-01
4.959571063518524170e-01
4.213118851184844971e-01
-5.580014586448669434e-01
4.305726885795593262e-01
1.881915330886840820e+00
2.185893058776855469e+00
1.806296110153198242e+00
1.076305747032165527e+00
8.646166920661926270e-01
1.038192749023437500e+00
1.367861151695251465e+00
1.145394444465637207e+00
1.071819067001342773e+00
-6.483581066131591797e-01
-1.757386565208435059e+00
-9.002677798271179199e-01
5.292001962661743164e-01
7.468768358230590820e-01
1.709510087966918945e-01
-1.215214729309082031e+00
-9.244735836982727051e-01
-1.992254108190536499e-01
2.869824469089508057e-01
-2.629945278167724609e+00
-2.021718502044677734e+00
1.669379949569702148e+00
-5.774810910224914551e-01
1.580683946609497070e+00
2.134511470794677734e+00
1.752631425857543945e+00
-6.499228477478027344e-01
-1.937764525413513184e+00
-1.698463410139083862e-01
-3.866767287254333496e-01
-9.337343573570251465e-01
-6.134225726127624512e-01
-8.099749684333801270e-01
-6.541061997413635254e-01
-3.198392987251281738e-01
-3.701509833335876465e-01
-1.809698343276977539e-02
-1.202531605958938599e-01
-7.679182291030883789e-01
5.805454216897487640e-03
5.723108053207397461e-01
6.482493281364440918e-01
-2.773993015289306641e-01
-4.734407961368560791e-01
-4.824461340904235840e-01
-7.083297371864318848e-01
-1.493214249610900879e+00
-5.518701672554016113e-01
8.489691615104675293e-01
1.682712316513061523e+00
8.954647183418273926e-01
9.901803135871887207e-01
-7.766520977020263672e-01
-1.700384736061096191e+00
-2.314966440200805664e+00
-2.498633623123168945e+00
-1.366421222686767578e+00
-7.063498497009277344e-01
-1.205570697784423828e+00
9.770555496215820312e-01
-1.496482193470001221e-01
-3.135802745819091797e-01
-1.126869916915893555e+00
-3.566589653491973877e-01
2.319605052471160889e-01
2.688440382480621338e-01
-2.604849636554718018e-02
8.164286017417907715e-01
-4.352000951766967773e-01
5.917425155639648438e-01
1.228427737951278687e-01
6.240914463996887207e-01
-2.226807773113250732e-01
-1.881124526262283325e-01
-8.946899324655532837e-02
-3.470309078693389893e-01
-2.016364187002182007e-01
-7.634474635124206543e-01
-2.381207644939422607e-01
-3.201746046543121338e-01
-5.471280217170715332e-01
-7.558791637420654297e-01
-3.245335817337036133e-01
-5.206069946289062500e-01
-4.366211593151092529e-01
-6.623716652393341064e-02
-3.663668334484100342e-01
-4.314159452915191650e-01
-3.766494989395141602e-01
-4.154490530490875244e-01
-3.546631038188934326e-01
-2.494572550058364868e-01
-6.175580024719238281e-01
-8.479282855987548828e-01
-7.548413276672363281e-01
-7.960678339004516602e-01
-1.591474533081054688e+00
-5.660806894302368164e-01
-7.987662553787231445e-01
-1.307434141635894775e-01
-5.672622919082641602e-01
-6.358240842819213867e-01
-2.937259912490844727e+00
-1.965914130210876465e+00
2.569513559341430664e+00
3.032393693923950195e+00
-7.207040786743164062e-01
1.643529653549194336e+00
1.439823985099792480e+00
8.372175097465515137e-01
2.775619626045227051e-01
-4.385531544685363770e-01
-6.241842508316040039e-01
-9.812304377555847168e-02
-9.263576865196228027e-01
-1.126087546348571777e+00
4.448311328887939453e-01
-8.726555854082107544e-02
-1.135028958320617676e+00
-1.968021750450134277e+00
-2.483848094940185547e+00
-1.914867997169494629e+00
-2.803531885147094727e-01
-1.569610536098480225e-01
4.741303920745849609e-01
1.827984452247619629e-01
-6.425727158784866333e-02
2.780250012874603271e-01
8.500229716300964355e-01
9.778858423233032227e-01
8.177592605352401733e-02
-9.468591809272766113e-01
-1.762974977493286133e+00
-4.100719451904296875e+00
-4.783240318298339844e+00
-3.009190797805786133e+00
1.123759388923645020e+00
5.412003517150878906e+00
3.651589870452880859e+00
4.289919734001159668e-01
-9.225256443023681641e-01
-1.967558741569519043e+00
-2.963238239288330078e+00
-1.024601936340332031e+00
-1.036098122596740723e+00
1.026441097259521484e+00
9.165943413972854614e-02
3.912302851676940918e-01
1.291060447692871094e+00
1.027654647827148438e+00
6.425172090530395508e-01
-5.996111631393432617e-01
-1.009545207023620605e+00
-7.547934055328369141e-01
-2.827801406383514404e-01
3.432178199291229248e-01
4.414461553096771240e-01
2.680616676807403564e-01
-1.593401134014129639e-01
-3.757234215736389160e-01
-3.748771846294403076e-01
-1.161496713757514954e-01
-3.187854886054992676e-01
-8.212421834468841553e-02
4.656519591808319092e-01
-5.234012007713317871e-01
-7.906231284141540527e-01
-5.956673622131347656e-01
-4.248056411743164062e-01
-5.456750392913818359e-01
1.582573354244232178e-01
-8.887875676155090332e-01
-1.167745113372802734e+00
-9.707136750221252441e-01
1.015871047973632812e+00
2.242990493774414062e+00
-3.151610195636749268e-01
1.592467427253723145e+00
-6.675503253936767578e-01
-2.997050583362579346e-01
-5.113142728805541992e-01
4.761581718921661377e-01
1.193965792655944824e+00
2.618345916271209717e-01
1.097557663917541504e+00
1.197845697402954102e+00
-3.385046124458312988e-01
-1.289285182952880859e+00
-1.177144274115562439e-01
-6.697537302970886230e-01
-2.396924495697021484e+00
-1.600192427635192871e+00
-5.105638504028320312e-01
-7.855456471443176270e-01
1.404437050223350525e-02
-5.614503026008605957e-01
5.336070656776428223e-01
1.450042843818664551e+00
1.066645741462707520e+00
-2.588138580322265625e-01
6.404255628585815430e-01
-3.173165321350097656e-01
-1.067473053932189941e+00
-1.529139757156372070e+00
-1.824543237686157227e+00
-1.198673009872436523e+00
-5.616259574890136719e-01
-4.204945862293243408e-01
-5.950606465339660645e-01
6.306272745132446289e-02
-1.358437776565551758e+00
-1.946274876594543457e+00
-1.931649208068847656e+00
-1.650552034378051758e+00
-2.424850463867187500e+00
-2.024273157119750977e+00
-3.075261831283569336e+00
-2.684408426284790039e+00
-1.589734196662902832e+00
-8.384120464324951172e-01
8.049643635749816895e-01
7.692784070968627930e-01
-1.591330885887145996e+00
-8.593925237655639648e-01
-2.555906772613525391e+00
-2.653208971023559570e+00
-3.358578443527221680e+00
-2.786309003829956055e+00
-2.507830381393432617e+00
-1.945604205131530762e+00
2.902396917343139648e-01
1.462752461433410645e+00
1.438738226890563965e+00
2.364472001791000366e-01
-2.082467079162597656e-01
-3.438375294208526611e-01
-5.077376961708068848e-01
-8.623304367065429688e-01
-6.185681559145450592e-03
-5.881150364875793457e-01
-1.207917809486389160e+00
-1.320228934288024902e+00
-1.042484879493713379e+00
5.240269303321838379e-01
2.522384524345397949e-01
-7.257601618766784668e-02
-5.320552587509155273e-01
-3.691770136356353760e-01
-2.851113080978393555e-01
-5.254929065704345703e-01
-9.384126663208007812e-01
-8.132801651954650879e-01
-1.330942749977111816e+00
-5.980304479598999023e-01
6.707307100296020508e-01
8.442269563674926758e-01
1.064767092466354370e-01
-2.123502045869827271e-01
-3.872355520725250244e-01
2.909741699695587158e-01
9.906114339828491211e-01
9.288195967674255371e-01
7.889176607131958008e-01
7.627000212669372559e-01
4.316105544567108154e-01
-3.009344935417175293e-01
1.781680434942245483e-01
2.301402837038040161e-01
-2.887996733188629150e-01
-8.245952427387237549e-02
-3.796672523021697998e-01
-4.856874048709869385e-01
-4.168381690979003906e-01
-3.980930447578430176e-01
-3.403727412223815918e-01
-3.946068510413169861e-02
-5.430989339947700500e-02
4.617400765419006348e-01
8.232784271240234375e-01
2.985264956951141357e-01
-9.566414356231689453e-02
-4.725466668605804443e-01
-5.194573998451232910e-01
-1.914655119180679321e-01
1.587842404842376709e-01
3.860145062208175659e-02
7.412778586149215698e-02
1.663365811109542847e-01
4.380132555961608887e-01
3.810274302959442139e-01
-6.532704830169677734e-02
4.452622234821319580e-01
3.949984610080718994e-01
-7.880310714244842529e-02
3.371983170509338379e-01
1.091027259826660156e+00
1.093166828155517578e+00
-3.359020054340362549e-01
-1.051570057868957520e+00
-9.700430631637573242e-01
-4.495383799076080322e-01
-1.680420786142349243e-01
-7.082020044326782227e-01
-1.953295022249221802e-01
-1.702779769897460938e+00
-1.469104290008544922e+00
-3.066544055938720703e+00
-3.193736314773559570e+00
-1.106049060821533203e+00
1.411035656929016113e+00
1.408177614212036133e+00
-5.381865501403808594e-01
-9.613251686096191406e-01
-4.469996392726898193e-01
8.169609308242797852e-02
2.116560563445091248e-02
3.646933138370513916e-01
-1.539752483367919922e-01
-3.906151279807090759e-02
-1.247398555278778076e-01
-1.083152532577514648e+00
1.185247898101806641e+00
6.228939294815063477e-01
6.215686798095703125e-01
5.588507056236267090e-01
-1.850947141647338867e-01
9.834956377744674683e-02
-2.845844030380249023e-01
-1.873779892921447754e-01
5.293439030647277832e-01
-8.373145945370197296e-03
-1.074317470192909241e-01
-4.852987825870513916e-02
3.082024455070495605e-01
2.468097209930419922e-01
3.170161545276641846e-01
6.627792119979858398e-01
3.018795549869537354e-01
-6.458353400230407715e-01
-7.641819715499877930e-01
-3.826530575752258301e-01
-4.364614784717559814e-01
-5.558938384056091309e-01
-1.438522338867187500e-01
-3.100675642490386963e-01
-5.688110589981079102e-01
-2.050698280334472656e+00
-2.936333894729614258e+00
-1.471195936203002930e+00
1.622197866439819336e+00
9.091004729270935059e-01
5.277791619300842285e-01
2.045453488826751709e-01
-1.948185563087463379e-01
1.189308837056159973e-01
1.379793733358383179e-01
-5.530517101287841797e-01
3.731078505516052246e-01
1.074027866125106812e-01
-6.745278239250183105e-01
7.673304080963134766e-01
-1.357091218233108521e-01
4.572853147983551025e-01
-1.450657248497009277e-01
-3.208398073911666870e-02
-5.373083949089050293e-01
-1.311745196580886841e-01
-2.521237432956695557e-01
-7.559430599212646484e-01
2.990853488445281982e-01
1.725264072418212891e+00
1.866203904151916504e+00
1.388171076774597168e+00
-2.585105001926422119e-01
-3.959055840969085693e-01
-2.395258545875549316e-01
1.155964612960815430e+00
7.440187335014343262e-01
3.457565605640411377e-01
2.548889517784118652e-01
2.683809995651245117e-01
1.010319963097572327e-01
5.716242194175720215e-01
1.963224112987518311e-01
4.513775706291198730e-01
-4.203135520219802856e-02
7.258441764861345291e-03
-1.393495649099349976e-01
-6.395124793052673340e-01
-6.717017292976379395e-01
-7.595036625862121582e-01
-7.082339525222778320e-01
-7.985107898712158203e-01
-7.028531432151794434e-01
-4.300906956195831299e-01
9.836553037166595459e-02
3.035560548305511475e-01
6.662120819091796875e-01
8.214422464370727539e-01
6.379720568656921387e-02
4.138553738594055176e-01
4.675520062446594238e-01
7.234054803848266602e-01
2.437121421098709106e-01
5.535177588462829590e-01
5.071020126342773438e-01
1.135660111904144287e-01
-9.502547234296798706e-02
1.890574693679809570e-01
-2.829982712864875793e-02
-5.727973580360412598e-02
8.027503639459609985e-02
-2.617623098194599152e-02
3.135992586612701416e-01
2.410297095775604248e-01
1.946299076080322266e-01
5.200671553611755371e-01
6.546201109886169434e-01
5.347247123718261719e-01
1.638297736644744873e-01
3.035241365432739258e-01
7.222399115562438965e-01
8.040223121643066406e-01
6.450399756431579590e-01
5.229092240333557129e-01
1.751982122659683228e-01
-2.637476027011871338e-01
-3.325808942317962646e-01
-4.650581777095794678e-01
-6.867265701293945312e-01
-2.168848067522048950e-01
-4.265620112419128418e-01
-1.232969880104064941e+00
-1.956078529357910156e+00
-1.434120774269104004e+00
-6.922830343246459961e-01
-4.951877295970916748e-01
-1.024330496788024902e+00
-1.121489048004150391e+00
-6.793817877769470215e-01
-6.908619999885559082e-01
-3.558606207370758057e-01
-5.297560095787048340e-01
-9.904487729072570801e-01
-5.951244831085205078e-01
9.817019104957580566e-01
1.527130961418151855e+00
1.295515179634094238e+00
1.147278547286987305e+00
-1.402756571769714355e-01
3.681857604533433914e-03
-1.772230416536331177e-01
-1.208279654383659363e-01
-3.306488990783691406e-01
-1.897410899400711060e-01
-1.235583052039146423e-01
-3.526193201541900635e-01
-5.446690917015075684e-01
-8.208644390106201172e-01
3.512651324272155762e-01
2.593437433242797852e-01
1.320231914520263672e+00
5.007950663566589355e-01
1.011687755584716797e+00
2.032115936279296875e+00
1.391140937805175781e+00
6.154852509498596191e-01
2.407157979905605316e-02
-1.027853786945343018e-01
4.504514634609222412e-01
2.486299425363540649e-01
1.749427318572998047e-01
4.227383807301521301e-02
-1.600532047450542450e-02
-1.929823607206344604e-01
-2.410053461790084839e-02
-3.161828815937042236e-01
-7.016501575708389282e-02
3.294703364372253418e-01
1.635902822017669678e-01
1.527966558933258057e-01
1.120661735534667969e+00
1.071228265762329102e+00
1.098850965499877930e+00
3.499239385128021240e-01
1.237688511610031128e-01
6.472329050302505493e-02
-3.620344027876853943e-02
-2.623425126075744629e-01
-2.932384610176086426e-01
-3.002479374408721924e-01
-1.256499737501144409e-01
1.219221111387014389e-02
-2.720344364643096924e-01
2.021503150463104248e-01
3.396093249320983887e-01
-3.471851721405982971e-02
-2.671485543251037598e-01
2.970789186656475067e-02
-7.974515110254287720e-02
-2.333786040544509888e-01
7.323150038719177246e-01
1.535034537315368652e+00
1.140396833419799805e+00
9.767521619796752930e-01
5.862658619880676270e-01
5.447519421577453613e-01
6.208341717720031738e-01
4.408074617385864258e-01
4.749446809291839600e-01
2.363514006137847900e-01
4.765733182430267334e-01
2.962751686573028564e-01
3.491255939006805420e-01
-5.331889390945434570e-01
-1.696707010269165039e-01
4.315201565623283386e-02
-3.263740567490458488e-03
2.303797900676727295e-01
-1.349746435880661011e-01
2.210710942745208740e-01
5.679358839988708496e-01
7.419165223836898804e-02
-4.654573500156402588e-01
-5.642445087432861328e-01
-5.130386948585510254e-01
-1.790432631969451904e-01
-3.524756431579589844e-01
-1.518197208642959595e-01
-3.495696485042572021e-01
2.868547141551971436e-01
6.004498898983001709e-02
5.221747756004333496e-01
7.581334710121154785e-01
3.088944219052791595e-02
3.470553085207939148e-02
2.351059913635253906e-01
4.606702923774719238e-01
-4.943999275565147400e-02
-3.936542570590972900e-01
6.082043647766113281e-01
2.830545902252197266e-01
-3.516558930277824402e-02
-5.502096414566040039e-01
-1.332502216100692749e-01
-5.262113809585571289e-01
-3.390794098377227783e-01
-1.677546650171279907e-01
-1.768238693475723267e-01
-8.974042534828186035e-02
8.706096559762954712e-02
-7.450801134109497070e-02
-1.034240573644638062e-01
-9.114551544189453125e-02
-2.829717397689819336e-01
-2.138031870126724243e-01
-3.570421636104583740e-01
1.722178235650062561e-02
8.817864954471588135e-02
7.072629928588867188e-01
1.158343672752380371e+00
9.974612593650817871e-01
-4.270196333527565002e-02
2.723727226257324219e-01
1.368324279785156250e+00
1.800915241241455078e+00
1.298485040664672852e+00
1.896961480379104614e-01
9.538716077804565430e-01
5.991511344909667969e-01
-3.631255626678466797e-01
-2.598516941070556641e-01
6.936911344528198242e-01
8.577828407287597656e-01
5.030943155288696289e-01
-1.301951147615909576e-02
-1.815500706434249878e-01
6.405267864465713501e-02
4.708731472492218018e-01
4.946957230567932129e-01
-1.451136171817779541e-01
-2.066500186920166016e-01
1.044169813394546509e-01
5.361776947975158691e-01
8.632435202598571777e-01
5.470990538597106934e-01
-2.725453674793243408e-01
-7.621222138404846191e-01
-1.488424181938171387e+00
-1.651238560676574707e+00
-1.013632655143737793e+00
-8.833907842636108398e-01
-1.317881822586059570e+00
-1.270731568336486816e+00
-9.040518999099731445e-01
-8.111884593963623047e-01
-1.628687977790832520e-01
1.031875312328338623e-01
1.736015230417251587e-01
-6.467241048812866211e-02
4.184059202671051025e-01
1.740645617246627808e-01
-7.118903994560241699e-01
-8.046899437904357910e-01
-2.012851387262344360e-01
6.140162944793701172e-01
6.515439599752426147e-02
2.978558838367462158e-01
5.938341617584228516e-01
1.058917760848999023e+00
5.207696557044982910e-01
1.731065362691879272e-01
2.531805038452148438e-01
3.617394268512725830e-01
9.672997593879699707e-01
3.475448489189147949e-01
-6.388897299766540527e-01
-8.621069192886352539e-01
1.561811089515686035e+00
4.662267565727233887e-01
-2.015246450901031494e-01
-1.289109468460083008e+00
-5.711421966552734375e-01
-9.792559742927551270e-01
-2.628055512905120850e-01
4.598399996757507324e-01
-8.635544776916503906e-02
8.162050843238830566e-01
1.991911172866821289e+00
1.211816787719726562e+00
4.851954281330108643e-01
-4.508316814899444580e-01
2.307720422744750977e+00
2.853245258331298828e+00
1.892389535903930664e+00
-1.603178262710571289e+00
-2.062753438949584961e+00
-9.636244177818298340e-01
9.786522388458251953e-01
1.633789777755737305e+00
7.581015825271606445e-01
-4.928032308816909790e-02
2.336849272251129150e-01
2.405986040830612183e-01
1.163309335708618164e+00
5.189015269279479980e-01
5.529429316520690918e-01
-2.603945732116699219e-01
-1.300701498985290527e+00
-5.802433490753173828e-01
-1.007150173187255859e+00
-5.708548426628112793e-01
8.305752873420715332e-01
-2.132603079080581665e-01
-1.017848014831542969e+00
1.606161706149578094e-03
-3.093011677265167236e-01
-1.197156190872192383e+00
-1.452083587646484375e+00
-2.292341232299804688e+00
-2.975995779037475586e+00
-1.316859960556030273e+00
-1.618219137191772461e+00
-1.222170889377593994e-01
8.577988147735595703e-01
-6.594231724739074707e-01
5.698838233947753906e-01
3.394017517566680908e-01
-6.163869798183441162e-02
-2.799540162086486816e-01
-1.317972242832183838e-01
5.970968306064605713e-02
7.113345265388488770e-01
5.933392047882080078e-01
1.002730369567871094e+00
3.601746559143066406e-01
9.832028150558471680e-01
6.130104064941406250e-01
3.106507845222949982e-02
-1.005888819694519043e+00
-1.059537529945373535e+00
6.055592745542526245e-02
-5.370529294013977051e-01
2.454684972763061523e-01
-3.058363497257232666e-01
1.401535391807556152e+00
3.962002277374267578e+00
3.820168256759643555e+00
2.102465867996215820e+00
5.585952401161193848e-01
1.206771254539489746e+00
4.099684715270996094e+00
1.342904925346374512e+00
5.506756305694580078e-01
1.393264532089233398e+00
-3.139315545558929443e-01
-1.017736196517944336e+00
-1.831041812896728516e+00
-2.319005966186523438e+00
-1.681160569190979004e+00
-1.522289991378784180e+00
-1.112723231315612793e+00
-3.776394426822662354e-01
9.002388119697570801e-01
1.928714275360107422e+00
-7.129866629838943481e-02
-7.626171708106994629e-01
-1.198529362678527832e+00
-6.758850216865539551e-01
-1.308551877737045288e-01
-4.316554367542266846e-01
-9.952068924903869629e-01
-7.071163058280944824e-01
-6.127040386199951172e-01
9.836553037166595459e-02
-1.283962726593017578e-01
1.210864186286926270e-01
-5.414597988128662109e-01
5.682871341705322266e-01
5.842380523681640625e-01
1.278404146432876587e-01
6.793209314346313477e-01
-2.894543111324310303e-01
-5.129215121269226074e-02
5.033977031707763672e-01
-3.123773634433746338e-02
-2.979007959365844727e-01
5.326447542756795883e-03
-1.820929348468780518e-01
-7.042048871517181396e-02
9.731596112251281738e-01
4.630333781242370605e-01
8.629082441329956055e-01
1.506091952323913574e-01
-2.688570320606231689e-01
-3.246453404426574707e-01
6.908809542655944824e-01
9.116232395172119141e-01
1.705880284309387207e+00
1.605464577674865723e+00
1.096439957618713379e+00
4.983361959457397461e-01
-4.674212932586669922e-01
-1.416413545608520508e+00
-1.944454669952392578e+00
-2.498729228973388672e+00
-2.502433538436889648e+00
-2.237574815750122070e+00
-1.739854812622070312e+00
-9.589780569076538086e-01
7.990780472755432129e-02
2.648363411426544189e-01
-1.968899965286254883e+00
-3.613457918167114258e+00
-2.264047861099243164e+00
-3.243425130844116211e+00
-2.820302486419677734e+00
-8.600417524576187134e-02
1.082165598869323730e+00
2.406619310379028320e+00
3.291265010833740234e+00
3.971119165420532227e+00
3.952060341835021973e-01
-5.785349011421203613e-01
-1.823633193969726562e+00
1.346050381660461426e+00
2.483100652694702148e+00
4.109536170959472656e+00
-1.012690663337707520e+00
3.543787002563476562e-01
-3.031113386154174805e+00
8.564097285270690918e-01
7.044048905372619629e-01
1.411248594522476196e-01
-1.001976847648620605e+00
1.700036406517028809e+00
2.512591600418090820e+00
2.252570629119873047e+00
-1.838562250137329102e+00
-4.567873477935791016e-01
-4.279776662588119507e-02
-2.606660127639770508e-01
-7.740973830223083496e-01
-1.693071842193603516e+00
-3.281745672225952148e+00
-2.565454959869384766e+00
-3.096178531646728516e+00
-2.056238889694213867e+00
-3.933083057403564453e+00
-2.586355686187744141e+00
-2.572113275527954102e+00
-2.448374032974243164e-02
1.152547717094421387e+00
1.769093275070190430e+00
1.055341243743896484e+00
3.245205879211425781e-01
8.439395427703857422e-01
-3.618482053279876709e-01
-6.298844218254089355e-01
1.429748892784118652e+00
1.285903096199035645e+00
1.328870058059692383e+00
2.654271423816680908e-01
-2.241018414497375488e-01
-1.408014893531799316e+00
-6.489807963371276855e-01
-3.469510972499847412e-01
-2.520108938217163086e+00
3.986229598522186279e-01
-2.041432261466979980e-01
1.165129542350769043e+00
3.225704908370971680e+00
3.172615051269531250e+00
7.821487426757812500e+00
1.076146125793457031e+00
6.632481098175048828e+00
1.679630756378173828e+00
2.719506502151489258e+00
1.358807921409606934e+00
9.558834433555603027e-01
7.407295703887939453e-01
-7.704728841781616211e-01
-7.812026739120483398e-01
4.064147770404815674e-01
-6.044118106365203857e-02
1.020916581153869629e+00
4.117317497730255127e-01
-4.251036047935485840e-02
1.419561982154846191e+00
-1.938445717096328735e-01
4.681906998157501221e-01
-6.290860772132873535e-01
2.227550506591796875e+00
-7.139980196952819824e-01
2.658082008361816406e+00
1.624576926231384277e+00
1.536120295524597168e+00
1.032077431678771973e+00
-3.963047564029693604e-01
-1.107933163642883301e+00
-1.629805713891983032e-01
-1.194681286811828613e+00
-1.491952896118164062e+00
4.633207917213439941e-01
4.828483164310455322e-01
-2.492177635431289673e-01
-6.648998260498046875e-01
-3.765057921409606934e-01
-6.533716917037963867e-01
-7.230672240257263184e-01
-7.983670830726623535e-01
-8.007301688194274902e-01
-1.666848957538604736e-01
8.564257025718688965e-01
-4.257423058152198792e-02
-5.055183172225952148e-01
-3.454411745071411133e+00
-3.194007635116577148e+00
-2.544969558715820312e+00
-1.196022510528564453e+00
8.496078252792358398e-01
1.949652135372161865e-01
3.748003542423248291e-01
3.957489132881164551e-01
-3.393849372863769531e+00
-2.170609712600708008e+00
-1.967383027076721191e+00
-1.439310073852539062e+00
-2.836157560348510742e+00
-2.076500892639160156e+00
-1.095016002655029297e+00
9.903613477945327759e-02
-9.326007366180419922e-01
1.218687966465950012e-01
-1.875860810279846191e+00
-4.543497562408447266e+00
-9.314351677894592285e-01
-2.688703298568725586e+00
-2.344888210296630859e+00
2.675390005111694336e+00
1.283287143707275391e+01
2.003109931945800781e+01
1.537797832489013672e+01
7.764102458953857422e+00
1.124802604317665100e-01
-3.608380317687988281e+00
-2.582188367843627930e+00
-2.381851673126220703e+00
-3.162792444229125977e+00
-3.718216657638549805e+00
-4.405256271362304688e+00
-3.363607883453369141e+00
-1.770974397659301758e+00
6.620287895202636719e-01
4.171647548675537109e+00
5.468941688537597656e+00
5.427459716796875000e+00
3.912568807601928711e+00
3.762432098388671875e+00
3.236674070358276367e+00
2.444269180297851562e+00
1.805210351943969727e+00
9.601625800132751465e-01
-2.681065797805786133e-01
-1.964780449867248535e+00
-4.495277404785156250e+00
-6.737124919891357422e+00
-5.493112564086914062e+00
-5.207863807678222656e+00
-1.869841337203979492e+00
2.722604036331176758e+00
4.704350948333740234e+00
4.585605144500732422e+00
9.920165538787841797e-01
-3.153914690017700195e+00
-3.566722869873046875e+00
-4.450059413909912109e+00
-4.369506359100341797e+00
-2.713500022888183594e+00
-1.735831260681152344e+00
1.254145026206970215e+00
3.748381137847900391e+00
1.892565250396728516e+00
1.464381098747253418e+00
1.590120315551757812e+00
1.972447633743286133e+00
2.644078969955444336e+00
7.275249361991882324e-01
1.078748703002929688e+00
2.035804271697998047e+00
2.385926246643066406e+00
5.650777816772460938e-01
3.029902935028076172e+00
1.974571228027343750e+00
1.271405220031738281e+00
5.510269403457641602e-01
-9.147816896438598633e-01
-1.505396962165832520e+00
-2.710083007812500000e+00
-3.629616498947143555e+00
-4.860455989837646484e+00
-5.019071102142333984e+00
-7.522288799285888672e+00
-1.065764427185058594e+01
-5.010513305664062500e+00
2.107495546340942383e+00
6.574409484863281250e+00
7.520415782928466797e+00
5.016822814941406250e+00
2.344252586364746094e+00
1.703762114048004150e-01
-5.107863426208496094e+00
-4.724242687225341797e+00
-8.039456367492675781e+00
-4.353443622589111328e+00
-6.878847122192382812e+00
-7.551447153091430664e-01
6.395276546478271484e+00
1.189575862884521484e+01
7.227934360504150391e+00
4.165947437286376953e+00
-1.819657444953918457e+00
-1.772954225540161133e+00
-1.907810568809509277e+00
-4.833264827728271484e+00
-4.145389497280120850e-01
-2.207349538803100586e+00
3.509005546569824219e+00
1.012874692678451538e-01
5.294710636138916016e+00
2.905648469924926758e+00
5.469005584716796875e+00
2.125681877136230469e+00
3.499718308448791504e-01
-3.640516400337219238e-01
-2.362148523330688477e+00
-5.415576934814453125e+00
-5.905920505523681641e+00
-9.750980377197265625e+00
-9.308210372924804688e+00
-6.929478168487548828e+00
-2.195805549621582031e+00
3.239452362060546875e+00
5.819223403930664062e+00
-9.967716932296752930e-01
5.569181442260742188e+00
2.818884372711181641e+00
1.446450233459472656e+00
-9.253038763999938965e-01
-1.486103683710098267e-01
-8.422920107841491699e-01
3.518559038639068604e-01
9.126291275024414062e-01
4.255425930023193359e+00
4.313550889492034912e-01
1.944952607154846191e+00
2.158658802509307861e-01
5.803315714001655579e-02
-7.850027680397033691e-01
-4.221232235431671143e-01
6.634817719459533691e-01
-3.497293293476104736e-01
-1.110402643680572510e-01
2.312286853790283203e+00
1.024125933647155762e+00
2.425939321517944336e+00
2.389566659927368164e+00
1.439408898353576660e+00
1.695299595594406128e-01
4.380452036857604980e-01
-1.804908178746700287e-02
-1.001912951469421387e+00
-2.738456249237060547e+00
-3.390794098377227783e-01
-2.057627916336059570e+00
-1.437074661254882812e+00
-9.953868575394153595e-03
-1.983312666416168213e-01
4.380930960178375244e-01
-7.579069733619689941e-01
-4.979126527905464172e-02
3.741227865219116211e+00
2.717303037643432617e+00
