-6.095512008666992188e+01
-3.060579299926757812e+01
-1.145182895660400391e+01
-1.591809868812561035e+00
1.627083659172058105e+00
3.035650968551635742e+00
2.828863859176635742e+00
2.091576576232910156e+00
1.619275927543640137e+00
1.111129522323608398e+00
6.886774897575378418e-01
-3.652012348175048828e-01
-9.091134071350097656e-01
-6.802918910980224609e-01
-4.521090388298034668e-01
1.860237568616867065e-01
-3.193443417549133301e-01
-2.843449115753173828e-01
-3.299623131752014160e-01
4.147549346089363098e-02
-5.096537470817565918e-01
-2.123980969190597534e-01
-4.565159082412719727e-01
-7.092717885971069336e-01
-5.897915363311767578e-01
-5.195053219795227051e-01
-5.469309911131858826e-02
3.202850697562098503e-03
-2.690326571464538574e-01
-6.968336105346679688e-01
-1.247787237167358398e+00
-1.166755199432373047e+00
-4.392716586589813232e-01
4.171605110168457031e-01
8.268604427576065063e-02
-1.430059820413589478e-01
-2.240858674049377441e-01
-4.809771776199340820e-01
-7.080742716789245605e-01
-9.094806909561157227e-01
-4.133574068546295166e-01
-6.454201936721801758e-01
-1.017635017633438110e-01
-7.089843750000000000e-01
-3.763461410999298096e-01
-1.099742174148559570e+00
-8.524788618087768555e-01
-4.201592803001403809e-01
-7.618029117584228516e-01
-9.031897187232971191e-01
-4.527157843112945557e-01
-2.064584195613861084e-01
-9.702133387327194214e-02
1.811698228120803833e-01
-2.663981020450592041e-01
1.557665020227432251e-01
-5.058216452598571777e-01
-7.673274278640747070e-01
-1.027092814445495605e+00
-9.455179572105407715e-01
-8.130565881729125977e-01
-5.207028388977050781e-01
-8.364161849021911621e-01
-4.981256127357482910e-01
-4.794124364852905273e-01
1.016387417912483215e-01
2.218748629093170166e-02
-8.505947589874267578e-01
-1.336642980575561523e+00
-8.843008875846862793e-01
-5.128630399703979492e-01
-1.661100834608078003e-01
1.968173831701278687e-01
4.774035811424255371e-01
-1.328978776931762695e+00
-1.803898096084594727e+00
-1.501357436180114746e+00
-3.959215581417083740e-01
3.164732754230499268e-01
6.481056213378906250e-01
5.746579170227050781e-01
7.763676643371582031e-01
3.050623647868633270e-02
-7.001387476921081543e-01
-7.475763559341430664e-01
-6.643409729003906250e-01
-6.135129556059837341e-02
-1.463216729462146759e-02
-6.699773073196411133e-01
-1.687387704849243164e+00
-1.084605574607849121e+00
9.855712950229644775e-02
-3.188174366950988770e-01
-9.387480020523071289e-01
-1.472372114658355713e-01
-1.119652867317199707e+00
-2.613366246223449707e-01
-8.820176124572753906e-01
-3.682828545570373535e-01
-1.136114716529846191e+00
-1.893280744552612305e+00
-2.020744323730468750e+00
-1.519671440124511719e+00
-1.396838068962097168e+00
-1.293915510177612305e+00
-9.557687044143676758e-01
-8.497485518455505371e-01
-3.407719135284423828e-01
-1.437085270881652832e-01
-6.288411468267440796e-02
8.655002713203430176e-02
-2.601071894168853760e-01
-5.032510161399841309e-01
-2.244371324777603149e-01
-2.441083490848541260e-01
-4.646590054035186768e-01
-4.472072124481201172e-01
-1.416009068489074707e-01
3.849073946475982666e-01
1.212780177593231201e-01
-3.311438560485839844e-01
-4.442373514175415039e-01
-5.774651169776916504e-01
-5.589115619659423828e-01
-5.597045272588729858e-02
-5.836548656225204468e-02
-5.256844758987426758e-01
-6.886745095252990723e-01
-7.816178202629089355e-01
-8.353623747825622559e-01
-6.149075031280517578e-01
-6.646603345870971680e-01
-1.364755332469940186e-01
3.557358682155609131e-01
-1.588291823863983154e-01
-3.114193491637706757e-02
-1.649125665426254272e-01
1.839959621429443359e-01
2.717021107673645020e-01
-2.064105123281478882e-01
-2.911627590656280518e-01
-5.056141018867492676e-01
-9.531500935554504395e-01
-5.150824785232543945e-01
-4.959221780300140381e-01
-4.287973642349243164e-01
-1.385671943426132202e-01
1.995956152677536011e-01
-1.148882806301116943e-01
2.439091727137565613e-02
-3.770432621240615845e-02
-2.789800167083740234e-01
-1.495150569826364517e-02
-5.744633078575134277e-01
-2.775110602378845215e-01
9.528391808271408081e-02
2.699457705020904541e-01
2.373627386987209320e-02
-3.653928339481353760e-01
-2.695595622062683105e-01
-1.863880306482315063e-01
-2.907156944274902344e-01
-1.474447846412658691e-01
-2.365081161260604858e-01
-3.433106243610382080e-01
3.393911942839622498e-02
-3.781663477420806885e-01
-2.711562514305114746e-01
-9.539271146059036255e-02
2.306991219520568848e-01
4.355384111404418945e-01
3.983195722103118896e-01
5.846531987190246582e-01
-6.084035336971282959e-02
-1.826198548078536987e-01
-8.019223064184188843e-02
1.810261160135269165e-01
2.160255461931228638e-01
3.362519666552543640e-03
1.157534718513488770e-01
1.487410664558410645e-01
5.455822348594665527e-01
4.431226849555969238e-01
3.370865285396575928e-01
1.927937269210815430e-01
4.386359751224517822e-01
7.397715449333190918e-01
1.177493333816528320e-01
-7.356596738100051880e-02
-3.610817790031433105e-01
-6.751451641321182251e-02
-1.812466979026794434e-01
-2.075601369142532349e-01
-4.491870999336242676e-01
-2.085500806570053101e-01
3.772327303886413574e-02
-4.444235563278198242e-02
1.301875412464141846e-01
8.235073834657669067e-02
8.930683543439954519e-05
2.543780207633972168e-01
6.516662240028381348e-01
1.487250924110412598e-01
-2.318457812070846558e-01
-2.068096846342086792e-01
1.381390541791915894e-01
1.096860542893409729e-01
-2.445554286241531372e-01
-2.619912624359130859e-01
-1.458640694618225098e-01
1.496192514896392822e-01
1.820480078458786011e-01
-5.162745714187622070e-02
2.091278582811355591e-01
-1.451615244150161743e-01
1.941988021135330200e-01
-2.157990485429763794e-01
-7.317371964454650879e-01
-9.043074250221252441e-01
-4.413633346557617188e-01
-1.488019675016403198e-01
-1.970379501581192017e-01
-3.286849558353424072e-01
-4.217559695243835449e-01
-1.163412705063819885e-01
-5.357595682144165039e-01
-8.990862369537353516e-01
-8.246485590934753418e-01
-2.363165020942687988e-01
1.645961850881576538e-01
4.364644885063171387e-01
4.747690558433532715e-01
1.930491924285888672e-01
-3.831320703029632568e-01
-3.977737128734588623e-01
-1.365074664354324341e-01
3.879305347800254822e-02
1.457871943712234497e-01
1.919794082641601562e-01
2.561343908309936523e-01
1.993082165718078613e-01
1.384104937314987183e-01
-1.267197579145431519e-01
-2.031852006912231445e-01
-3.332195580005645752e-01
-1.179698929190635681e-01
-7.664757966995239258e-02
-7.517862319946289062e-02
1.583850681781768799e-01
1.441106647253036499e-01
5.358381662517786026e-03
-1.297534555196762085e-01
-2.877458631992340088e-01
-8.999589830636978149e-02
-1.590846478939056396e-01
-3.186258077621459961e-01
-1.148668956011533737e-02
7.138147950172424316e-02
1.691627204418182373e-01
-1.357250809669494629e-01
1.539622396230697632e-01
2.749434113502502441e-01
1.155938059091567993e-01
7.342524081468582153e-02
2.306671887636184692e-01
1.286068260669708252e-01
9.302203543484210968e-03
5.629276856780052185e-02
9.759911894798278809e-02
-2.886399924755096436e-01
-4.037932157516479492e-01
-4.318151175975799561e-01
-2.918493449687957764e-01
1.110592111945152283e-01
-5.314431339502334595e-02
-1.069367751479148865e-01
3.575934469699859619e-02
-2.046062648296356201e-01
-3.423686027526855469e-01
-2.182419896125793457e-01
-1.379444897174835205e-01
-5.951509997248649597e-02
3.347873091697692871e-01
5.568069219589233398e-01
2.327323518693447113e-02
-9.920879453420639038e-02
3.677270114421844482e-01
3.386991918087005615e-01
2.232585549354553223e-01
3.728843033313751221e-01
4.810121059417724609e-01
5.482381209731101990e-02
-3.736796677112579346e-01
-6.671671271324157715e-01
-9.332713484764099121e-01
-6.194899678230285645e-01
-1.653276979923248291e-01
-1.103696525096893311e-01
-1.149681210517883301e-01
-1.186724379658699036e-01
5.836846306920051575e-02
3.904852271080017090e-02
-9.323717653751373291e-02
-1.983153074979782104e-01
-6.184626743197441101e-02
-6.420936435461044312e-02
-1.676748394966125488e-01
-2.558599710464477539e-01
-7.990482449531555176e-02
1.182922124862670898e-01
1.034589707851409912e-01
1.888020038604736328e-01
1.883708983659744263e-01
4.032587632536888123e-02
2.219811975955963135e-01
4.287045598030090332e-01
3.298854827880859375e-01
4.874148368835449219e-01
5.675580725073814392e-02
-4.297340288758277893e-02
-4.062201976776123047e-01
-7.344036698341369629e-01
-4.938305318355560303e-01
-4.144910275936126709e-01
-1.773986816406250000e-01
-7.465171813964843750e-02
-8.448731899261474609e-02
-4.893917441368103027e-01
-3.183384239673614502e-01
-9.488176554441452026e-02
-1.470615863800048828e-01
2.771787643432617188e-01
1.297883689403533936e-01
1.914365291595458984e-01
2.774821221828460693e-01
3.574443161487579346e-01
1.050237193703651428e-01
1.535470932722091675e-01
2.841243743896484375e-01
-4.140864685177803040e-02
-1.307753473520278931e-01
-1.864518970251083374e-01
2.571403086185455322e-01
-1.030514016747474670e-02
8.334068208932876587e-02
-2.980764210224151611e-01
-2.914980649948120117e-01
-5.509920120239257812e-01
-5.351688265800476074e-01
-4.295158982276916504e-01
-4.096370935440063477e-01
-2.496488690376281738e-01
-9.991133958101272583e-02
2.020225822925567627e-01
-1.523306518793106079e-01
4.996987804770469666e-02
-2.790758311748504639e-01
-2.424477934837341309e-01
-6.169714964926242828e-03
-6.762628257274627686e-02
-2.362047433853149414e-01
-1.235423386096954346e-01
-1.117108687758445740e-01
-6.092019006609916687e-02
9.780668467283248901e-02
1.318215858191251755e-02
6.747500970959663391e-03
-1.888788640499114990e-01
-5.677732229232788086e-01
-1.061224564909934998e-01
-2.112804204225540161e-01
-9.572800993919372559e-02
5.084112882614135742e-01
1.444619446992874146e-01
-1.524903178215026855e-01
-2.643703222274780273e-01
-5.171581506729125977e-01
-8.718945980072021484e-01
-5.778003931045532227e-01
-6.695302128791809082e-01
-2.275931648910045624e-02
-7.829216867685317993e-02
-4.592941403388977051e-01
-3.171728253364562988e-01
-5.047359466552734375e-01
-2.298339456319808960e-01
-1.373377442359924316e-01
-3.016530275344848633e-01
-5.304851010441780090e-02
-1.776167936623096466e-02
-2.869899943470954895e-02
-1.060851104557514191e-02
-2.271994054317474365e-01
-1.543584465980529785e-01
-5.237790197134017944e-02
3.226259350776672363e-02
-3.933294862508773804e-02
1.762839555740356445e-01
3.270593285560607910e-01
6.162835955619812012e-01
4.437294304370880127e-01
2.558629512786865234e-01
1.947097480297088623e-01
4.091451168060302734e-01
-1.576795578002929688e-01
-4.779434800148010254e-01
-5.310174226760864258e-01
-4.171575009822845459e-01
-3.032976090908050537e-01
2.806330285966396332e-02
5.891558527946472168e-01
2.308747619390487671e-01
5.297590494155883789e-01
4.961327612400054932e-01
3.398647904396057129e-01
-3.264017105102539062e-01
-3.091893792152404785e-01
1.642129868268966675e-01
1.408693939447402954e-01
-2.227925509214401245e-01
-8.862274885177612305e-02
-3.789806663990020752e-01
-5.682841539382934570e-01
-3.988115489482879639e-01
-1.113541796803474426e-02
4.050735831260681152e-01
5.544917583465576172e-01
7.314687967300415039e-01
3.839333951473236084e-01
1.501621156930923462e-01
-1.274807471781969070e-02
-1.663176566362380981e-01
9.426204115152359009e-02
-8.437013253569602966e-03
-2.287322282791137695e-01
-8.571676909923553467e-02
2.149398028850555420e-01
3.912302851676940918e-01
3.729002773761749268e-01
3.391303122043609619e-01
4.840458333492279053e-01
3.982876539230346680e-01
6.333416700363159180e-02
8.945599943399429321e-02
1.278723478317260742e-01
3.192355632781982422e-01
1.709031164646148682e-01
1.911810636520385742e-01
-8.343350887298583984e-02
2.133590728044509888e-01
-2.688932465389370918e-03
4.415259957313537598e-01
3.370386362075805664e-01
5.835355520248413086e-01
3.308754265308380127e-01
2.426583319902420044e-01
2.973130047321319580e-01
4.216791391372680664e-01
1.139811500906944275e-01
2.139498591423034668e-01
3.461717069149017334e-01
3.539156615734100342e-01
7.938089221715927124e-02
3.044661879539489746e-01
3.175750076770782471e-01
6.247195601463317871e-02
4.011776447296142578e-01
4.175596833229064941e-01
7.834304869174957275e-02
2.244295552372932434e-02
-2.253632247447967529e-01
-1.792987287044525146e-01
-3.341616094112396240e-01
-4.402721673250198364e-02
1.047203540802001953e-01
-3.478238731622695923e-02
-1.335216611623764038e-01
1.774654984474182129e-01
1.752515323460102081e-02
-4.721474945545196533e-01
-1.207321658730506897e-01
-4.420019984245300293e-01
-6.997341662645339966e-02
-1.541454531252384186e-02
-1.326754093170166016e-01
-1.649604588747024536e-01
-7.889890670776367188e-02
-3.102591633796691895e-01
1.446492737159132957e-03
4.323130846023559570e-01
3.628625348210334778e-02
-1.268420647829771042e-02
-2.255069166421890259e-01
1.085364371538162231e-01
-1.032803505659103394e-01
-1.993531584739685059e-01
-2.321694046258926392e-03
-1.800970733165740967e-01
3.657365590333938599e-02
2.338765412569046021e-01
3.287039101123809814e-01
8.344233036041259766e-01
3.864881098270416260e-01
3.022627532482147217e-01
1.145878881216049194e-01
-1.346233636140823364e-01
-4.548020288348197937e-02
-1.070431247353553772e-02
-9.036313742399215698e-02
-2.747488021850585938e-01
-3.640995323657989502e-01
-1.044778674840927124e-01
-1.250751614570617676e-01
1.277286410331726074e-01
-3.837493807077407837e-02
-6.385809928178787231e-02
1.308635715395212173e-02
-5.017447099089622498e-02
-3.918383270502090454e-03
2.131834477186203003e-01
1.203998401761054993e-01
1.820001006126403809e-01
1.780722439289093018e-01
2.269842661917209625e-02
-8.552516996860504150e-02
3.968720138072967529e-02
1.427215486764907837e-01
7.530933618545532227e-02
1.264193654060363770e-01
2.607647776603698730e-01
2.676944434642791748e-01
-1.196569669991731644e-02
-1.106570586562156677e-01
3.043703734874725342e-01
1.766352206468582153e-01
2.829268574714660645e-01
1.679811775684356689e-01
2.581621706485748291e-01
4.351925477385520935e-02
-4.180781915783882141e-02
-1.371940374374389648e-01
-1.868775859475135803e-02
1.247907355427742004e-01
-3.679421544075012207e-02
-3.439376363530755043e-03
1.445951033383607864e-02
-1.593560874462127686e-01
-2.984436750411987305e-01
-3.268168270587921143e-01
2.455058507621288300e-02
5.875166878104209900e-02
3.603982031345367432e-01
3.774348795413970947e-01
1.601893305778503418e-01
2.528930902481079102e-01
4.058559536933898926e-01
4.467950463294982910e-01
3.286081254482269287e-01
1.962904781103134155e-01
4.760943055152893066e-01
3.657471239566802979e-01
4.781221151351928711e-01
4.196194112300872803e-01
7.036065459251403809e-01
4.802936017513275146e-01
5.523841381072998047e-01
2.859286069869995117e-01
7.168485224246978760e-02
9.308049082756042480e-02
1.059498041868209839e-01
2.742408514022827148e-01
2.211349606513977051e-01
3.542988598346710205e-01
5.136484503746032715e-01
1.931609660387039185e-01
1.873011142015457153e-01
5.603675842285156250e-01
5.070062279701232910e-01
3.966590166091918945e-01
4.136478006839752197e-01
3.373579680919647217e-01
3.929067850112915039e-01
2.647405564785003662e-01
3.388907909393310547e-01
3.709363639354705811e-01
2.736341059207916260e-01
1.225074678659439087e-01
2.330941557884216309e-01
2.823520302772521973e-01
9.916387498378753662e-02
-1.013164222240447998e-01
-2.384241372346878052e-01
-7.952161878347396851e-02
-1.120142415165901184e-01
3.522188635542988777e-03
3.432232514023780823e-02
1.468250453472137451e-01
2.298583090305328369e-02
4.563592374324798584e-01
5.311481356620788574e-01
2.480391710996627808e-01
2.182289808988571167e-01
1.087120771408081055e-01
6.114670261740684509e-02
2.264040261507034302e-01
2.301083505153656006e-01
2.384271025657653809e-01
1.230397913604974747e-02
-2.447949200868606567e-01
-4.750854074954986572e-01
-3.260184824466705322e-01
-1.577593982219696045e-01
-1.422874778509140015e-01
-1.474393624812364578e-02
4.102308750152587891e-01
1.316085904836654663e-01
1.710947155952453613e-01
6.536196172237396240e-02
-8.990009874105453491e-02
1.318215858191251755e-02
-1.172077609226107597e-03
8.892909437417984009e-02
-5.866885557770729065e-02
1.771302074193954468e-01
-1.340271718800067902e-02
-1.589409410953521729e-01
-2.346399873495101929e-01
-1.174110546708106995e-01
6.061979383230209351e-02
1.946139484643936157e-01
5.884747207164764404e-02
1.892810016870498657e-01
8.894506096839904785e-02
-1.104814186692237854e-01
-5.902012810111045837e-02
-3.183703422546386719e-01
-7.826023548841476440e-02
2.551284730434417725e-01
-7.829216867685317993e-02
-4.716727416962385178e-03
-1.100982129573822021e-01
6.727799028158187866e-02
1.600615978240966797e-01
2.246796041727066040e-01
5.427880287170410156e-01
6.467803716659545898e-01
4.348677992820739746e-01
2.538032233715057373e-01
3.712078034877777100e-01
3.606536686420440674e-01
1.957156658172607422e-01
7.842288166284561157e-02
-2.763454914093017578e-01
-9.132114797830581665e-02
1.673584580421447754e-01
3.797181546688079834e-01
1.731704175472259521e-01
1.625204980373382568e-01
5.375828146934509277e-01
1.262117922306060791e-01
-2.384506538510322571e-02
6.164167821407318115e-02
-3.907747939229011536e-02
8.784334361553192139e-02
1.932941190898418427e-02
1.015908420085906982e-01
1.937676966190338135e-01
-5.576288327574729919e-02
3.360381349921226501e-02
1.010160297155380249e-01
-7.549796253442764282e-02
-7.731818407773971558e-02
-2.614429779350757599e-02
1.158971786499023438e-01
2.566293478012084961e-01
-1.123335808515548706e-01
-2.529061138629913330e-01
-2.429427653551101685e-01
6.590483337640762329e-02
-9.876172244548797607e-02
-1.680580377578735352e-01
-3.509108722209930420e-01
-2.628534734249114990e-01
-4.386329948902130127e-01
-4.206063747406005859e-01
-4.985513165593147278e-02
-1.968942433595657349e-01
-9.585575014352798462e-02
-2.164057940244674683e-01
-2.360291033983230591e-01
-7.168187201023101807e-02
1.839959621429443359e-01
3.170959949493408203e-01
3.302048146724700928e-01
4.735130816698074341e-02
-3.624549508094787598e-01
-5.294846296310424805e-01
-5.635579228401184082e-01
-3.690811991691589355e-01
-4.564680159091949463e-01
-2.499202936887741089e-01
8.736433833837509155e-02
2.002502530813217163e-01
4.217803478240966797e-02
9.665707498788833618e-02
3.234243020415306091e-02
-1.108326911926269531e-01
-2.193756401538848877e-01
-1.353418827056884766e-01
-2.480681389570236206e-01
-1.074636802077293396e-01
1.174300014972686768e-01
-4.701302573084831238e-02
-1.518995463848114014e-01
-4.447428882122039795e-02
-3.196796476840972900e-01
-1.136907637119293213e-01
-1.267995834350585938e-01
-1.700219660997390747e-01
-3.694643974304199219e-01
-2.811195850372314453e-01
-1.653596311807632446e-01
1.158492788672447205e-01
4.974634200334548950e-02
-1.589888483285903931e-01
-1.704371124505996704e-01
-2.726890742778778076e-01
-2.261935025453567505e-01
-3.631894290447235107e-01
7.465469092130661011e-02
-1.479557305574417114e-01
-1.330905556678771973e-01
-1.930142939090728760e-01
3.007513098418712616e-02
-7.645597308874130249e-02
5.258844792842864990e-02
-1.305997073650360107e-01
-2.253951579332351685e-01
-2.840734720230102539e-01
-1.067930683493614197e-01
-1.666848957538604736e-01
-3.725619912147521973e-01
-1.759616583585739136e-01
-2.518523037433624268e-01
-2.880173027515411377e-01
-2.516607046127319336e-01
-4.171096086502075195e-01
-3.466317355632781982e-01
-3.708854615688323975e-01
-2.465512901544570923e-01
-2.165760099887847900e-02
-4.271792992949485779e-02
-1.108007580041885376e-01
-2.543590962886810303e-01
-1.859888583421707153e-01
-3.636045455932617188e-01
-3.145063519477844238e-01
-2.281254976987838745e-01
-4.082320332527160645e-01
-5.137412548065185547e-01
6.837970763444900513e-02
-7.875520735979080200e-02
-4.404318332672119141e-02
-2.743656039237976074e-01
-3.624708950519561768e-01
-7.394917309284210205e-02
-7.380547374486923218e-02
-1.519474536180496216e-01
-4.472391307353973389e-01
-3.354549109935760498e-01
-2.948670983314514160e-01
-2.674359679222106934e-01
-3.312875628471374512e-01
-1.238137781620025635e-01
2.618824839591979980e-01
1.559740751981735229e-01
2.611534111201763153e-02
1.114743500947952271e-01
-8.548781275749206543e-03
-2.936057150363922119e-01
1.022828370332717896e-02
-2.136435210704803467e-01
2.477412298321723938e-02
5.381789803504943848e-02
-1.555282971821725368e-03
3.142858147621154785e-01
1.881952583789825439e-01
1.508965939283370972e-01
1.289580911397933960e-01
8.209526538848876953e-02
1.056623980402946472e-01
1.680929362773895264e-01
2.066210508346557617e-01
-1.031047180294990540e-01
1.841236948966979980e-01
6.428163032978773117e-03
2.715319022536277771e-02
2.052692882716655731e-02
5.808106064796447754e-02
1.827824860811233521e-01
-1.123814806342124939e-01
-7.907454669475555420e-02
-1.350544840097427368e-01
-2.574566602706909180e-01
-2.086299210786819458e-01
1.348019689321517944e-01
3.112042248249053955e-01
-1.829870939254760742e-01
-2.463756501674652100e-01
-3.762822747230529785e-01
-2.137872278690338135e-01
-4.022603929042816162e-01
-3.135802745819091797e-01
-3.248529136180877686e-01
-2.002632617950439453e-01
1.564051806926727295e-01
-6.600820925086736679e-03
-1.000390723347663879e-01
-8.166117966175079346e-02
1.149391606450080872e-01
3.597275912761688232e-01
1.623288840055465698e-01
1.936134509742259979e-02
-7.562569528818130493e-02
-5.582674965262413025e-02
-1.594678610563278198e-01
1.350149605423212051e-02
-1.917369514703750610e-01
-1.385991275310516357e-01
-2.597878277301788330e-01
-1.926630288362503052e-01
-1.334737539291381836e-01
-2.600059472024440765e-02
-6.534301489591598511e-02
-1.400945894420146942e-02
5.394563451409339905e-02
2.185642868280410767e-01
7.792790979146957397e-02
-1.646251678466796875e-01
-2.660787701606750488e-01
-1.354376822710037231e-01
-1.332821547985076904e-01
-1.327233165502548218e-01
-1.075275465846061707e-01
-3.975341916084289551e-01
-2.009658068418502808e-01
-1.591006219387054443e-01
-9.075689129531383514e-03
-4.990303143858909607e-02
-4.019516333937644958e-02
-1.517558395862579346e-01
-1.148403808474540710e-01
8.790721744298934937e-02
3.623834997415542603e-02
-2.325802594423294067e-01
-5.285690724849700928e-02
6.164167821407318115e-02
-1.086452305316925049e-01
4.624959081411361694e-02
-1.983153074979782104e-01
-1.086931303143501282e-01
-1.686647832393646240e-01
-2.883685529232025146e-01
-3.669895231723785400e-01
-4.931225627660751343e-02
-5.836548656225204468e-02
2.164406925439834595e-01
1.050396934151649475e-01
2.290226072072982788e-01
1.772100329399108887e-01
3.595094755291938782e-02
-1.881549321115016937e-02
2.365270406007766724e-01
1.953164935111999512e-01
2.799729704856872559e-01
1.826707124710083008e-01
-8.594030886888504028e-02
-6.639683246612548828e-02
-4.787523671984672546e-02
-9.027788415551185608e-03
2.685406804084777832e-01
6.942180395126342773e-01
4.357140362262725830e-01
1.470645368099212646e-01
1.849380135536193848e-01
9.261744469404220581e-02
1.278298627585172653e-02
7.566060870885848999e-02
3.942639827728271484e-01
2.490610480308532715e-01
3.117949962615966797e-01
8.971147239208221436e-02
3.626655042171478271e-01
1.651550382375717163e-01
1.237369179725646973e-01
3.063183426856994629e-01
4.117317497730255127e-01
3.577157557010650635e-01
1.270740032196044922e-01
4.044189155101776123e-01
2.090959250926971436e-01
7.665055245161056519e-02
1.853052526712417603e-01
3.762746974825859070e-02
1.332851201295852661e-01
-1.402542553842067719e-02
1.462182998657226562e-01
1.827665120363235474e-01
2.877328693866729736e-01
2.840605080127716064e-01
3.020711541175842285e-01
2.368837408721446991e-02
-3.867830708622932434e-02
8.752401173114776611e-02
3.403438031673431396e-01
1.867103427648544312e-01
1.320077627897262573e-01
2.621219754219055176e-01
-1.433572620153427124e-01
1.541378796100616455e-01
1.754696369171142578e-01
6.191311404109001160e-02
-3.302602842450141907e-02
2.135720662772655487e-02
2.099262028932571411e-01
3.736028373241424561e-01
4.619955420494079590e-01
4.687230288982391357e-02
-2.544175460934638977e-02
1.147370133548974991e-02
2.253875695168972015e-02
2.168079316616058350e-01
-2.425435930490493774e-01
-5.058695673942565918e-01
-3.242780864238739014e-01
-2.136435210704803467e-01
-1.321005970239639282e-01
-1.273264884948730469e-01
-1.307593733072280884e-01
-2.558120787143707275e-01
-4.519334137439727783e-01
-3.530983328819274902e-01
-4.895833432674407959e-01
-4.310806393623352051e-01
-2.135157883167266846e-01
8.145658671855926514e-02
-8.547727018594741821e-02
-4.083278179168701172e-01
-1.094914749264717102e-01
-2.167889922857284546e-01
-1.196783483028411865e-01
-9.178419411182403564e-02
1.474691368639469147e-02
-4.643821716308593750e-02
-1.355813890695571899e-01
-1.500633507966995239e-01
1.757570505142211914e-01
7.048733532428741455e-02
3.388109803199768066e-01
2.441751807928085327e-01
9.542761743068695068e-02
2.811385393142700195e-01
1.425299495458602905e-01
2.403590977191925049e-01
2.272343039512634277e-01
2.978239655494689941e-01
3.238180577754974365e-01
2.036991119384765625e-01
7.657071948051452637e-02
-2.103224098682403564e-01
3.841526340693235397e-03
-3.518050312995910645e-01
-3.039043545722961426e-01
-2.349593192338943481e-01
-1.948025822639465332e-01
-1.715707629919052124e-01
-9.667006134986877441e-02
2.997932955622673035e-02
1.487464923411607742e-02
7.382441312074661255e-02
-7.631227374076843262e-02
-7.239496335387229919e-03
-1.030514016747474670e-02
-2.875382900238037109e-01
1.495873183012008667e-01
2.699457705020904541e-01
1.816009283065795898e-01
1.280000805854797363e-01
-6.931877136230468750e-02
-1.746044754981994629e-01
-9.492966532707214355e-02
-8.204438537359237671e-02
-4.141919314861297607e-03
-2.656955718994140625e-01
-2.518523037433624268e-01
-6.165466457605361938e-02
1.501835137605667114e-02
-3.427144512534141541e-02
-1.472851186990737915e-01
-2.133241891860961914e-01
-2.230001240968704224e-01
-1.475725173950195312e-01
-1.931739598512649536e-01
-2.380728721618652344e-01
-1.709161102771759033e-01
-9.245479851961135864e-02
-2.682343125343322754e-01
1.094679348170757294e-02
1.754057705402374268e-01
6.266355514526367188e-02
1.142685562372207642e-01
8.743362501263618469e-03
3.532823920249938965e-02
-6.292033358477056026e-04
-4.615081474184989929e-02
6.585693359375000000e-02
1.323750019073486328e-01
2.721651494503021240e-01
1.417316049337387085e-01
3.827199339866638184e-01
3.697824431583285332e-03
4.228980466723442078e-02
4.181079566478729248e-02
-1.021626740694046021e-01
3.342817723751068115e-02
-1.603460311889648438e-01
1.638617068529129028e-01
-7.332646101713180542e-02
-2.992844954133033752e-02
-3.634713962674140930e-02
-6.200593709945678711e-02
-3.435022532939910889e-01
1.715791411697864532e-02
1.439989060163497925e-01
1.928575932979583740e-01
-5.957897007465362549e-02
2.007985673844814301e-02
3.077234327793121338e-01
4.790960848331451416e-01
2.639102637767791748e-01
2.157860398292541504e-01
3.263727724552154541e-01
3.688287138938903809e-01
4.680469930171966553e-01
4.464118480682373047e-01
9.898823499679565430e-02
-1.852543801069259644e-01
-1.418723464012145996e-01
-1.941319853067398071e-01
1.065086424350738525e-01
-5.220226570963859558e-02
-3.164543211460113525e-01
-3.636310622096061707e-02
2.574117481708526611e-01
-1.089645698666572571e-01
-9.494563192129135132e-02
-1.718741357326507568e-01
-1.337771266698837280e-01
-1.457682549953460693e-01
-1.554761379957199097e-01
-8.038382977247238159e-02
-1.318611055612564087e-01
7.978006452322006226e-02
1.780083775520324707e-01
-6.893556565046310425e-02
-1.519155204296112061e-01
-3.611456453800201416e-01
-4.285418987274169922e-01
-3.415223360061645508e-01
-1.797458082437515259e-01
-2.564347982406616211e-01
-1.535067800432443619e-02
2.393052726984024048e-01
-1.458426658064126968e-02
-1.036316230893135071e-01
-2.406435310840606689e-01
-5.269723758101463318e-02
-2.326920181512832642e-01
1.693383604288101196e-01
1.974720209836959839e-01
-1.461195349693298340e-01
-9.869785606861114502e-02
1.383306533098220825e-01
-1.521550118923187256e-01
-4.386808872222900391e-01
-3.186577558517456055e-01
-4.412515461444854736e-01
-1.394294053316116333e-01
-1.267878920771181583e-03
-7.145833969116210938e-02
2.293792925775051117e-02
3.627028316259384155e-02
-8.621174842119216919e-02
-2.500480413436889648e-01
-2.211479544639587402e-01
-3.445081412792205811e-01
-3.239428102970123291e-01
-1.425110101699829102e-01
-3.088381290435791016e-01
7.719343155622482300e-02
8.289361000061035156e-02
7.101424038410186768e-02
2.138914167881011963e-02
-4.496926441788673401e-02
5.710707977414131165e-02
-1.668126285076141357e-01
-1.742053031921386719e-01
-2.353744655847549438e-01
-3.755477964878082275e-01
-6.548725962638854980e-01
-4.649783670902252197e-01
-1.896293163299560547e-01
6.497875601053237915e-02
-7.623244076967239380e-02
-3.383768796920776367e-01
-4.025637805461883545e-01
-5.029636025428771973e-01
-1.345275640487670898e-01
-1.941000372171401978e-01
-7.741399109363555908e-02
-2.898640371859073639e-02
1.451325416564941406e-01
1.510243266820907593e-01
3.251806646585464478e-02
6.063576415181159973e-02
2.055886201560497284e-02
1.308635715395212173e-02
-2.913384139537811279e-01
-9.537674486637115479e-02
-2.817209251224994659e-02
-3.351835012435913086e-01
-1.041904687881469727e-01
1.424820423126220703e-01
-3.122550249099731445e-01
-6.156100034713745117e-01
-4.227139949798583984e-01
-2.737109661102294922e-01
4.743114113807678223e-02
1.951568275690078735e-01
2.736181318759918213e-01
-7.972918450832366943e-02
-5.432585999369621277e-02
-5.791841074824333191e-02
-9.219933301210403442e-02
1.359729748219251633e-02
-4.141919314861297607e-03
6.172151118516921997e-02
-4.131284356117248535e-02
-2.204080484807491302e-02
9.542761743068695068e-02
-2.429746985435485840e-01
-3.393668234348297119e-01
-2.634282708168029785e-01
-2.954524569213390350e-02
-2.081509083509445190e-01
-1.362839341163635254e-01
-9.323717653751373291e-02
1.681089103221893311e-01
2.473685592412948608e-01
1.492520123720169067e-01
2.261645197868347168e-01
-6.382616609334945679e-02
1.256529539823532104e-01
4.279062151908874512e-01
1.198889017105102539e-01
-3.920521587133407593e-02
1.271378695964813232e-01
1.369734704494476318e-01
1.397996097803115845e-01
3.072763681411743164e-01
3.259416520595550537e-01
3.267559707164764404e-01
-6.614135950803756714e-02
-1.976287215948104858e-01
-6.526318192481994629e-02
2.356488555669784546e-01
4.821936488151550293e-01
1.802277714014053345e-01
1.455636471509933472e-01
-1.113116964697837830e-01
-3.327405452728271484e-01
1.771940737962722778e-01
3.184851109981536865e-01
2.562036737799644470e-02
-3.548866212368011475e-01
-3.100356459617614746e-01
-1.704316772520542145e-02
-1.290030181407928467e-01
-3.103016689419746399e-02
-1.917529106140136719e-01
-4.319693893194198608e-02
3.785100579261779785e-02
-1.721775084733963013e-01
-1.176186203956604004e-01
-1.884317994117736816e-01
-6.435307115316390991e-02
9.324015676975250244e-02
-6.069665029644966125e-02
-1.309934630990028381e-02
-1.311585605144500732e-01
1.304909139871597290e-01
4.200505018234252930e-01
3.912462294101715088e-01
2.815536856651306152e-01
3.765407204627990723e-01
1.301396489143371582e-01
2.154507488012313843e-01
4.819755256175994873e-02
2.219173312187194824e-01
1.154501065611839294e-01
-1.135949641466140747e-01
7.407988607883453369e-02
1.211502850055694580e-01
2.105329334735870361e-01
-4.586340859532356262e-02
-3.694643974304199219e-01
-2.937653660774230957e-01
-2.740941643714904785e-01
4.400367848575115204e-03
-6.875993311405181885e-02
2.994739636778831482e-02
2.111770398914813995e-02
-3.754465654492378235e-02
1.989729106426239014e-01
1.245512291789054871e-01
3.732410073280334473e-02
2.272822111845016479e-01
3.530215024948120117e-01
3.661622405052185059e-01
1.843312680721282959e-01
1.822715401649475098e-01
1.139013171195983887e-01
3.213591575622558594e-01
1.381709873676300049e-01
1.711426228284835815e-01
-9.125728160142898560e-02
3.323922753334045410e-01
1.388415992259979248e-01
1.542294048704206944e-03
1.748629063367843628e-01
5.597884766757488251e-03
2.940717339515686035e-01
-3.010408580303192139e-02
3.093201220035552979e-01
-1.025723945349454880e-02
1.786151230335235596e-01
4.650506377220153809e-02
1.605405956506729126e-01
6.076349690556526184e-02
1.117298156023025513e-01
2.116985172033309937e-01
-1.059254352003335953e-02
-7.034065574407577515e-02
4.974634200334548950e-02
3.271870613098144531e-01
5.900713801383972168e-02
7.415971904993057251e-02
-9.232706576585769653e-02
4.176831338554620743e-03
1.759326905012130737e-01
1.801160126924514771e-01
2.447075210511684418e-02
3.656193912029266357e-01
5.737478137016296387e-01
8.702210783958435059e-01
8.062417507171630859e-01
2.409818023443222046e-01
2.881374582648277283e-02
4.738589525222778320e-01
1.189947500824928284e-01
8.934965357184410095e-03
-5.868057608604431152e-01
-7.462511062622070312e-01
-6.769069433212280273e-01
-1.391739398241043091e-01
1.541219055652618408e-01
-1.598989665508270264e-01
-1.699580997228622437e-01
-4.576655328273773193e-01
-4.839629828929901123e-01
-4.180197119712829590e-01
-3.199989795684814453e-01
-3.366843760013580322e-01
-5.479423403739929199e-01
-3.872195780277252197e-01
-8.089476823806762695e-02
8.282974362373352051e-02
-1.412815600633621216e-01
-2.882887125015258789e-01
-3.142668604850769043e-01
3.034442961215972900e-01
2.597163990139961243e-02
6.031642481684684753e-02
-3.715400993824005127e-01
-3.508310317993164062e-01
-6.125603318214416504e-01
-1.812147647142410278e-01
-2.665737569332122803e-01
-2.469504624605178833e-01
-4.235602319240570068e-01
-1.739817559719085693e-01
4.253195822238922119e-01
9.577888995409011841e-02
-1.992254108190536499e-01
-1.705967783927917480e-01
-3.128138780593872070e-01
1.305442396551370621e-02
-1.479557305574417114e-01
-3.831106796860694885e-02
-2.028444781899452209e-02
3.230835795402526855e-01
1.334607452154159546e-01
1.842993348836898804e-01
-2.236547619104385376e-01
-2.576802074909210205e-01
-4.484047293663024902e-01
-3.137080073356628418e-01
-1.198380216956138611e-01
2.813940346240997314e-01
5.379660129547119141e-01
-6.020167842507362366e-02
-5.165939033031463623e-02
-2.248363047838211060e-01
3.320569694042205811e-01
2.548889517784118652e-01
4.741942584514617920e-01
3.957968056201934814e-01
2.284318208694458008e-01
-2.350231856107711792e-01
-3.287967443466186523e-01
-2.968150377273559570e-01
-4.131019115447998047e-01
-5.194893479347229004e-01
-4.013502895832061768e-01
-9.860205650329589844e-02
-9.936846792697906494e-02
-3.088381290435791016e-01
-5.081368684768676758e-01
-4.875236153602600098e-01
-6.394805312156677246e-01
-8.308223634958267212e-02
-1.354376822710037231e-01
-4.128304719924926758e-01
-5.358394384384155273e-01
-5.695136189460754395e-01
-3.659037947654724121e-01
-3.530344665050506592e-01
4.847440868616104126e-03
4.863407928496599197e-03
1.587523072957992554e-01
1.100852265954017639e-01
1.074347272515296936e-01
3.390025794506072998e-01
2.957642376422882080e-01
1.624725908041000366e-01
1.123046278953552246e-01
3.361604511737823486e-01
1.676778048276901245e-01
2.543780207633972168e-01
1.551118493080139160e-01
3.227856010198593140e-02
2.691793441772460938e-01
1.863590627908706665e-01
6.582500040531158447e-02
2.451491653919219971e-01
3.640705943107604980e-01
2.473206520080566406e-01
1.146836951375007629e-01
4.595526158809661865e-01
1.795252412557601929e-01
2.792863845825195312e-01
5.852813273668289185e-02
2.131994068622589111e-01
2.042898833751678467e-01
3.394453553482890129e-03
2.394489794969558716e-01
7.500596344470977783e-02
6.991253048181533813e-02
2.057747989892959595e-01
-3.649084270000457764e-02
2.067168503999710083e-01
2.397523522377014160e-01
1.373407095670700073e-01
-8.119814097881317139e-02
-3.479835391044616699e-02
1.430568546056747437e-01
-1.343678981065750122e-01
2.468097209930419922e-01
3.158026635646820068e-01
5.349856242537498474e-02
2.552083134651184082e-01
9.387350082397460938e-01
6.426130533218383789e-01
5.532622933387756348e-01
3.585779666900634766e-01
4.635283648967742920e-01
4.803893864154815674e-01
4.107258617877960205e-01
5.771966576576232910e-01
5.798791050910949707e-01
3.429943025112152100e-01
1.159610450267791748e-01
-2.280721627175807953e-02
-6.746661663055419922e-02
-1.055955514311790466e-01
2.622710913419723511e-02
1.240881904959678650e-01
2.833260297775268555e-01
-6.556655466556549072e-02
2.724365890026092529e-01
1.735855489969253540e-01
-1.126209869980812073e-01
-1.532886624336242676e-01
-7.557779550552368164e-02
2.186920195817947388e-01
-1.887936145067214966e-02
-1.598935388028621674e-02
2.419931441545486450e-02
3.654118180274963379e-01
3.021190464496612549e-01
-1.225310098379850388e-02
-1.642100214958190918e-01
-4.240392446517944336e-01
-4.411397874355316162e-01
-2.545028030872344971e-01
1.288622915744781494e-01
1.423064023256301880e-01
2.960835695266723633e-01
5.804060101509094238e-01
3.044981062412261963e-01
5.870801806449890137e-01
4.980647563934326172e-01
4.244573712348937988e-01
2.424507588148117065e-01
4.715756773948669434e-01
4.302853047847747803e-01
4.973621964454650879e-01
3.973456025123596191e-01
1.155459061264991760e-01
-4.237720742821693420e-03
-2.620816417038440704e-02
1.823992729187011719e-01
2.346589118242263794e-01
1.714459806680679321e-01
1.911331713199615479e-01
5.838442966341972351e-02
5.129513144493103027e-02
6.089123338460922241e-02
1.192342564463615417e-01
5.491907596588134766e-01
5.016732811927795410e-01
7.045965194702148438e-01
9.697267413139343262e-01
7.203558087348937988e-01
6.960222721099853516e-01
6.160281300544738770e-01
3.182935118675231934e-01
2.871794439852237701e-02
5.586166307330131531e-02
1.567299291491508484e-02
-2.050693035125732422e-01
-1.069208011031150818e-01
-2.149368375539779663e-01
2.490185759961605072e-02
2.333017289638519287e-01
-2.635081112384796143e-01
-1.114554032683372498e-01
-1.982833743095397949e-01
-3.356890007853507996e-02
-4.947725832462310791e-01
-3.792042136192321777e-01
-5.831493139266967773e-01
-4.708062708377838135e-01
-4.659363627433776855e-01
-2.196151316165924072e-01
4.061327874660491943e-02
2.758215665817260742e-01
2.405506968498229980e-01
1.905743181705474854e-01
6.187425255775451660e-01
2.492047548294067383e-01
2.061739712953567505e-01
1.942521333694458008e-02
-1.142975091934204102e-01
-2.659191191196441650e-01
-1.204011379741132259e-03
-1.761053502559661865e-01
-1.478120237588882446e-01
-6.871203333139419556e-02
2.414767742156982422e-01
1.181165724992752075e-01
1.769226342439651489e-01
-6.098405644297599792e-02
3.763650953769683838e-01
-6.464047729969024658e-02
7.264286279678344727e-02
-9.933652728796005249e-02
-2.334744036197662354e-01
-1.412656009197235107e-01
-1.629645973443984985e-01
-4.744626879692077637e-01
-2.488664835691452026e-01
-3.823816180229187012e-01
-5.904940962791442871e-01
-6.842197775840759277e-01
-5.444136261940002441e-01
-5.700245499610900879e-01
-3.787890672683715820e-01
-5.514391064643859863e-01
-4.729937314987182617e-01
-3.108659088611602783e-01
-1.649604588747024536e-01
-2.551734149456024170e-01
-3.347683548927307129e-01
-3.303614854812622070e-01
9.704027324914932251e-02
2.999315857887268066e-01
3.290551900863647461e-01
1.983342319726943970e-01
2.595193684101104736e-01
8.530461043119430542e-02
-2.288705110549926758e-02
-5.099933128803968430e-03
-4.568777233362197876e-02
-2.944200038909912109e-01
-4.937666654586791992e-01
-3.924567401409149170e-01
-2.914022803306579590e-01
-3.162786960601806641e-01
-2.708848118782043457e-01
-4.568032920360565186e-01
-4.637329280376434326e-01
-3.605868220329284668e-01
-3.883532285690307617e-01
-1.738220900297164917e-01
-3.326766788959503174e-01
-3.028345704078674316e-01
-5.942463278770446777e-01
-1.020290851593017578e+00
-1.045247197151184082e+00
-9.451507329940795898e-01
-1.049510359764099121e+00
-6.755657196044921875e-01
-5.266105532646179199e-01
-3.863040730357170105e-02
3.112894482910633087e-02
1.889616698026657104e-01
1.478469222784042358e-01
-6.962214410305023193e-02
9.555535763502120972e-02
4.546507596969604492e-01
3.247601091861724854e-01
1.397517025470733643e-01
6.563340127468109131e-02
7.535723596811294556e-02
-1.113915368914604187e-01
-1.956328600645065308e-01
-1.151756867766380310e-01
-1.398126035928726196e-01
-8.126200735569000244e-02
1.053749918937683105e-01
-1.164211034774780273e-01
1.382083445787429810e-02
-2.050693035125732422e-01
-8.426378667354583740e-02
4.637678563594818115e-01
1.740006953477859497e-01
2.834856808185577393e-01
3.598288074135780334e-02
3.580724447965621948e-02
1.087280437350273132e-01
9.616209566593170166e-02
1.893565757200121880e-03
2.346110194921493530e-01
1.874448060989379883e-01
-4.155234619975090027e-02
-6.404969841241836548e-02
-6.696622353047132492e-03
-4.947192594408988953e-02
2.249085716903209686e-02
2.665288448333740234e-01
6.719761490821838379e-01
5.986402034759521484e-01
3.656193912029266357e-01
3.431859016418457031e-01
4.525112211704254150e-01
3.805324435234069824e-01
3.391143381595611572e-01
2.244241386651992798e-01
2.228593826293945312e-01
-2.014074474573135376e-02
-2.336340695619583130e-01
-3.118983469903469086e-02
2.117783576250076294e-01
4.741463363170623779e-01
3.060788512229919434e-01
-1.189438775181770325e-01
1.875565797090530396e-01
1.290858238935470581e-01
3.697547912597656250e-01
2.290545403957366943e-01
2.104850411415100098e-01
5.664404109120368958e-02
1.062212362885475159e-01
4.399293065071105957e-01
1.873490065336227417e-01
5.818110704421997070e-01
4.208009541034698486e-01
2.572839856147766113e-01
2.617228031158447266e-01
7.683363556861877441e-01
5.403929948806762695e-01
5.050263404846191406e-01
3.282249271869659424e-01
5.641517043113708496e-01
4.123704433441162109e-01
-8.065526932477951050e-02
3.770995736122131348e-01
4.587223231792449951e-01
4.935620725154876709e-01
1.682047098875045776e-01
9.367231726646423340e-01
1.142648220062255859e+00
1.026361346244812012e+00
6.107111573219299316e-01
5.452468991279602051e-01
1.257327795028686523e-01
1.027618441730737686e-02
2.588008642196655273e-01
1.406618207693099976e-01
-1.399084180593490601e-01
-1.861006319522857666e-01
4.846899211406707764e-02
-8.249145746231079102e-02
-1.551408320665359497e-01
-9.823481738567352295e-02
-3.394147157669067383e-01
-6.180529594421386719e-01
-1.925352960824966431e-01
1.619456857442855835e-01
-8.359317481517791748e-02
8.140868693590164185e-02
2.499072998762130737e-01
4.684301912784576416e-01
6.848134994506835938e-01
5.970275402069091797e-01
4.275389909744262695e-01
2.247275114059448242e-01
-1.458426658064126968e-02
3.808677494525909424e-01
-9.572800993919372559e-02
1.728830039501190186e-01
7.866238057613372803e-02
-4.378771409392356873e-02
6.553760170936584473e-02
-1.496641784906387329e-01
-5.925963073968887329e-02
4.896022975444793701e-01
-1.164211034774780273e-01
-4.222509562969207764e-01
