1.407347321510314941e+00
1.593521237373352051e+00
7.346302270889282227e-01
-7.784882783889770508e-01
9.504441171884536743e-02
1.075060367584228516e+00
4.632090330123901367e-01
-6.676301360130310059e-01
-3.049102723598480225e-01
-1.772974431514739990e-02
1.726434975862503052e-01
7.555788159370422363e-01
3.606856167316436768e-01
-5.726271271705627441e-01
7.289140820503234863e-01
1.520153403282165527e+00
9.066415429115295410e-01
-9.698035717010498047e-01
1.430148005485534668e+00
-1.061038374900817871e+00
2.022355794906616211e-02
1.208080530166625977e+00
6.999236345291137695e-02
-1.150309324264526367e+00
-8.819058537483215332e-01
4.207849800586700439e-01
7.126278281211853027e-01
-5.746070146560668945e-01
4.495892524719238281e-01
6.216858327388763428e-02
-2.854264020919799805e+00
-6.441109180450439453e-01
1.118346571922302246e+00
1.726892709732055664e+00
7.436036467552185059e-01
6.576113402843475342e-02
-5.674741230905056000e-03
1.105322986841201782e-01
-5.278879404067993164e-01
-2.572650611400604248e-01
-1.406146764755249023e+00
-2.000642061233520508e+00
-1.106879353523254395e+00
1.933855652809143066e+00
-2.262754678726196289e+00
-1.095351219177246094e+00
4.396632686257362366e-02
6.077094078063964844e-01
-8.215509653091430664e-01
-2.066313982009887695e+00
-1.993488907814025879e+00
-1.501596927642822266e+00
1.244868278503417969e+00
-1.348697900772094727e+00
-1.159845851361751556e-02
5.000286698341369629e-01
2.336529940366744995e-01
-9.942010045051574707e-01
-1.595562100410461426e+00
-1.329633474349975586e+00
1.205940961837768555e+00
-1.586876034736633301e+00
3.250155746936798096e-01
-1.859207391738891602e+00
-1.136976957321166992e+00
2.348824441432952881e-01
-2.013490200042724609e-01
-2.051688194274902344e+00
1.030385017395019531e+00
-1.348665952682495117e+00
-2.922794103622436523e+00
-2.470851182937622070e+00
1.700451612472534180e+00
-5.968010425567626953e-01
-2.987789809703826904e-01
-1.039435148239135742e+00
-1.807027578353881836e+00
7.534711360931396484e-01
3.034565210342407227e+00
-6.292936205863952637e-01
2.333710156381130219e-02
1.552422523498535156e+00
1.445923328399658203e+00
-4.219635426998138428e-01
-4.515501856803894043e-01
1.051860451698303223e+00
-8.233712315559387207e-01
-1.538954079151153564e-01
-1.704679846763610840e+00
-1.713733077049255371e+00
6.488561034202575684e-01
-2.182680606842041016e+00
-8.285924196243286133e-01
1.402269840240478516e+00
-3.102911114692687988e-01
-1.641163468360900879e+00
-2.277444124221801758e+00
1.425134420394897461e+00
1.659656167030334473e+00
-9.038283824920654297e-01
-3.926483392715454102e-01
-2.514211833477020264e-01
2.564058303833007812e-01
-1.102456569671630859e+00
5.394189953804016113e-01
-6.935124993324279785e-01
2.385048151016235352e+00
1.421829342842102051e+00
-8.615161180496215820e-01
-1.726298928260803223e+00
-3.643709719181060791e-01
6.398667097091674805e-01
-7.363836169242858887e-01
-2.903963625431060791e-01
-2.062226533889770508e+00
-2.294688463211059570e+00
-3.373230397701263428e-01
2.423927307128906250e+00
-1.404832154512405396e-01
-5.689547657966613770e-01
5.379340648651123047e-01
-5.031392574310302734e-01
-4.323729038238525391e+00
-1.928583502769470215e+00
1.749086737632751465e+00
1.087243080139160156e+00
-2.294188141822814941e-01
-5.399055778980255127e-02
-4.801893979310989380e-02
-3.590539991855621338e-01
1.302652359008789062e+00
7.610768079757690430e-02
1.350489258766174316e+00
9.671241641044616699e-01
8.078064918518066406e-01
-1.454957604408264160e+00
4.397377073764801025e-01
2.505619525909423828e-01
-3.578724563121795654e-01
-8.935616612434387207e-01
-9.892352819442749023e-01
-5.118731260299682617e-01
2.425625175237655640e-01
-1.411655426025390625e+00
2.981432974338531494e-01
-1.032186269760131836e+00
-7.739217281341552734e-01
-1.475028038024902344e+00
-1.277868747711181641e+00
-6.148755550384521484e-01
-7.409341335296630859e-01
6.933717727661132812e-01
-7.546602934598922729e-02
3.407589197158813477e-01
-1.480376958847045898e+00
-2.655997574329376221e-01
1.894087344408035278e-01
1.150855183601379395e+00
8.224321603775024414e-01
-6.865828633308410645e-01
-3.520285487174987793e-01
-3.339380621910095215e-01
6.621245741844177246e-01
4.834125563502311707e-02
-7.820808291435241699e-01
-1.281636953353881836e+00
-1.594843506813049316e+00
-1.162923097610473633e+00
-4.652817249298095703e-01
4.945893958210945129e-02
-1.746523678302764893e-01
-4.481332898139953613e-01
4.548423588275909424e-01
1.251260340213775635e-01
-1.632041037082672119e-01
-9.267888069152832031e-01
-9.834393262863159180e-01
-7.810110449790954590e-01
-5.514869689941406250e-01
-1.252657055854797363e+00
-1.011509060859680176e+00
-1.458161622285842896e-01
4.396099448204040527e-01
-7.492315024137496948e-02
-3.299463391304016113e-01
1.789184957742691040e-01
1.312360286712646484e+00
1.269521117210388184e+00
1.316415905952453613e+00
5.474822521209716797e-01
1.018840909004211426e+00
1.198660016059875488e+00
1.022433400154113770e+00
-3.006151616573333740e-01
1.345465034246444702e-01
-1.063609123229980469e+00
-5.766987204551696777e-01
4.276880994439125061e-02
-1.303064584732055664e+00
-5.481179356575012207e-01
8.722329139709472656e-01
-7.738419175148010254e-01
2.110598534345626831e-01
-5.716531872749328613e-01
-1.739019304513931274e-01
-1.034719571471214294e-01
1.787907630205154419e-01
-1.688084900379180908e-01
4.760144650936126709e-01
1.002017185091972351e-01
-8.926142007112503052e-02
1.043850481510162354e-01
-8.006822466850280762e-01
-7.395450472831726074e-01
-8.200820684432983398e-01
1.702963709831237793e-01
-1.022590160369873047e+00
-6.602534651756286621e-01
-1.002455830574035645e+00
-1.224565878510475159e-01
-4.643821716308593750e-02
-1.952017545700073242e-01
-4.320067167282104492e-01
-1.241719722747802734e+00
-1.307343721389770508e+00
-1.030350089073181152e+00
-6.354888081550598145e-01
-1.414252668619155884e-01
-6.135023832321166992e-01
-3.637003600597381592e-01
4.705537855625152588e-01
1.393104910850524902e+00
1.357370972633361816e+00
1.131508722901344299e-01
-4.444608986377716064e-01
1.179303880780935287e-02
6.901464462280273438e-01
3.855355083942413330e-02
7.087159752845764160e-01
9.181910008192062378e-02
8.090199828147888184e-01
3.014963269233703613e-01
7.962039858102798462e-02
-1.626771986484527588e-01
-9.163304567337036133e-01
2.766199111938476562e-01
-6.291339993476867676e-01
6.437786221504211426e-01
-9.192204475402832031e-01
5.585473179817199707e-01
7.126278281211853027e-01
7.898117899894714355e-01
4.232918024063110352e-01
4.440966546535491943e-01
4.934822618961334229e-01
1.721165925264358521e-01
-5.053905844688415527e-01
-2.129569500684738159e-01
7.114739622920751572e-03
4.818902909755706787e-01
1.432383418083190918e+00
1.836249947547912598e+00
9.270792007446289062e-01
-1.318930387496948242e-01
2.941196262836456299e-01
3.419564366340637207e-01
-4.421457052230834961e-01
-1.153672933578491211e-01
-1.917209774255752563e-01
-5.761398673057556152e-01
1.519025117158889771e-01
-2.784850597381591797e-01
1.582413613796234131e-01
-5.480486899614334106e-02
-2.541515231132507324e-01
2.316731065511703491e-01
-8.180488646030426025e-02
-6.681730151176452637e-01
-3.594796732068061829e-02
-4.622001051902770996e-01
-9.144783020019531250e-01
-2.986193001270294189e-01
3.942959308624267578e-01
-1.034405589103698730e+00
-8.129927515983581543e-01
4.698033630847930908e-01
9.945552349090576172e-01
8.304795026779174805e-01
2.099740952253341675e-01
4.227383807301521301e-02
-5.172220468521118164e-01
-2.633324861526489258e-01
4.523515403270721436e-01
-4.137086570262908936e-01
-5.735213160514831543e-01
1.664483547210693359e-01
-3.497612476348876953e-01
-9.296468496322631836e-01
-2.922006249427795410e-01
4.588979780673980713e-01
-4.057836905121803284e-02
7.442741990089416504e-01
4.258464872837066650e-01
2.478635311126708984e-01
3.756944835186004639e-01
3.365915715694427490e-01
2.670238316059112549e-01
4.071652293205261230e-01
6.606236696243286133e-01
6.513309478759765625e-01
5.861700773239135742e-01
1.388522386550903320e+00
6.454391479492187500e-01
1.276009082794189453e-01
2.754383683204650879e-01
-1.618469208478927612e-01
2.739853858947753906e-01
-6.682687997817993164e-01
-4.626791179180145264e-01
1.773537397384643555e-01
-6.462824344635009766e-01
-6.920595169067382812e-01
-2.146494388580322266e-01
6.077572703361511230e-01
1.790835894644260406e-02
3.107049502432346344e-03
-6.770611554384231567e-02
-6.896485090255737305e-01
-1.172646999359130859e+00
-8.109649419784545898e-01
-5.479103922843933105e-01
-6.777212023735046387e-01
1.394802629947662354e-01
1.218049302697181702e-01
1.376627087593078613e+00
1.489512920379638672e+00
1.091234803199768066e+00
5.614054203033447266e-01
-5.348334908485412598e-01
1.625343322753906250e+00
-9.542464464902877808e-02
8.877367377281188965e-01
-6.936242580413818359e-01
4.360493421554565430e-01
-7.557833790779113770e-01
-4.618647992610931396e-01
-2.854625880718231201e-01
-3.161349892616271973e-01
9.717343375086784363e-03
-6.468412876129150391e-01
-1.065796494483947754e+00
-9.168254137039184570e-01
3.129445910453796387e-01
5.879423618316650391e-01
-6.566129922866821289e-01
-9.462524056434631348e-01
-1.001146554946899414e+00
-5.292450785636901855e-01
7.250341176986694336e-01
-3.637003600597381592e-01
-8.925877213478088379e-01
2.864874601364135742e-01
-5.111386179924011230e-01
-3.499847948551177979e-01
-6.341635584831237793e-01
-1.783886253833770752e-01
1.046048521995544434e+00
1.579230904579162598e+00
8.992648720741271973e-01
-2.659031450748443604e-01
-5.995792746543884277e-01
1.280043244361877441e+00
1.229864731431007385e-01
4.613568782806396484e-01
-1.461903214454650879e+00
4.316424727439880371e-01
-5.477496623992919922e+00
-1.237759947776794434e+00
-1.293308734893798828e+00
1.505453288555145264e-01
8.730047196149826050e-02
2.086807787418365479e-01
1.697694659233093262e-01
3.024064600467681885e-01
7.889016866683959961e-01
9.376013875007629395e-01
5.936904549598693848e-01
2.537872493267059326e-01
8.802003860473632812e-01
-7.004740238189697266e-01
1.348658353090286255e-01
-1.250613331794738770e+00
-8.917095065116882324e-01
-5.956993103027343750e-01
1.669592857360839844e-01
-1.047594308853149414e+00
-7.175107002258300781e-01
-3.686501085758209229e-01
1.438232660293579102e-01
6.028394699096679688e-01
5.410476326942443848e-01
4.556566774845123291e-01
-1.724649071693420410e-01
-1.287580933421850204e-02
2.956684231758117676e-01
3.901658952236175537e-02
-5.522853136062622070e-01
-9.549703598022460938e-01
-7.799412608146667480e-01
-1.917369514703750610e-01
2.252384424209594727e-01
-2.723218202590942383e-01
-3.520445227622985840e-01
3.497696667909622192e-02
7.097857594490051270e-01
1.325187087059020996e-01
-6.842197775840759277e-01
-4.338908195495605469e-01
-2.794271111488342285e-01
6.885871291160583496e-02
7.622689008712768555e-01
-9.149678796529769897e-02
-6.178294420242309570e-01
-1.154907822608947754e+00
-1.062842726707458496e+00
-3.996258676052093506e-01
-3.575211763381958008e-01
-1.344754099845886230e+00
-5.729464888572692871e-01
1.367818564176559448e-01
-4.115531444549560547e-01
2.145086973905563354e-01
5.947123765945434570e-01
6.706828474998474121e-01
8.162689208984375000e-01
7.880713939666748047e-01
2.588993072509765625e+00
9.904517531394958496e-01
4.475933909416198730e-01
-1.509734690189361572e-01
-1.638108491897583008e-01
2.202887088060379028e-01
1.786470562219619751e-01
1.013832688331604004e-01
-1.039115905761718750e+00
-5.749263763427734375e-01
-5.923941731452941895e-01
-1.688563823699951172e-01
1.194258630275726318e-01
-1.706925779581069946e-01
-3.451148867607116699e-01
-6.682793796062469482e-02
6.845101714134216309e-01
7.603688836097717285e-01
3.967069089412689209e-01
4.476572573184967041e-01
3.713355362415313721e-01
8.057308197021484375e-01
5.097365379333496094e-01
-1.973253637552261353e-01
1.416576147079467773e+00
-1.868830025196075439e-01
2.352975904941558838e-01
1.220486760139465332e+00
6.710181236267089844e-01
1.599817574024200439e-01
4.737791121006011963e-01
8.649041056632995605e-01
2.422591596841812134e-01
-6.045449376106262207e-01
-1.726346850395202637e+00
-7.377088665962219238e-01
2.819848060607910156e-01
-6.469690203666687012e-01
-2.455932646989822388e-01
-8.772594928741455078e-01
-1.296885371208190918e+00
-5.082486271858215332e-01
-6.549524664878845215e-01
-2.610172927379608154e-01
2.473046928644180298e-01
7.960708141326904297e-01
9.138745665550231934e-01
4.181983470916748047e-01
1.409227121621370316e-02
1.136325359344482422e+00
9.171637296676635742e-01
1.514075398445129395e-01
3.307636678218841553e-01
-2.525069415569305420e-01
1.808185577392578125e-01
-4.044957756996154785e-01
-9.147816896438598633e-01
-5.561652779579162598e-01
-7.091919779777526855e-01
-6.925225257873535156e-01
-3.545672893524169922e-01
6.130743026733398438e-01
7.395640015602111816e-01
1.570917516946792603e-01
4.824012219905853271e-01
4.312433004379272461e-01
-5.644361376762390137e-01
-2.204134762287139893e-01
1.530361622571945190e-01
3.694514334201812744e-01
-8.822251558303833008e-01
-5.108512639999389648e-01
-1.762171238660812378e-01
-2.293495088815689087e-02
7.912542670965194702e-02
7.279824931174516678e-04
-2.754938416182994843e-02
7.465415000915527344e-01
6.375515460968017578e-01
7.941388487815856934e-01
7.833611965179443359e-01
6.443055272102355957e-01
4.010978043079376221e-01
5.201469659805297852e-01
5.125307440757751465e-01
4.972344636917114258e-01
5.514899492263793945e-01
1.318124294281005859e+00
4.035886526107788086e-01
2.047902904450893402e-02
-3.876187503337860107e-01
-9.346604347229003906e-01
-3.277055546641349792e-02
4.105502068996429443e-01
-9.471465945243835449e-01
-1.533685028553009033e-01
2.284871816635131836e+00
2.209114134311676025e-01
-3.663348853588104248e-01
-4.983012676239013672e-01
-3.527630269527435303e-01
9.672039747238159180e-01
-2.845949679613113403e-02
-4.059168100357055664e-01
-1.691278219223022461e-01
-7.642617821693420410e-01
-1.052288532257080078e+00
-5.645478963851928711e-01
9.647291302680969238e-01
-4.647388458251953125e-01
1.332372128963470459e-01
-8.238821625709533691e-01
1.880994588136672974e-01
-1.122856810688972473e-01
2.923473119735717773e-01
5.471204593777656555e-02
1.138816118240356445e+00
9.557132422924041748e-02
-8.344681859016418457e-01
-6.425781250000000000e-01
-8.362245559692382812e-01
-1.029647469520568848e+00
-9.935942292213439941e-01
9.117829203605651855e-01
1.622756719589233398e+00
2.232117176055908203e+00
1.536950588226318359e+00
1.142712116241455078e+00
4.528784453868865967e-01
-7.798933982849121094e-01
1.546339154243469238e+00
6.766544580459594727e-01
-1.457203626632690430e-01
1.045393824577331543e+00
2.388262748718261719e-01
-4.064596891403198242e-01
3.686530888080596924e-01
-2.726731002330780029e-01
2.092875242233276367e-01
-3.048783242702484131e-01
1.037905335426330566e+00
1.097605586051940918e+00
1.071579575538635254e+00
5.820186734199523926e-01
-1.794584095478057861e-01
1.026904225349426270e+00
1.944542825222015381e-01
1.209501624107360840e+00
1.002043724060058594e+00
5.677602291107177734e-01
-3.180031180381774902e-01
-4.450676441192626953e-01
-1.031675338745117188e+00
-1.650568008422851562e+00
-5.433119535446166992e-01
5.746419429779052734e-01
-1.179864048957824707e+00
-9.016568660736083984e-01
-5.161362886428833008e-01
8.045333027839660645e-01
-8.316261172294616699e-01
-1.522641301155090332e+00
-2.042523384094238281e+00
-1.930531501770019531e+00
-8.470022082328796387e-01
2.730635404586791992e+00
1.659640192985534668e+00
-3.613213002681732178e-01
9.580389857292175293e-01
-4.648506343364715576e-01
5.282741189002990723e-01
2.041201114654541016e+00
-3.379243984818458557e-02
-9.896664023399353027e-01
-1.426728129386901855e+00
-2.216003656387329102e+00
-2.409266710281372070e+00
-5.457548499107360840e-01
1.831683516502380371e+00
2.454583883285522461e+00
4.831676483154296875e-01
-1.938067913055419922e+00
1.096296310424804688e+00
-8.733635544776916504e-01
-5.760759711265563965e-01
1.501940488815307617e-01
2.596401691436767578e+00
8.035113811492919922e-01
2.473265171051025391e+00
2.744164764881134033e-01
-9.013854265213012695e-01
-2.545735836029052734e+00
5.671529293060302734e+00
2.855384826660156250e+00
-1.708064794540405273e+00
8.025054931640625000e-01
3.711279630661010742e-01
4.574609398841857910e-01
-5.988607406616210938e-01
-8.107414245605468750e-01
8.142730593681335449e-01
1.986466526985168457e+00
2.343246698379516602e+00
1.449372172355651855e+00
8.874334096908569336e-01
5.888365507125854492e-01
1.619137525558471680e-01
-2.342248409986495972e-01
6.970441341400146484e-01
1.344916820526123047e+00
-4.415868520736694336e-01
-7.091440558433532715e-01
1.600898027420043945e+00
2.366068810224533081e-01
-1.700538992881774902e-01
-5.576502084732055664e-01
-1.293803811073303223e+00
-2.070114135742187500e+00
-3.516932427883148193e-01
2.381396889686584473e-01
-1.453983664512634277e+00
-2.258491516113281250e+00
1.648974299430847168e+00
2.155465483665466309e-01
1.223680138587951660e+00
9.651283025741577148e-01
1.371970027685165405e-01
-9.649975299835205078e-01
-1.459029197692871094e+00
1.126809000968933105e+00
-9.175918698310852051e-01
-1.177149653434753418e+00
5.858666896820068359e-01
-7.265958786010742188e-01
-8.825924396514892578e-01
-1.356122493743896484e+00
-8.140465617179870605e-01
1.409231424331665039e+00
7.479466199874877930e-01
-6.645166277885437012e-01
-2.912904918193817139e-01
1.344868898391723633e+00
6.485367417335510254e-01
-8.000116348266601562e-01
-4.625034928321838379e-01
6.383019685745239258e-01
-5.961942672729492188e-01
-7.960145175457000732e-02
1.566058278083801270e+00
-6.164562702178955078e-01
1.775895118713378906e+00
8.803281188011169434e-01
4.475774466991424561e-01
-6.561978459358215332e-01
-1.991109848022460938e+00
-1.698740124702453613e+00
-2.782136201858520508e-01
2.112397432327270508e+00
-3.758714301511645317e-03
-1.824543237686157227e+00
-1.287640571594238281e+00
7.879276871681213379e-01
8.108401894569396973e-01
-1.171162009239196777e+00
-9.472423791885375977e-01
7.213777303695678711e-01
1.742332696914672852e+00
-1.766587793827056885e-02
3.908045962452888489e-02
9.185103327035903931e-02
1.754696369171142578e-01
1.135479092597961426e+00
5.114609599113464355e-01
-7.021186351776123047e-01
3.735603392124176025e-02
-3.219628930091857910e-01
-1.366990655660629272e-01
3.450061082839965820e-01
-2.899812161922454834e-01
-2.872349023818969727e-01
-9.202583432197570801e-01
-8.109649419784545898e-01
-3.999451994895935059e-01
-2.987151145935058594e-01
8.643826097249984741e-02
-1.585518836975097656e+00
-1.241671919822692871e+00
-4.462811350822448730e-01
9.634677171707153320e-01
-3.094129264354705811e-01
9.240135550498962402e-01
-2.211639285087585449e-01
6.403297781944274902e-01
-4.466323852539062500e-01
7.865066528320312500e-01
-4.420179724693298340e-01
-3.425442278385162354e-01
1.082650050520896912e-01
8.981152176856994629e-01
8.516196608543395996e-01
2.779292166233062744e-01
-3.311598300933837891e-01
-9.014493227005004883e-01
-1.996634483337402344e+00
-9.203541278839111328e-01
2.382796764373779297e+00
2.215303897857666016e+00
1.265525165945291519e-02
1.663695812225341797e+00
1.813097953796386719e+00
3.119706213474273682e-01
-7.933375239372253418e-01
-1.873082637786865234e+00
-1.383186459541320801e+00
-9.683665633201599121e-01
-7.586254477500915527e-01
-5.264933779835700989e-02
4.203219413757324219e-01
-2.600592672824859619e-01
-8.789679408073425293e-01
-1.639774441719055176e+00
-2.189881801605224609e+00
-1.981098651885986328e+00
2.382035702466964722e-01
-3.923130333423614502e-01
1.047565340995788574e+00
7.534232735633850098e-01
-1.502538919448852539e+00
2.066849172115325928e-01
-2.486694604158401489e-02
9.434133172035217285e-01
9.184570312500000000e-01
-8.246006965637207031e-01
-1.599442005157470703e+00
-2.735757827758789062e+00
-3.772951126098632812e+00
-2.906012773513793945e+00
1.683845996856689453e+00
5.319203853607177734e+00
4.042986392974853516e+00
7.258644104003906250e-01
-1.496439576148986816e+00
-1.070762276649475098e+00
-3.563076853752136230e-01
-2.137701988220214844e+00
-1.083104610443115234e+00
4.581634998321533203e-01
-2.510220110416412354e-01
1.723843097686767578e+00
1.266615152359008789e+00
6.968365907669067383e-01
1.892650425434112549e-01
-3.089658617973327637e-01
-8.711601495742797852e-01
3.332544863224029541e-01
1.555216670036315918e+00
-4.096370935440063477e-01
8.153642714023590088e-02
-6.469849348068237305e-01
-1.131771683692932129e+00
-6.875727772712707520e-01
-2.988108992576599121e-01
7.215054631233215332e-01
-1.447249855846166611e-02
1.099314093589782715e+00
4.914864003658294678e-01
-1.025299057364463806e-01
-9.517610073089599609e-01
-5.350570678710937500e-01
3.962917923927307129e-01
-4.806738197803497314e-01
-4.100043475627899170e-01
-7.725166678428649902e-01
-3.302497267723083496e-01
-3.380415737628936768e-01
6.858992576599121094e-01
5.003320574760437012e-01
-1.247877553105354309e-01
8.132352232933044434e-01
7.178649902343750000e-01
-1.597871929407119751e-01
1.014050841331481934e+00
2.397693872451782227e+00
1.250376820564270020e+00
7.629554867744445801e-01
1.476292371749877930e+00
1.114578366279602051e+00
2.936406433582305908e-01
3.469381034374237061e-01
3.652361631393432617e-01
-5.228104591369628906e-01
-9.541560411453247070e-01
-9.758870005607604980e-01
-1.200126051902770996e+00
-9.321376681327819824e-01
1.229747533798217773e+00
-8.296622037887573242e-01
2.020364284515380859e+00
1.302285194396972656e+00
4.518086612224578857e-01
-5.240239500999450684e-01
8.089082241058349609e-01
-4.709020853042602539e-01
-3.042396605014801025e-01
5.797034502029418945e-01
-6.225236654281616211e-01
-4.826696813106536865e-01
-5.224112868309020996e-01
-2.829557955265045166e-01
-6.955243349075317383e-01
1.900314539670944214e-01
1.315926164388656616e-01
7.074280828237533569e-02
-2.689980745315551758e+00
-2.256703138351440430e+00
-2.428442955017089844e+00
3.756360337138175964e-02
-2.479409456253051758e+00
-1.764731287956237793e+00
9.226084351539611816e-01
-4.302663207054138184e-01
1.994359493255615234e-01
-7.410938143730163574e-01
-1.148552894592285156e+00
1.309741735458374023e+00
-6.360316872596740723e-01
-7.508176565170288086e-01
-1.771751344203948975e-01
-2.373469114303588867e+00
-1.902190208435058594e+00
-1.826123952865600586e+00
7.621890902519226074e-01
1.375988364219665527e+00
1.255837440490722656e+00
-1.430379301309585571e-01
6.137023866176605225e-02
-2.262195825576782227e+00
-3.411551117897033691e-01
4.068458974361419678e-01
-8.394978046417236328e-01
6.456148028373718262e-01
-1.848844885826110840e+00
-3.310640156269073486e-01
-1.903898715972900391e+00
5.600322484970092773e-01
5.693686194717884064e-03
-1.364249706268310547e+00
-4.463450014591217041e-01
1.129251956939697266e+00
6.705445051193237305e-02
-1.065956234931945801e+00
-2.676754593849182129e-01
-4.605236053466796875e-01
-5.029476284980773926e-01
-1.235423386096954346e-01
4.722622632980346680e-01
2.344353795051574707e-01
-1.217061504721641541e-01
-5.738406181335449219e-01
1.661504060029983521e-02
8.410974740982055664e-01
4.525750875473022461e-01
1.074645161628723145e+00
8.208035230636596680e-01
2.886110544204711914e-01
-1.631721705198287964e-01
-2.350231856107711792e-01
6.016898751258850098e-01
1.339557170867919922e-01
-4.771610796451568604e-01
-7.599506974220275879e-01
-1.075376629829406738e+00
-2.817423045635223389e-01
1.813294887542724609e-01
4.877820611000061035e-01
3.473213315010070801e-01
3.370546102523803711e-01
2.289906591176986694e-01
1.305547803640365601e-01
-3.451468348503112793e-01
2.155625075101852417e-01
-5.454939976334571838e-02
2.285809442400932312e-02
-1.272306889295578003e-01
5.178956389427185059e-01
1.166646480560302734e+00
1.815253496170043945e+00
8.418000340461730957e-01
7.021535634994506836e-01
8.956243991851806641e-01
6.277478337287902832e-01
-1.287580933421850204e-02
5.447838902473449707e-01
1.389214247465133667e-01
5.204343795776367188e-01
4.082829058170318604e-01
3.794467151165008545e-01
2.197298705577850342e-01
-1.920722424983978271e-01
-6.431848406791687012e-01
-3.797630369663238525e-01
-2.781018614768981934e-01
-4.667506814002990723e-01
-8.249679207801818848e-01
-6.186756491661071777e-01
-8.770040273666381836e-01
-1.465176463127136230e+00
-2.108817815780639648e+00
-2.682524204254150391e+00
-1.505716323852539062e+00
-3.062195479869842529e-01
7.319158315658569336e-01
-5.120646953582763672e-01
-1.360098242759704590e+00
-9.075646400451660156e-01
2.117102034389972687e-03
5.127383470535278320e-01
-1.357990622520446777e+00
-1.895595908164978027e+00
-1.494725793600082397e-01
1.492339134216308594e+00
-2.034566402435302734e-01
1.064490199089050293e+00
1.138001799583435059e+00
1.285376191139221191e+00
1.686704039573669434e+00
1.763281345367431641e+00
1.740592360496520996e+00
1.179052710533142090e+00
1.082969382405281067e-01
-3.069486096501350403e-02
-8.650607466697692871e-01
-8.507384657859802246e-01
2.802124619483947754e-01
3.636235296726226807e-01
-1.048291400074958801e-01
-3.887364566326141357e-01
2.215820252895355225e-01
-1.190354228019714355e+00
-8.409986495971679688e-01
-2.421603947877883911e-01
-1.191232442855834961e+00
-4.139960706233978271e-01
-1.149287462234497070e+00
-2.461361438035964966e-01
5.495420098304748535e-01
-6.303474307060241699e-01
-4.312403202056884766e-01
-1.233704328536987305e+00
-6.376229226589202881e-02
7.509005069732666016e-01
7.272534966468811035e-01
3.228600323200225830e-01
2.135720662772655487e-02
-1.816618293523788452e-01
5.066230297088623047e-01
5.241546630859375000e-01
2.942314147949218750e-01
3.447825908660888672e-01
3.860410451889038086e-01
1.375642418861389160e-01
4.471303522586822510e-01
1.260042190551757812e-01
3.548257648944854736e-01
1.995212025940418243e-02
-1.618948280811309814e-01
-6.030440926551818848e-01
-9.932056069374084473e-02
-3.468658402562141418e-02
2.754064500331878662e-01
9.074239134788513184e-01
1.120331883430480957e-01
-1.693034619092941284e-01
4.721664488315582275e-01
3.871267735958099365e-01
9.839053750038146973e-01
1.098611474037170410e+00
1.028660535812377930e+00
3.737145960330963135e-01
1.317682564258575439e-01
-1.471893191337585449e-01
1.906381845474243164e-01
6.638649702072143555e-01
4.585307240486145020e-01
-2.794855646789073944e-02
1.319917887449264526e-01
-2.119456045329570770e-02
-1.919445097446441650e-01
-6.254935264587402344e-01
-4.486601948738098145e-01
-9.800064563751220703e-01
-4.626152515411376953e-01
-7.169678211212158203e-01
-1.166595578193664551e+00
-9.793358445167541504e-01
-3.530344665050506592e-01
-3.855430781841278076e-01
1.813294887542724609e-01
3.576998114585876465e-01
5.362895131111145020e-01
5.771328210830688477e-01
6.978584527969360352e-01
2.349394083023071289e+00
2.113786458969116211e+00
1.685730099678039551e+00
4.833432734012603760e-01
-4.009351432323455811e-01
-9.324730038642883301e-01
-8.100654184818267822e-02
3.444632589817047119e-01
8.003499507904052734e-01
3.036678433418273926e-01
3.720540404319763184e-01
9.986642003059387207e-02
-4.515661597251892090e-01
-1.363770723342895508e+00
-3.719871640205383301e-01
-3.824614584445953369e-01
6.946810483932495117e-01
3.383638858795166016e-01
2.570444941520690918e-01
3.721338808536529541e-01
7.854049205780029297e-01
9.247480034828186035e-01
2.812343537807464600e-01
1.350893676280975342e-01
3.989582359790802002e-01
2.809523604810237885e-02
1.519504040479660034e-01
-7.778122276067733765e-02
-2.899173498153686523e-01
7.286640256643295288e-02
5.399459004402160645e-01
-9.206734895706176758e-01
-1.298482060432434082e+00
-1.099790096282958984e+00
-1.276208281517028809e+00
-1.281844615936279297e+00
-1.389780759811401367e+00
-8.610690236091613770e-01
-2.111580133438110352e+00
-8.955575227737426758e-01
2.401355504989624023e-01
2.299806177616119385e-01
-5.654579997062683105e-01
-1.175888299942016602e+00
3.928269743919372559e-01
8.643612265586853027e-01
1.202795505523681641e+00
1.362687945365905762e+00
1.264672577381134033e-01
1.366062313318252563e-01
3.629848361015319824e-01
3.217583298683166504e-01
3.077767416834831238e-02
-2.160225808620452881e-01
-6.432113796472549438e-02
-6.010045763105154037e-03
-6.310340166091918945e-01
-7.652517557144165039e-01
-2.258741557598114014e-01
-4.327092766761779785e-01
9.263287186622619629e-01
6.411919593811035156e-01
7.107916474342346191e-01
3.195708692073822021e-01
-1.489616334438323975e-01
1.247135519981384277e+00
1.027766346931457520e+00
3.033964037895202637e-01
6.212068349123001099e-02
9.785459190607070923e-02
1.725956052541732788e-01
2.783603072166442871e-01
-1.733271181583404541e-01
1.586459577083587646e-02
-4.385158047080039978e-02
-3.257630169391632080e-01
-1.408823877573013306e-01
-3.679421544075012207e-02
2.234715409576892853e-02
-4.086790978908538818e-01
6.451571732759475708e-02
6.966769099235534668e-01
7.060495018959045410e-01
2.329664230346679688e-01
-3.045749664306640625e-01
-7.151955366134643555e-01
-2.652804255485534668e-01
1.167593896389007568e-01
-4.686667025089263916e-01
-2.616878747940063477e-01
5.540606379508972168e-01
2.546334862709045410e-01
-3.159114420413970947e-01
4.692924022674560547e-01
3.975052535533905029e-01
-2.181302160024642944e-01
-5.922344923019409180e-01
9.050981700420379639e-02
1.013923048973083496e+00
3.662261068820953369e-01
5.065591335296630859e-01
9.711158871650695801e-01
7.039418816566467285e-01
5.669299364089965820e-01
3.734112083911895752e-01
3.128861263394355774e-02
9.298734068870544434e-01
8.400276899337768555e-01
3.234508037567138672e-01
-1.986389048397541046e-03
6.026638746261596680e-01
7.035107612609863281e-01
2.282881289720535278e-01
-1.835778653621673584e-01
2.607967257499694824e-01
3.105655312538146973e-01
6.843302398920059204e-03
-3.557648062705993652e-01
-8.481199145317077637e-01
-5.869494676589965820e-01
-8.099749684333801270e-01
-6.316567659378051758e-01
-7.578111886978149414e-01
-2.735353112220764160e-01
5.035414099693298340e-01
1.361431926488876343e-01
-6.307572126388549805e-02
3.920445740222930908e-01
-9.892138838768005371e-02
-8.158029317855834961e-01
-2.435335367918014526e-01
-8.536444306373596191e-01
-2.919291853904724121e-01
-6.057105660438537598e-01
-2.289717346429824829e-01
5.149737000465393066e-01
3.462515473365783691e-01
-6.712588947266340256e-03
-9.802724421024322510e-02
5.899382233619689941e-01
1.493169426918029785e+00
7.019779086112976074e-01
-4.373556375503540039e-01
-3.904129564762115479e-01
-4.424011707305908203e-01
-3.489629030227661133e-01
-2.081189751625061035e-01
9.574695676565170288e-02
-6.953806281089782715e-01
3.061746358871459961e-01
-8.462517857551574707e-01
1.359036862850189209e-01
1.402509331703186035e+00
-1.003105118870735168e-01
8.312299251556396484e-01
4.365443289279937744e-01
-1.271370291709899902e+00
3.820972144603729248e-01
5.635769367218017578e-01
1.502637743949890137e+00
1.466840028762817383e+00
-5.736171007156372070e-01
5.711930990219116211e-01
2.133010625839233398e+00
2.579013824462890625e+00
1.073942661285400391e+00
3.163988515734672546e-02
6.172895431518554688e-01
1.217676639556884766e+00
-2.225530445575714111e-01
6.239211931824684143e-02
1.038959145545959473e+00
1.910288453102111816e+00
1.908324599266052246e+00
7.354285717010498047e-01
-2.905400693416595459e-01
-4.329807162284851074e-01
-6.693970412015914917e-02
-3.106264173984527588e-01
1.839800029993057251e-01
6.274339556694030762e-02
2.921078205108642578e-01
1.646440923213958740e-01
-5.020694732666015625e-01
1.321035623550415039e-01
-5.830854773521423340e-01
-1.687914609909057617e+00
-1.385900855064392090e+00
-7.380121946334838867e-01
4.905976727604866028e-02
-1.898501873016357422e+00
-1.318169236183166504e+00
-6.877484321594238281e-01
6.791772246360778809e-01
-5.406135320663452148e-01
5.502285957336425781e-01
-4.930960536003112793e-01
3.361764252185821533e-01
-1.070778250694274902e+00
-1.109923645853996277e-01
1.337428331375122070e+00
-1.322911381721496582e+00
1.705678105354309082e-01
-1.535845875740051270e+00
3.814425766468048096e-01
-6.079937815666198730e-01
1.591876745223999023e+00
1.374407649040222168e+00
5.873675942420959473e-01
8.598106503486633301e-01
6.833286285400390625e-01
5.585473179817199707e-01
2.636228799819946289e-01
4.221102297306060791e-01
3.874940276145935059e-01
-1.007735505700111389e-01
1.073069870471954346e-01
1.830406069755554199e+00
1.174150824546813965e+00
-1.958244740962982178e-01
-2.515223026275634766e+00
-1.373845815658569336e+00
-9.530862569808959961e-01
5.410795807838439941e-01
2.042238950729370117e+00
-1.578190088272094727e+00
4.010499119758605957e-01
1.667783260345458984e+00
2.981432974338531494e-01
-6.329925358295440674e-02
-1.697031617164611816e+00
1.842620730400085449e+00
2.899916410446166992e+00
8.877527117729187012e-01
-4.295797646045684814e-01
-1.163657665252685547e+00
-5.436312556266784668e-01
3.058393299579620361e-01
1.794145345687866211e+00
1.333010792732238770e-01
-7.329506874084472656e-01
6.666911244392395020e-01
1.430978298187255859e+00
1.201214790344238281e+00
8.109519481658935547e-01
5.710653662681579590e-01
-9.448259323835372925e-02
-1.540811538696289062e+00
-8.230518698692321777e-01
-3.814236223697662354e-01
3.199860155582427979e-01
1.305143237113952637e+00
-8.347875475883483887e-01
-7.360482811927795410e-01
-2.794750034809112549e-01
1.634785085916519165e-01
-1.461711645126342773e+00
-1.686445593833923340e+00
-2.174761056900024414e+00
-2.468472003936767578e+00
-1.623615860939025879e+00
5.485574901103973389e-02
2.597455501556396484e+00
9.918568730354309082e-01
-6.357442736625671387e-01
1.054686546325683594e+00
-2.025465369224548340e-01
1.144867539405822754e+00
1.122886613011360168e-01
1.480443716049194336e+00
-1.399882435798645020e-01
1.084416985511779785e+00
5.730292797088623047e-01
7.533115148544311523e-01
-3.886990994215011597e-02
1.306053400039672852e+00
1.901043653488159180e+00
6.304622292518615723e-01
-9.705859422683715820e-01
-2.761320829391479492e+00
1.544412523508071899e-01
-8.672322630882263184e-01
3.969783484935760498e-01
1.372928023338317871e-01
3.369109034538269043e-01
5.213902473449707031e+00
2.883183240890502930e+00
-1.992892771959304810e-01
-2.475194215774536133e+00
7.578780055046081543e-01
3.756077289581298828e+00
1.573498845100402832e+00
6.116372346878051758e-01
5.623634457588195801e-01
2.049499563872814178e-02
-1.257079958915710449e+00
-1.667013883590698242e+00
-1.923266530036926270e+00
-1.084477782249450684e+00
7.161245942115783691e-01
-1.353360295295715332e+00
-1.720338016748428345e-01
3.103717803955078125e+00
1.928426861763000488e+00
-1.225364282727241516e-01
-8.642624020576477051e-01
-8.879572749137878418e-01
-5.439186692237854004e-01
-7.446011155843734741e-02
-7.262126803398132324e-01
-1.123437047004699707e+00
-6.766035556793212891e-01
-6.227737292647361755e-02
1.149785399436950684e+00
1.514075398445129395e-01
-5.036980509757995605e-01
-1.111014723777770996e+00
4.827205538749694824e-01
2.153868675231933594e-01
7.968053221702575684e-01
9.536375105381011963e-02
-1.559476852416992188e+00
-1.756582856178283691e-01
9.874020814895629883e-01
-2.400473318994045258e-02
-1.299328327178955078e+00
2.574756145477294922e-01
1.052791923284530640e-01
-1.244322419166564941e+00
7.292493581771850586e-01
4.834231138229370117e-01
1.253745794296264648e+00
1.141227126121520996e+00
-3.893112540245056152e-01
1.131029725074768066e-01
5.430434942245483398e-01
9.468621611595153809e-01
1.659464597702026367e+00
9.746764898300170898e-01
1.516353249549865723e+00
8.736433833837509155e-02
-2.337080478668212891e+00
-1.420804381370544434e+00
3.316577970981597900e-01
-2.679857730865478516e+00
-1.323310613632202148e+00
-2.357895970344543457e-01
-2.200643301010131836e+00
-1.608383417129516602e+00
-3.700871169567108154e-01
-1.327509880065917969e+00
-4.576309204101562500e+00
-3.054840326309204102e+00
-1.494571447372436523e+00
-3.117270708084106445e+00
-2.756067752838134766e+00
1.819788098335266113e+00
4.589054107666015625e+00
3.110471963882446289e+00
3.372744083404541016e+00
3.027380228042602539e+00
-2.607298791408538818e-01
-5.176371932029724121e-01
2.766518592834472656e-01
1.482535481452941895e+00
3.541865348815917969e+00
2.376681327819824219e+00
-2.364761829376220703e-01
-1.615967750549316406e+00
-1.098081588745117188e+00
8.760649561882019043e-01
6.996787190437316895e-01
-1.147882342338562012e+00
-7.697224617004394531e-01
1.461586833000183105e+00
2.365808010101318359e+00
6.463173627853393555e-01
-2.012058496475219727e+00
-1.735799312591552734e+00
-9.037910401821136475e-02
-5.892007946968078613e-01
-2.402225494384765625e+00
-2.527916908264160156e+00
-3.417272806167602539e+00
-2.204060316085815430e+00
-1.046412706375122070e+00
6.206266283988952637e-01
-4.530340671539306641e+00
-2.046403169631958008e+00
1.386143326759338379e+00
-1.511970013380050659e-01
1.661636114120483398e+00
3.114782810211181641e+00
-7.711061835289001465e-02
-1.805095553398132324e+00
2.356100082397460938e+00
2.945182561874389648e+00
-8.820760995149612427e-02
1.441835761070251465e+00
1.925584793090820312e+00
1.743801712989807129e+00
6.551151275634765625e-01
-7.005379199981689453e-01
-4.539090633392333984e+00
-6.340443611145019531e+00
-2.890812397003173828e+00
-1.975973248481750488e+00
1.023950338363647461e+00
-2.586382329463958740e-01
-1.848206162452697754e+00
2.120636224746704102e+00
3.554734706878662109e+00
3.124394893646240234e+00
1.628951787948608398e+00
1.158854603767395020e+00
1.111927866935729980e+00
1.028421044349670410e+00
7.122925519943237305e-01
-1.666369885206222534e-01
-1.122478961944580078e+00
-6.583374142646789551e-01
8.455958217382431030e-03
8.189673423767089844e-01
-1.169964551925659180e+00
-7.702972888946533203e-01
1.332047462463378906e+00
-3.789806663990020752e-01
5.850683450698852539e-01
-1.919125765562057495e-01
4.406478106975555420e-01
-2.010775804519653320e-01
2.092396169900894165e-01
1.798823595046997070e+00
3.693630695343017578e+00
2.266014814376831055e+00
1.351127862930297852e+00
5.794639587402343750e-01
-4.914833903312683105e-01
-9.646143317222595215e-01
-5.658093094825744629e-01
1.250142753124237061e-01
-1.382946968078613281e+00
-4.508636295795440674e-01
-1.880092024803161621e+00
-1.016251325607299805e+00
-5.069233775138854980e-01
6.284503936767578125e-01
-1.417738795280456543e+00
-2.544868290424346924e-01
1.159908413887023926e+00
2.820177793502807617e+00
3.420522511005401611e-01
1.526348590850830078e+00
-7.554161548614501953e-01
8.185841441154479980e-01
-2.405578374862670898e+00
2.638623714447021484e-01
-2.922155380249023438e+00
-4.046735286712646484e+00
-4.443321228027343750e+00
1.239998340606689453e+00
4.819647789001464844e+00
6.103306293487548828e+00
8.030733108520507812e+00
6.876997947692871094e+00
4.852731227874755859e+00
2.810964822769165039e+00
-1.944247007369995117e+00
-2.081977367401123047e+00
-5.340117454528808594e+00
-5.416998386383056641e+00
-6.806301593780517578e+00
-1.888203263282775879e+00
3.489621639251708984e+00
7.933319568634033203e+00
1.038021373748779297e+01
4.937100410461425781e+00
3.170917043462395668e-03
-3.082351207733154297e+00
-4.204887390136718750e+00
-1.520613431930541992e+00
1.096328258514404297e+00
-2.386689662933349609e+00
-1.455324888229370117e+00
-1.032888770103454590e+00
-3.806465625762939453e+00
-4.487757205963134766e+00
-4.913705825805664062e+00
-5.101077079772949219e+00
-2.581741094589233398e+00
4.807885587215423584e-01
-2.583188712596893311e-01
-1.827864408493041992e+00
-1.615137457847595215e+00
-1.576098442077636719e+00
-1.706979036331176758e+00
-3.644273996353149414e+00
-4.440175533294677734e+00
-6.291952133178710938e+00
-6.512423038482666016e+00
-3.285338163375854492e+00
-8.597597479820251465e-01
1.144979357719421387e+00
2.203376770019531250e+00
4.689092040061950684e-01
-3.808009028434753418e-01
-2.285566031932830811e-01
-1.991205692291259766e+00
-1.934315681457519531e+00
-2.075367212295532227e+00
-3.778140544891357422e+00
-5.286804199218750000e+00
-5.769818782806396484e+00
-7.656578540802001953e+00
-9.324695587158203125e+00
-6.176072120666503906e+00
-6.429490566253662109e+00
-6.504399299621582031e+00
-5.973093032836914062e+00
-5.603092193603515625e+00
-5.232452869415283203e+00
-2.602210760116577148e+00
-4.524443447589874268e-01
1.740927696228027344e+00
8.582459092140197754e-01
1.943020582199096680e+00
3.738098382949829102e+00
3.077979326248168945e+00
2.639225006103515625e+00
1.697114467620849609e+00
2.314234972000122070e+00
4.724628925323486328e+00
2.230488538742065430e+00
-2.579952955245971680e+00
-4.746915817260742188e+00
-3.668511629104614258e+00
-5.815891265869140625e+00
-3.836706876754760742e+00
-2.010381937026977539e+00
-2.454389333724975586e+00
-2.750319719314575195e+00
-3.631101369857788086e+00
-4.096967220306396484e+00
-2.617155790328979492e+00
-1.446016192436218262e+00
-3.755659103393554688e+00
-5.389231681823730469e+00
-3.249971628189086914e+00
1.135511040687561035e+00
7.250431537628173828e+00
1.074048995971679688e+01
9.568217277526855469e+00
6.321796894073486328e+00
4.246436595916748047e+00
7.717766284942626953e+00
9.612365722656250000e+00
1.104660797119140625e+01
1.016319179534912109e+01
3.806293010711669922e+00
-1.424285173416137695e+00
-3.537407636642456055e+00
-5.715587139129638672e+00
-1.165525531768798828e+01
-8.350148200988769531e+00
-3.697842836380004883e+00
2.930493116378784180e+00
3.206257343292236328e+00
2.754553794860839844e+00
4.127339363098144531e+00
7.645362019538879395e-01
-3.136686563491821289e+00
-2.216833829879760742e+00
-1.435030937194824219e+00
-2.034731388092041016e+00
-7.042048871517181396e-02
4.787362575531005859e+00
8.241113662719726562e+00
6.373466014862060547e+00
4.410575866699218750e+00
7.602325916290283203e+00
5.241397380828857422e+00
2.765762567520141602e+00
2.354412972927093506e-01
9.063062667846679688e-01
-8.446710705757141113e-01
-5.367974638938903809e-01
-2.341135978698730469e+00
-3.991633653640747070e+00
-3.602584362030029297e+00
-3.194199323654174805e+00
-3.098845005035400391e+00
-3.465364933013916016e+00
-3.215004205703735352e+00
-3.402615070343017578e+00
-1.970352888107299805e+00
-1.574294209480285645e+00
-1.321442484855651855e+00
-9.368958473205566406e-01
-5.010156035423278809e-01
1.103289842605590820e+00
3.971913456916809082e-02
-9.669615030288696289e-01
-1.026741504669189453e+00
-1.126279115676879883e+00
-1.263099431991577148e+00
-1.191934943199157715e+00
-3.230805695056915283e-01
6.380624771118164062e-01
1.991192698478698730e+00
1.048267841339111328e+00
1.309837460517883301e+00
1.073990583419799805e+00
1.610973119735717773e+00
1.261601567268371582e+00
2.755980491638183594e-01
6.900346875190734863e-01
4.903208017349243164e-01
-6.507052183151245117e-01
-1.286730408668518066e+00
-3.998132228851318359e+00
-8.656195998191833496e-01
-1.769712924957275391e+00
