1.408800363540649414e+00
1.362975358963012695e+00
1.008749842643737793e+00
6.326816082000732422e-01
2.873336970806121826e-01
1.109053850173950195e+00
3.742415010929107666e-01
-1.203329935669898987e-01
-9.572800993919372559e-02
4.436495900154113770e-01
6.481695175170898438e-01
3.975372016429901123e-01
2.980474829673767090e-01
1.336363852024078369e-01
8.643931746482849121e-01
6.677129864692687988e-01
5.110777616500854492e-01
2.512539364397525787e-02
7.734457254409790039e-01
-2.425116598606109619e-01
6.976882368326187134e-02
7.115261554718017578e-01
1.506251543760299683e-01
-5.345141887664794922e-01
-2.083265483379364014e-01
2.440634071826934814e-01
2.860723137855529785e-01
-5.231137871742248535e-01
1.451644748449325562e-01
1.220763623714447021e-01
-1.254903078079223633e-01
1.220470786094665527e+00
2.449793815612792969e+00
1.241275668144226074e+00
8.991371393203735352e-01
8.444026112556457520e-01
6.050908565521240234e-01
3.026619255542755127e-01
-9.724486619234085083e-02
-9.946426749229431152e-02
-4.906531274318695068e-01
-2.602987885475158691e-01
2.074034214019775391e-01
8.931176066398620605e-01
-1.682054758071899414e+00
-8.415734767913818359e-01
1.600615978240966797e-01
2.909422218799591064e-01
-5.537702441215515137e-01
-1.804680466651916504e+00
-1.812631964683532715e+00
-1.032697200775146484e+00
8.870342373847961426e-01
-9.135681986808776855e-01
4.823693037033081055e-01
3.770357072353363037e-01
-4.672561958432197571e-02
-6.773220300674438477e-01
-8.565025329589843750e-01
-4.542805254459381104e-01
7.371529936790466309e-01
-1.724287152290344238e+00
-3.055489361286163330e-01
-1.011700749397277832e+00
-9.639916419982910156e-01
-3.082792758941650391e-01
4.688932299613952637e-01
2.416524142026901245e-01
-1.341337203979492188e+00
-3.486435711383819580e-01
-2.457502841949462891e+00
-2.355857610702514648e+00
3.450699746608734131e-01
-1.042947888374328613e+00
-6.019104123115539551e-01
-8.539158701896667480e-01
-1.057860970497131348e+00
5.390357971191406250e-01
9.586936235427856445e-01
-1.113116964697837830e-01
1.268185377120971680e-01
1.190644621849060059e+00
5.801665186882019043e-01
5.677177384495735168e-02
3.113159835338592529e-01
1.178541779518127441e+00
-5.971842408180236816e-01
-1.317812651395797729e-01
-1.287736296653747559e+00
-1.204532861709594727e+00
7.618751376867294312e-02
-2.231044292449951172e+00
-9.300619959831237793e-01
3.345158696174621582e-01
-7.469217181205749512e-01
-1.184558272361755371e+00
-6.270582675933837891e-01
1.028452992439270020e+00
1.614347398281097412e-01
-9.205138087272644043e-01
-1.216284513473510742e+00
-4.921859502792358398e-01
5.903214812278747559e-01
-9.269430488348007202e-02
-4.410704970359802246e-02
-6.494522040156880394e-06
1.741603612899780273e-01
-2.222017794847488403e-01
-9.963405728340148926e-01
-8.464433550834655762e-01
-2.284927368164062500e-01
2.706483006477355957e-01
-1.038860440254211426e+00
-5.812652111053466797e-01
-5.596620440483093262e-01
-8.967710137367248535e-01
-1.976446956396102905e-01
1.405479192733764648e+00
1.423862427473068237e-01
-1.869628429412841797e-01
1.505133956670761108e-01
8.534079194068908691e-01
-5.936076641082763672e-01
-1.499137997627258301e+00
9.185369014739990234e-01
7.446574568748474121e-01
8.166415989398956299e-02
-4.534662365913391113e-01
-1.190077438950538635e-01
4.145738780498504639e-01
1.300257325172424316e+00
8.518911004066467285e-01
1.988845586776733398e+00
1.084257245063781738e+00
8.477876186370849609e-01
6.201635599136352539e-01
6.081245541572570801e-01
1.389054656028747559e-01
-7.208477854728698730e-01
-1.255578994750976562e+00
-1.285229563713073730e+00
-7.668643593788146973e-01
1.244554296135902405e-01
-1.306657075881958008e+00
-4.518056809902191162e-01
-9.023115634918212891e-01
-1.324029088020324707e+00
-1.473127961158752441e+00
-7.156745195388793945e-01
8.105527758598327637e-01
-5.296442508697509766e-01
6.581647992134094238e-01
9.728083610534667969e-01
4.924284517765045166e-01
-2.378812581300735474e-01
-2.323567122220993042e-01
7.058259248733520508e-01
1.930406808853149414e+00
1.389352679252624512e+00
2.687641978263854980e-01
-1.029610186815261841e-01
5.388176813721656799e-02
1.348317742347717285e+00
6.830571889877319336e-01
-4.154011607170104980e-01
-1.306529402732849121e+00
-1.299168586730957031e+00
-6.544893980026245117e-01
7.952459901571273804e-02
1.146038547158241272e-01
-4.624556005001068115e-01
-5.153539180755615234e-01
7.684215903282165527e-02
4.216206818819046021e-02
-6.150511503219604492e-01
-9.862495064735412598e-01
-5.579695105552673340e-01
-8.732942491769790649e-02
1.331254392862319946e-01
-1.214272618293762207e+00
-3.875069916248321533e-01
1.424820423126220703e-01
7.290258407592773438e-01
6.229099035263061523e-01
6.047874689102172852e-01
4.333509504795074463e-01
1.957582354545593262e+00
1.056427001953125000e+00
5.172569751739501953e-01
1.984140723943710327e-01
7.865545749664306641e-01
7.964859604835510254e-01
3.514407873153686523e-01
6.348328664898872375e-03
3.523508906364440918e-01
-8.603505492210388184e-01
-6.215497255325317383e-01
-2.231757491827011108e-01
-1.777999758720397949e+00
-8.682700991630554199e-01
4.918536245822906494e-01
-9.163144826889038086e-01
1.949173212051391602e-01
-1.867179200053215027e-02
6.718324422836303711e-01
6.425331830978393555e-01
4.346921443939208984e-01
3.504827618598937988e-01
4.888518452644348145e-01
6.116851568222045898e-01
2.967860996723175049e-01
1.748309731483459473e-01
1.434560269117355347e-01
-1.765364557504653931e-01
-1.736624240875244141e-01
-7.024485617876052856e-02
-4.873160421848297119e-01
-3.101633787155151367e-01
1.853531450033187866e-01
6.277318596839904785e-01
1.125600934028625488e-01
-2.233354300260543823e-01
-1.773188412189483643e-01
-1.079352378845214844e+00
-1.157829761505126953e+00
-1.088693022727966309e+00
-7.477360367774963379e-01
-1.432933956384658813e-01
5.090180635452270508e-01
-1.715228557586669922e-01
1.925063133239746094e-01
1.702335715293884277e+00
7.971565723419189453e-01
1.711001433432102203e-02
-4.590067267417907715e-01
-1.214027777314186096e-01
5.100399255752563477e-01
1.115701496601104736e-01
6.995988488197326660e-01
1.621532589197158813e-01
7.072310447692871094e-01
5.143669247627258301e-01
4.271238446235656738e-01
1.750545054674148560e-01
-1.286677122116088867e-01
6.147028803825378418e-01
-3.517890572547912598e-01
9.938687086105346680e-01
-2.891349792480468750e-01
5.740990638732910156e-01
5.679199099540710449e-01
8.644250631332397461e-01
5.776437520980834961e-01
6.363380551338195801e-01
5.243781805038452148e-01
2.312100678682327271e-01
-2.759303450584411621e-01
-6.986165046691894531e-02
1.359675526618957520e-01
4.766212105751037598e-01
9.170998930931091309e-01
1.030289173126220703e+00
7.936598062515258789e-01
-9.554696269333362579e-03
-1.048610731959342957e-01
9.044700860977172852e-01
3.352663218975067139e-01
-8.763279765844345093e-02
4.766531586647033691e-01
-1.946748495101928711e-01
-6.310765445232391357e-02
1.181325390934944153e-01
4.908636808395385742e-01
-3.135323822498321533e-01
-5.082007050514221191e-01
3.957329392433166504e-01
1.831816583871841431e-01
-1.743809282779693604e-01
2.228913158178329468e-01
-2.125258445739746094e-01
-6.165520548820495605e-01
3.777658799663186073e-03
5.672492980957031250e-01
-1.144465446472167969e+00
-3.785495758056640625e-01
7.649992704391479492e-01
1.082133650779724121e+00
6.476585865020751953e-01
2.171591967344284058e-01
-3.415862023830413818e-01
1.077061593532562256e-01
-7.048649191856384277e-01
-4.610185623168945312e-01
-4.010149836540222168e-01
-8.531334996223449707e-01
-4.171734750270843506e-01
-8.546130359172821045e-02
-4.743828475475311279e-01
-1.451615244150161743e-01
3.406152129173278809e-01
1.549202501773834229e-01
7.766231298446655273e-01
3.567098677158355713e-01
4.582592844963073730e-01
4.815390110015869141e-01
4.974420368671417236e-01
5.261026024818420410e-01
4.756632149219512939e-01
5.730452537536621094e-01
6.382061839103698730e-01
5.685585737228393555e-01
1.004582524299621582e+00
-1.693353950977325439e-01
-2.498404681682586670e-01
9.815795719623565674e-02
-1.155748590826988220e-01
7.421825528144836426e-01
-5.810896158218383789e-01
-1.225364282727241516e-01
7.128034830093383789e-01
1.279841065406799316e-01
3.194325789809226990e-02
3.394656181335449219e-01
7.336722016334533691e-01
2.058227062225341797e-01
-2.013490200042724609e-01
-7.364580035209655762e-02
-2.999126315116882324e-01
-4.784224927425384521e-01
-3.515655100345611572e-01
-3.060119748115539551e-01
-1.255222409963607788e-01
3.349150419235229492e-01
6.098330020904541016e-01
8.024256229400634766e-01
1.034057378768920898e+00
1.124956846237182617e+00
8.100098967552185059e-01
6.342623233795166016e-01
1.017068624496459961e+00
6.053782105445861816e-01
6.688785552978515625e-01
2.325353175401687622e-01
3.259789943695068359e-02
-1.701123453676700592e-02
-5.309695005416870117e-01
-3.274395465850830078e-01
-2.042390257120132446e-01
7.566060870885848999e-02
-3.693366646766662598e-01
-6.482303738594055176e-01
1.893023960292339325e-02
6.466047763824462891e-01
3.794467151165008545e-01
-1.857493668794631958e-01
-5.941984057426452637e-01
-4.760274589061737061e-01
-3.022437989711761475e-01
-1.029290780425071716e-01
-6.695142388343811035e-01
-4.970718026161193848e-01
-2.233513891696929932e-01
-5.937832593917846680e-01
-1.140143838711082935e-03
-1.865636706352233887e-01
2.923952043056488037e-01
6.684793829917907715e-01
1.117548227310180664e+00
7.195894122123718262e-01
8.517687767744064331e-02
-1.007575839757919312e-01
1.198410019278526306e-01
8.317408561706542969e-01
2.670557498931884766e-01
-5.169346332550048828e-01
-8.105657696723937988e-01
-7.390021681785583496e-01
-5.874124765396118164e-01
-4.090782701969146729e-01
6.218560934066772461e-01
7.500063180923461914e-01
6.656372547149658203e-01
5.988637208938598633e-01
4.919973313808441162e-01
1.290453672409057617e+00
1.596012115478515625e+00
1.075188040733337402e+00
7.686237096786499023e-01
1.460804462432861328e+00
2.823041379451751709e-01
3.391303122043609619e-01
-9.869041442871093750e-01
-1.030621528625488281e+00
-9.025350809097290039e-01
-3.612574338912963867e-01
-1.140872836112976074e+00
-1.985867470502853394e-01
9.572725892066955566e-01
4.096879959106445312e-01
1.230082869529724121e+00
7.206432223320007324e-01
2.992929220199584961e-01
-1.962236464023590088e-01
-1.267516911029815674e-01
3.392580449581146240e-01
5.272203087806701660e-01
3.210078775882720947e-01
-1.013323888182640076e-01
9.233004599809646606e-02
2.243602722883224487e-01
5.508353114128112793e-01
5.803740620613098145e-01
5.633054971694946289e-01
5.662752985954284668e-01
9.071205854415893555e-01
4.920931458473205566e-01
6.033239141106605530e-02
-1.019870340824127197e-01
3.462569415569305420e-02
1.093188151717185974e-01
4.971440881490707397e-02
1.225394010543823242e-01
-3.345927000045776367e-01
-7.960199117660522461e-01
-6.725479364395141602e-01
-5.798920989036560059e-01
-7.352339625358581543e-01
-1.029839158058166504e+00
-5.996910333633422852e-01
-8.222002536058425903e-02
-2.047180235385894775e-01
4.263893663883209229e-01
3.012568354606628418e-01
3.213272094726562500e-01
2.612118422985076904e-01
3.508180677890777588e-01
1.138720393180847168e+00
5.302060842514038086e-01
-1.283324062824249268e-01
-2.905027195811271667e-02
1.086961105465888977e-01
5.851162672042846680e-01
9.633879065513610840e-01
4.402007460594177246e-01
-7.123479992151260376e-02
-6.278725862503051758e-01
-4.086471498012542725e-01
-2.197693847119808197e-02
7.679371833801269531e-01
1.376760154962539673e-01
7.933299243450164795e-02
8.354825526475906372e-02
1.086141347885131836e+00
4.152923822402954102e-01
2.615790963172912598e-01
1.695034466683864594e-02
2.325726673007011414e-02
1.462981253862380981e-01
2.502745389938354492e-01
2.654430866241455078e-01
6.507082581520080566e-01
-2.082732133567333221e-02
9.233589172363281250e-01
9.199100136756896973e-01
6.814285516738891602e-01
6.375515460968017578e-01
2.890581190586090088e-01
3.152598142623901367e-01
4.001398086547851562e-01
-4.789014756679534912e-01
-6.028524637222290039e-01
3.480133041739463806e-02
7.173380851745605469e-01
-2.839776575565338135e-01
-3.103709518909454346e-01
-4.230971932411193848e-01
-6.164243221282958984e-01
-3.581917881965637207e-01
-3.482763469219207764e-01
-1.185392867773771286e-02
5.630978941917419434e-01
8.053475618362426758e-01
7.671867012977600098e-01
5.766218304634094238e-01
6.182794570922851562e-01
1.026425123214721680e+00
7.434758543968200684e-01
7.712742686271667480e-01
6.011789441108703613e-01
1.910587586462497711e-02
-2.580474615097045898e-01
-3.580161333084106445e-01
-6.312894821166992188e-01
-5.569795966148376465e-01
-2.681384980678558350e-01
2.703449428081512451e-01
-3.051922470331192017e-02
4.856105744838714600e-01
6.670264005661010742e-01
4.602870941162109375e-01
6.472329050302505493e-02
8.478035330772399902e-01
4.300936758518218994e-01
-2.819498777389526367e-01
-4.048151075839996338e-01
-4.806578457355499268e-01
-3.709653019905090332e-01
-5.368133783340454102e-01
-4.020687937736511230e-01
-1.595476865768432617e-01
3.423236906528472900e-01
2.100698947906494141e-01
2.792384922504425049e-01
1.205126643180847168e+00
7.719129323959350586e-01
6.861068606376647949e-01
5.616289377212524414e-01
3.742893934249877930e-01
2.807074487209320068e-01
1.520302444696426392e-01
2.366707473993301392e-01
4.092089831829071045e-01
3.956371247768402100e-01
8.571282029151916504e-01
4.009062051773071289e-01
-5.991427227854728699e-02
-6.521582603454589844e-01
-1.066099882125854492e+00
-7.070204615592956543e-01
-5.139169096946716309e-01
-7.931778430938720703e-01
-4.865017235279083252e-01
9.760815501213073730e-01
4.971227049827575684e-01
1.750704646110534668e-01
1.174513809382915497e-02
-7.283148914575576782e-02
5.663870573043823242e-01
3.094797730445861816e-01
-3.205737769603729248e-01
2.245997637510299683e-01
-2.370030879974365234e-01
-5.477986335754394531e-01
3.303804397583007812e-01
1.026648759841918945e+00
-5.148908495903015137e-01
4.572533667087554932e-01
2.389699667692184448e-01
6.215686798095703125e-01
5.078843832015991211e-01
3.740499019622802734e-01
2.671994566917419434e-01
-1.270710229873657227e-01
-1.419202387332916260e-01
-7.233705520629882812e-01
-1.035251855850219727e+00
-9.101033806800842285e-01
-3.935424685478210449e-01
4.980647563934326172e-01
1.293710947036743164e+00
2.307017803192138672e+00
1.845798134803771973e+00
1.232685446739196777e+00
6.949365139007568359e-01
3.758541643619537354e-01
2.121934890747070312e-01
6.155810952186584473e-01
4.839819371700286865e-01
8.619875460863113403e-02
4.190925061702728271e-01
-2.107854485511779785e-01
-5.131185650825500488e-01
-2.539385296404361725e-02
-4.586235284805297852e-01
5.013539195060729980e-01
-4.849794507026672363e-02
1.388330817222595215e+00
7.959750294685363770e-01
9.694393277168273926e-01
7.153741717338562012e-01
3.810274302959442139e-01
1.019335865974426270e+00
6.493031382560729980e-01
1.158040285110473633e+00
9.368988275527954102e-01
8.283877968788146973e-01
3.482314348220825195e-01
-4.543230310082435608e-02
1.655222624540328979e-01
-3.065388798713684082e-01
-2.196630388498306274e-01
-3.219469487667083740e-01
-1.227439939975738525e-01
-5.600292682647705078e-01
-4.319109320640563965e-01
-2.236866950988769531e-01
-4.043360948562622070e-01
-5.595023632049560547e-01
-1.593401134014129639e-01
3.352663218975067139e-01
1.000239491462707520e+00
1.812427401542663574e+00
2.346748858690261841e-01
-3.226175308227539062e-01
2.503703236579895020e-01
-9.895332902669906616e-02
-3.728918731212615967e-02
2.007931321859359741e-01
-4.743189811706542969e-01
-8.280655145645141602e-01
-1.229680776596069336e+00
-1.378619909286499023e+00
-1.217465996742248535e+00
-5.230180025100708008e-01
1.780525565147399902e+00
1.640639543533325195e+00
7.303670644760131836e-01
-3.396542072296142578e-01
-2.152082771062850952e-01
-9.284333586692810059e-01
-2.169007658958435059e-01
1.006328240036964417e-01
9.131560325622558594e-01
4.148932099342346191e-01
9.087970852851867676e-01
7.434599399566650391e-01
3.546341657638549805e-01
5.709653254598379135e-03
5.565514564514160156e-01
3.272190093994140625e-01
-7.360802292823791504e-01
-2.981722354888916016e-01
8.682731389999389648e-01
3.703136444091796875e-01
9.042998403310775757e-02
-6.092019006609916687e-02
7.252895832061767578e-01
1.930438637733459473e+00
1.674633145332336426e+00
1.369202375411987305e+00
1.141530513763427734e+00
9.519236683845520020e-01
6.914876699447631836e-01
2.246157377958297729e-01
9.741016626358032227e-01
9.523388147354125977e-01
-3.522680699825286865e-01
-4.028032720088958740e-01
9.083340167999267578e-01
1.432324945926666260e-01
-6.321942061185836792e-02
-2.498085349798202515e-01
-1.623472213745117188e+00
-1.903004527091979980e+00
-5.725632905960083008e-01
-4.028032720088958740e-01
-1.691698670387268066e+00
-1.049813628196716309e+00
7.048839330673217773e-01
3.659387230873107910e-01
6.831369996070861816e-01
7.245711088180541992e-01
-1.568812131881713867e-01
-9.642630815505981445e-01
-9.454380869865417480e-01
-1.362679600715637207e-01
-7.384752631187438965e-01
-5.123680830001831055e-01
1.031555980443954468e-01
-2.622307538986206055e-01
-1.225523948669433594e-01
-4.936015978455543518e-02
-1.392218321561813354e-01
2.397204190492630005e-01
2.303638160228729248e-01
-3.812319934368133545e-01
-2.307600229978561401e-01
1.870616078376770020e-01
-1.955051273107528687e-01
-5.563887953758239746e-01
1.438871324062347412e-01
5.782824158668518066e-01
1.116020828485488892e-01
8.807432651519775391e-01
1.291220068931579590e+00
7.216650843620300293e-01
1.083538770675659180e+00
9.569532275199890137e-01
4.589937627315521240e-01
-2.738971449434757233e-02
-4.139162302017211914e-01
8.057840913534164429e-02
2.931456565856933594e-01
5.407122969627380371e-01
-2.256506234407424927e-01
-4.945969283580780029e-01
-2.028339356184005737e-01
4.537141323089599609e-02
1.098137870430946350e-01
-9.482961893081665039e-01
-8.066379427909851074e-01
1.907818913459777832e-01
-5.148375406861305237e-02
-6.161688566207885742e-01
3.792231678962707520e-01
-6.100002303719520569e-02
9.256581068038940430e-01
1.393328428268432617e+00
9.220655560493469238e-01
7.878957986831665039e-01
7.844628691673278809e-01
5.764781832695007324e-01
2.302520573139190674e-01
2.274259179830551147e-01
5.310044288635253906e-01
-4.619871452450752258e-02
-2.588882669806480408e-02
-4.973432421684265137e-01
-5.326939225196838379e-01
-4.455945491790771484e-01
-2.681225538253784180e-01
-1.318504571914672852e+00
-7.689880132675170898e-01
3.202309086918830872e-02
9.202613234519958496e-01
-4.425767958164215088e-01
4.017524421215057373e-01
-4.851285815238952637e-01
3.561031222343444824e-01
-7.008413076400756836e-01
-5.066944286227226257e-02
-1.019524455070495605e+00
-5.655218958854675293e-01
1.664697378873825073e-02
7.532316446304321289e-01
1.683164685964584351e-01
-4.628866910934448242e-01
-7.902559041976928711e-01
-6.881795525550842285e-01
-1.167723760008811951e-01
9.469739198684692383e-01
2.482845306396484375e+00
2.450751781463623047e+00
1.628408908843994141e+00
1.759784579277038574e+00
1.435960054397583008e+00
2.135666459798812866e-01
-7.978720664978027344e-01
-1.579100251197814941e+00
-7.084096074104309082e-01
-7.558834273368120193e-03
-2.938292324542999268e-01
-2.389350831508636475e-01
-2.472324296832084656e-02
-3.503041267395019531e-01
-1.540061116218566895e+00
-1.586987853050231934e+00
-1.583411216735839844e+00
-1.117752790451049805e+00
4.541717767715454102e-01
-6.874290704727172852e-01
5.900021195411682129e-01
2.918682992458343506e-01
-4.011427164077758789e-01
7.149590253829956055e-01
6.316437721252441406e-01
1.113269090652465820e+00
4.889476597309112549e-01
-5.901747345924377441e-01
-1.846880912780761719e+00
-3.139001607894897461e+00
-3.659107208251953125e+00
-2.607256174087524414e+00
2.541065812110900879e-01
4.728908061981201172e+00
3.204676628112792969e+00
8.288189172744750977e-01
-8.509619832038879395e-01
-1.542887330055236816e+00
-8.151961565017700195e-01
-1.479530692100524902e+00
-7.328868508338928223e-01
1.112071633338928223e+00
-1.004542112350463867e-01
1.800707697868347168e+00
1.337284564971923828e+00
7.975557446479797363e-01
2.933851480484008789e-01
-3.648659288883209229e-01
-9.961649179458618164e-01
-9.734066575765609741e-02
1.401391625404357910e+00
-7.322641611099243164e-01
4.580038189888000488e-01
-7.234982848167419434e-01
-1.363227844238281250e+00
-1.539198875427246094e+00
-1.024154901504516602e+00
1.867263019084930420e-01
5.258471369743347168e-01
2.798612117767333984e-01
5.652534365653991699e-01
-1.176984533667564392e-01
-7.170796394348144531e-01
-7.149081230163574219e-01
-9.563221037387847900e-02
-5.214213132858276367e-01
-5.186695978045463562e-02
-4.900304079055786133e-01
4.513137042522430420e-01
-2.112005800008773804e-01
9.148644804954528809e-01
1.885784566402435303e-01
2.604134976863861084e-01
1.328534722328186035e+00
6.420860886573791504e-01
6.813966035842895508e-01
1.487006187438964844e+00
1.873213291168212891e+00
1.279899597167968750e+00
9.376811981201171875e-01
5.482007861137390137e-01
1.270000100135803223e+00
4.300617575645446777e-01
-5.418429970741271973e-01
-6.414604187011718750e-01
-3.975661396980285645e-01
-1.110535740852355957e+00
-9.364647269248962402e-01
-5.771777033805847168e-01
3.876112028956413269e-02
1.056075692176818848e+00
3.169363141059875488e-01
1.586879014968872070e+00
1.013907194137573242e+00
5.859624743461608887e-01
9.689657390117645264e-02
9.152636528015136719e-01
1.851510070264339447e-02
4.071333110332489014e-01
1.789823621511459351e-01
-6.288146376609802246e-01
-7.718939781188964844e-01
-1.107789516448974609e+00
-1.190178632736206055e+00
-2.971503436565399170e-01
-1.035762786865234375e+00
-8.859295248985290527e-01
-6.294533014297485352e-01
-2.169007658958435059e-01
-9.495416283607482910e-01
-5.817602276802062988e-01
-1.798895150423049927e-01
-1.162236571311950684e+00
-6.741286516189575195e-01
5.951274633407592773e-01
-6.931611895561218262e-01
2.851302623748779297e-01
-6.219967603683471680e-01
6.076349690556526184e-02
6.100405454635620117e-01
-8.229880332946777344e-01
-4.976466298103332520e-01
-7.005059719085693359e-01
-1.838642001152038574e+00
-1.576305985450744629e+00
-1.635223865509033203e+00
-7.754226326942443848e-01
1.656430840492248535e+00
1.670417904853820801e+00
6.363061070442199707e-01
2.073449827730655670e-02
-1.391260325908660889e-01
-5.030274391174316406e-01
-2.570415437221527100e-01
-7.714788317680358887e-01
-3.502242863178253174e-01
-4.857832193374633789e-01
7.867834717035293579e-02
3.622823059558868408e-01
7.715935707092285156e-01
8.205959796905517578e-01
2.696158736944198608e-02
-2.560142241418361664e-02
7.697733640670776367e-01
1.105301618576049805e+00
-1.712833493947982788e-01
-5.747188329696655273e-01
-5.309376120567321777e-01
-7.618348002433776855e-01
-2.962402403354644775e-01
4.060635268688201904e-01
-1.328829824924468994e-01
-5.351848006248474121e-01
-9.581317901611328125e-01
-3.726258575916290283e-01
3.586099147796630859e-01
4.689251780509948730e-01
1.000303387641906738e+00
7.492399215698242188e-01
5.234521031379699707e-01
1.615305393934249878e-01
-1.306156665086746216e-01
4.124343097209930420e-01
-7.313486188650131226e-02
-1.542786210775375366e-01
-2.193915992975234985e-01
-2.549019753932952881e-01
1.572993248701095581e-01
9.413430094718933105e-02
2.347068190574645996e-01
5.011144280433654785e-01
3.904638588428497314e-01
2.422910928726196289e-01
8.380372077226638794e-02
-1.363158673048019409e-01
1.950131207704544067e-01
-1.476044505834579468e-01
2.318806797266006470e-01
-1.242129504680633545e-01
2.497476190328598022e-01
4.159151017665863037e-01
6.527999043464660645e-01
7.234534025192260742e-01
6.457265615463256836e-01
7.035745978355407715e-01
6.883422136306762695e-01
5.818110704421997070e-01
6.407768130302429199e-01
5.664349794387817383e-01
6.577017307281494141e-01
5.602557659149169922e-01
5.253521800041198730e-01
3.657950162887573242e-01
2.758375406265258789e-01
2.231627553701400757e-01
4.717034101486206055e-01
4.625863134860992432e-01
1.629196703433990479e-01
4.452516883611679077e-02
-3.089019954204559326e-01
-4.732811450958251953e-01
-6.797011494636535645e-01
-8.036680817604064941e-01
-6.319122314453125000e-01
-4.184668064117431641e-01
-7.650387287139892578e-02
2.885152697563171387e-01
-4.059433564543724060e-02
-5.591830015182495117e-01
-1.944832503795623779e-01
3.413976132869720459e-01
-3.966825455427169800e-02
-9.540123343467712402e-01
-7.900962233543395996e-01
1.188031509518623352e-01
-2.083904147148132324e-01
-6.465698480606079102e-01
1.245671957731246948e-01
-1.517877727746963501e-01
7.475314736366271973e-01
1.296505212783813477e+00
1.770370602607727051e+00
1.530675649642944336e+00
8.804877996444702148e-01
-1.659609563648700714e-02
-7.727881073951721191e-01
-1.332491517066955566e+00
-8.104380369186401367e-01
3.786643445491790771e-01
6.218401193618774414e-01
1.900154799222946167e-01
-4.768896698951721191e-01
-2.278061509132385254e-01
-8.175697922706604004e-02
1.461917906999588013e-02
4.348997175693511963e-01
-1.925831884145736694e-01
-1.826996803283691406e-01
-2.001993954181671143e-01
-2.707411050796508789e-01
9.622596204280853271e-02
-1.792508363723754883e-01
-1.633478105068206787e-01
-1.447144448757171631e-01
1.808345168828964233e-01
8.768952488899230957e-01
7.733978629112243652e-01
3.435371816158294678e-01
3.074574097990989685e-02
-1.243566498160362244e-01
5.924609899520874023e-01
9.037994742393493652e-01
8.194463849067687988e-01
6.129944324493408203e-01
3.980960249900817871e-01
2.258292287588119507e-01
4.028701484203338623e-01
1.520941108465194702e-01
2.281763553619384766e-01
-3.752868995070457458e-02
-1.195985153317451477e-01
-3.415063917636871338e-01
-2.729445397853851318e-01
-2.906198799610137939e-01
-2.783678844571113586e-02
4.234035611152648926e-01
3.189002573490142822e-01
4.119872450828552246e-01
1.158854603767395020e+00
1.598630666732788086e+00
1.845574617385864258e+00
1.863361716270446777e+00
1.473833441734313965e+00
1.088823795318603516e+00
7.171304821968078613e-01
5.156123638153076172e-01
8.428059220314025879e-01
1.100367903709411621e+00
3.619789183139801025e-01
1.227948740124702454e-01
-4.340450838208198547e-02
-1.464069336652755737e-01
-1.736304908990859985e-01
-7.343823462724685669e-02
-4.235123395919799805e-01
-2.870113849639892578e-01
-5.998347401618957520e-01
-5.651227235794067383e-01
-4.210214912891387939e-01
-2.233673632144927979e-01
5.169430375099182129e-02
2.842361330986022949e-01
1.637978404760360718e-01
2.009582333266735077e-02
5.683350563049316406e-01
5.820506215095520020e-01
9.844961166381835938e-01
9.182654619216918945e-01
6.881027221679687500e-01
6.128347516059875488e-01
3.616755604743957520e-01
-2.933767624199390411e-02
2.244837116450071335e-03
2.728038430213928223e-01
3.041787743568420410e-01
2.969138324260711670e-01
3.584502339363098145e-01
5.761801823973655701e-02
4.064946174621582031e-01
-1.468859463930130005e-01
-4.895513951778411865e-01
2.722769379615783691e-01
5.220524221658706665e-02
1.038320541381835938e+00
5.089701414108276367e-01
6.995988488197326660e-01
7.100252509117126465e-01
6.013705134391784668e-01
5.048986077308654785e-01
3.097033202648162842e-01
-8.468947373330593109e-03
3.101344406604766846e-01
1.562454998493194580e-01
2.659699916839599609e-01
3.254999965429306030e-02
-6.559848785400390625e-02
-8.244355767965316772e-02
-9.248673170804977417e-02
4.490304291248321533e-01
-5.162745714187622070e-02
-4.987163841724395752e-01
-5.620091557502746582e-01
-5.092226266860961914e-01
-4.376909434795379639e-01
-1.314619332551956177e-01
-7.870146036148071289e-01
-2.453218400478363037e-01
4.482001364231109619e-01
3.834598138928413391e-02
-3.982686698436737061e-01
4.507708251476287842e-01
1.252340793609619141e+00
6.931642293930053711e-01
1.105716824531555176e+00
1.063644051551818848e+00
5.959098935127258301e-01
2.418599873781204224e-01
7.554191350936889648e-01
1.953005194664001465e-01
-2.839776575565338135e-01
-3.837867081165313721e-01
-2.418410480022430420e-01
-1.521230787038803101e-01
-2.836583256721496582e-01
-2.420645952224731445e-01
1.046778727322816849e-02
6.769312918186187744e-02
1.066997051239013672e+00
9.564742445945739746e-01
9.547498226165771484e-01
7.950968742370605469e-01
7.531039118766784668e-01
1.577378749847412109e+00
1.152819156646728516e+00
9.516522288322448730e-01
8.156302571296691895e-01
5.461251139640808105e-01
2.708558738231658936e-01
8.627859503030776978e-02
-9.227916598320007324e-02
8.835428953170776367e-02
-8.165576495230197906e-03
-2.670846879482269287e-01
4.508401080965995789e-02
5.394189953804016113e-01
1.343878984451293945e+00
8.386225700378417969e-01
1.352517008781433105e+00
1.158583164215087891e+00
7.580217123031616211e-01
2.339723408222198486e-01
-1.823324412107467651e-01
-4.233526587486267090e-01
-4.110527411103248596e-02
1.559261679649353027e-01
-2.355181574821472168e-01
3.818631172180175781e-02
4.404615983366966248e-02
1.664802879095077515e-01
1.079296991229057312e-01
5.916680768132209778e-02
2.078824341297149658e-01
-3.574039787054061890e-02
-2.162780612707138062e-01
1.722762584686279297e-01
4.426436722278594971e-01
4.382262378931045532e-02
1.335246115922927856e-01
4.473060071468353271e-01
5.328406691551208496e-01
4.638476967811584473e-01
3.083940446376800537e-01
2.532124519348144531e-01
4.896661639213562012e-01
6.131381392478942871e-01
3.870948553085327148e-01
1.978552192449569702e-01
3.925714790821075439e-01
3.820652663707733154e-01
2.282561957836151123e-01
4.593025520443916321e-02
2.547293007373809814e-01
1.759965568780899048e-01
2.210765145719051361e-02
-1.660781502723693848e-01
-3.120953738689422607e-01
-3.574039787054061890e-02
-1.566257476806640625e-01
1.495873183012008667e-01
1.827559806406497955e-02
1.127836331725120544e-01
1.755494773387908936e-01
7.926912605762481689e-02
-1.851426213979721069e-01
-2.770959436893463135e-01
-2.444755882024765015e-01
-5.597418546676635742e-01
-2.821574509143829346e-01
-5.533071756362915039e-01
-1.103536859154701233e-01
-3.211645483970642090e-01
4.687772132456302643e-03
3.016879558563232422e-01
2.105329334735870361e-01
-3.376050293445587158e-02
-2.656955718994140625e-01
-2.079752683639526367e-01
9.186700731515884399e-02
-1.595741882920265198e-02
-4.930162131786346436e-01
-5.146833062171936035e-01
-3.055010437965393066e-01
-1.450337916612625122e-01
1.078498661518096924e-01
6.043723225593566895e-01
-5.067477226257324219e-01
2.413490414619445801e-01
-2.013490200042724609e-01
4.577004611492156982e-01
1.358233213424682617e+00
3.023106455802917480e-01
1.163421154022216797e+00
1.927617937326431274e-01
-5.049434900283813477e-01
5.836632847785949707e-01
-2.048936635255813599e-01
1.064793586730957031e+00
8.081791549921035767e-02
-4.373236894607543945e-01
1.020437598228454590e+00
2.168808460235595703e+00
1.576660275459289551e+00
1.177727460861206055e+00
6.818277239799499512e-01
1.352053999900817871e+00
1.657612442970275879e+00
8.126444816589355469e-01
8.510927557945251465e-01
1.425693273544311523e+00
1.775783419609069824e+00
8.393730521202087402e-01
-5.162640213966369629e-01
-1.245934963226318359e+00
-1.157127141952514648e+00
-2.505854889750480652e-02
2.973982505500316620e-02
-1.548853516578674316e-01
-9.638265520334243774e-02
-1.583182364702224731e-01
3.049026988446712494e-02
-1.125768184661865234e+00
-1.151139616966247559e+00
-6.522220969200134277e-01
-1.947887539863586426e+00
-1.899906992912292480e+00
-8.069252967834472656e-01
1.707913428544998169e-01
-1.506834030151367188e+00
-1.176734566688537598e+00
2.296612709760665894e-01
1.778753161430358887e+00
3.698186576366424561e-01
5.065591335296630859e-01
2.281923145055770874e-01
2.950032241642475128e-02
-3.117281198501586914e-01
-4.156885445117950439e-01
5.470511913299560547e-01
-5.907655358314514160e-01
-1.051165461540222168e-01
-8.919330835342407227e-01
-3.321763128042221069e-02
-4.915951788425445557e-01
9.886954426765441895e-01
6.464291214942932129e-01
7.610394358634948730e-01
7.545568943023681641e-01
7.739886045455932617e-01
7.393563985824584961e-01
6.338631510734558105e-01
4.309718608856201172e-01
4.861269146203994751e-02
-3.933828175067901611e-01
-3.291320502758026123e-01
-3.685808181762695312e-02
9.081584215164184570e-01
-1.199338212609291077e-01
-1.100764036178588867e+00
-1.487657785415649414e+00
-3.616725504398345947e-01
8.933411240577697754e-01
2.119582414627075195e+00
5.790168642997741699e-01
4.176075756549835205e-01
2.386660814285278320e+00
1.353315353393554688e+00
9.982276558876037598e-01
8.729993104934692383e-01
9.557237625122070312e-01
2.058317422866821289e+00
6.673617362976074219e-01
-1.632679700851440430e-01
-7.450695633888244629e-01
-2.494412958621978760e-01
3.260374665260314941e-01
1.357211232185363770e+00
7.800774276256561279e-02
-4.963852465152740479e-01
8.614392876625061035e-01
1.900804162025451660e+00
1.293790817260742188e+00
6.772292256355285645e-01
5.808106064796447754e-02
-5.907176136970520020e-01
-1.230479121208190918e+00
-1.316380977630615234e+00
-8.812352418899536133e-01
-3.460888862609863281e-01
2.462029755115509033e-01
-6.929376721382141113e-01
-9.109336733818054199e-01
-2.364442497491836548e-01
2.063496112823486328e-01
-8.323445916175842285e-01
-1.731136918067932129e+00
-1.881305575370788574e+00
-2.512892007827758789e+00
-1.402650117874145508e+00
1.229545399546623230e-01
2.229961633682250977e+00
-6.758690476417541504e-01
-1.498978376388549805e+00
-2.477647662162780762e-01
-6.778489351272583008e-01
6.077253818511962891e-01
-3.661592602729797363e-01
7.937715649604797363e-01
-2.470622211694717407e-01
5.771168470382690430e-01
4.002994596958160400e-01
6.391482353210449219e-01
5.687342286109924316e-01
6.855958700180053711e-01
1.284561872482299805e+00
5.391156077384948730e-01
-1.315758228302001953e+00
-1.713445663452148438e+00
-1.074913620948791504e+00
-5.837720632553100586e-01
-1.123814806342124939e-01
9.570011496543884277e-01
1.430946350097656250e+00
3.669025659561157227e+00
2.610564470291137695e+00
1.737127542495727539e+00
1.343144416809082031e+00
1.485409498214721680e+00
4.008337974548339844e+00
2.295218229293823242e+00
1.161042094230651855e+00
4.181504547595977783e-01
-2.956015765666961670e-01
-1.093962192535400391e+00
-8.415415287017822266e-01
-7.958283424377441406e-01
-3.185779154300689697e-01
9.599709510803222656e-01
-9.382370710372924805e-01
3.729322254657745361e-01
2.598525285720825195e+00
1.808339834213256836e+00
4.331593215465545654e-01
-7.301086187362670898e-01
-1.491314172744750977e+00
-1.130893588066101074e+00
-6.549683809280395508e-01
-9.134564399719238281e-01
-1.367538928985595703e+00
-7.102138400077819824e-01
3.982557058334350586e-01
1.835355877876281738e+00
1.262144446372985840e+00
3.889150619506835938e-01
-4.827814400196075439e-01
3.293106555938720703e-01
-2.134998142719268799e-01
5.191569924354553223e-01
-7.114273309707641602e-01
-1.752676248550415039e+00
-6.422427892684936523e-01
3.932101726531982422e-01
-9.329999089241027832e-01
-1.595625877380371094e+00
-4.431675672531127930e-01
-6.321517229080200195e-01
-1.302952766418457031e+00
-1.759935915470123291e-01
-1.089805364608764648e-01
5.707460641860961914e-01
5.198755264282226562e-01
-2.076240032911300659e-01
2.452928572893142700e-01
1.336598038673400879e+00
2.011007547378540039e+00
1.103146076202392578e+00
-3.912751674652099609e-01
-5.731700062751770020e-01
-6.210173666477203369e-02
-1.764715313911437988e+00
-1.493517637252807617e+00
-4.306920245289802551e-02
-1.029583573341369629e+00
-1.221984624862670898e+00
2.160095870494842529e-01
-1.676242709159851074e+00
-1.863550424575805664e+00
-3.416660428047180176e-01
-2.299638032913208008e+00
-4.127336502075195312e+00
-3.672040462493896484e+00
-1.221665382385253906e+00
-1.862720131874084473e+00
-9.091453552246093750e-01
1.583605885505676270e+00
2.160362005233764648e+00
1.773308515548706055e+00
1.113492608070373535e+00
2.648363411426544189e-01
-7.076272368431091309e-01
-8.261973857879638672e-01
-6.597265601158142090e-01
8.701571822166442871e-01
3.722738265991210938e+00
2.636558532714843750e+00
1.796050667762756348e-01
-1.319973468780517578e+00
-7.891701459884643555e-01
5.150694847106933594e-01
1.031295061111450195e+00
-7.163131833076477051e-01
-6.068282127380371094e-01
1.865852594375610352e+00
3.363850355148315430e+00
1.246289253234863281e+00
-6.408163160085678101e-02
-1.003110527992248535e+00
-1.382638216018676758e-01
-9.692552685737609863e-02
-2.520763635635375977e+00
-2.637753009796142578e+00
-2.973137617111206055e+00
-2.801669120788574219e+00
-1.790182471275329590e+00
1.682047098875045776e-01
-3.645104169845581055e+00
-1.836741924285888672e+00
6.572387218475341797e-01
-2.134998142719268799e-01
1.505352139472961426e+00
1.652471065521240234e+00
1.160163879394531250e+00
-1.640449278056621552e-02
8.969496488571166992e-01
-9.315734356641769409e-02
-8.074841499328613281e-01
1.159525156021118164e+00
7.340713739395141602e-01
1.644104361534118652e+00
1.137522816658020020e+00
-6.648359298706054688e-01
-5.238312721252441406e+00
-6.560666561126708984e+00
-5.265456676483154297e+00
-2.715926885604858398e+00
3.590090870857238770e-01
-2.453697323799133301e-01
-1.316828012466430664e+00
2.180879354476928711e+00
4.219340801239013672e+00
3.814276456832885742e+00
3.341369152069091797e+00
2.790591239929199219e+00
2.149472475051879883e+00
1.482519507408142090e+00
9.279254078865051270e-01
4.813154935836791992e-01
3.413072228431701660e-02
-2.470622211694717407e-01
3.631924092769622803e-01
8.025853037834167480e-01
-1.215629816055297852e+00
-6.276650428771972656e-01
7.756491899490356445e-01
-4.566755592823028564e-01
8.410709351301193237e-02
-6.912132501602172852e-01
-1.842963695526123047e-01
-8.569176793098449707e-01
-2.842012047767639160e-01
7.780122756958007812e-01
2.223079919815063477e+00
1.613735437393188477e+00
1.171404600143432617e+00
4.154360890388488770e-01
-3.080557286739349365e-01
-6.389216780662536621e-01
-4.732971191406250000e-01
-2.364123016595840454e-01
-4.093497097492218018e-01
-2.427830994129180908e-01
-6.698974370956420898e-01
-2.732798457145690918e-01
-9.644652158021926880e-02
3.707766830921173096e-01
-1.205075740814208984e+00
-3.920096457004547119e-01
7.261837124824523926e-01
2.071697711944580078e+00
-8.094321489334106445e-01
1.112103581428527832e+00
-8.979365825653076172e-01
1.139087557792663574e+00
-9.336864948272705078e-01
1.260627508163452148e+00
-8.551932573318481445e-01
-2.074856281280517578e+00
-3.373890638351440430e+00
-1.710906863212585449e+00
3.334939777851104736e-01
-4.699121117591857910e-01
-9.009224176406860352e-01
2.037267666310071945e-03
1.412504673004150391e+00
2.017825603485107422e+00
3.306609153747558594e+00
2.472977638244628906e+00
2.939817667007446289e+00
6.102321743965148926e-01
-1.552563190460205078e+00
-1.802349328994750977e+00
1.813294887542724609e-01
2.739848375320434570e+00
4.946345329284667969e+00
2.658337354660034180e+00
1.049529314041137695e+00
2.556553781032562256e-01
-9.732469916343688965e-02
-2.024986296892166138e-01
2.315847635269165039e+00
5.059524178504943848e-01
-8.593925237655639648e-01
1.972644478082656860e-01
-2.099125862121582031e+00
-3.448775291442871094e+00
-4.541549682617187500e+00
-5.410515785217285156e+00
-4.997707843780517578e+00
-3.408953905105590820e+00
-3.197695970535278320e+00
-3.250274896621704102e+00
-2.392820835113525391e+00
-1.332906723022460938e+00
-3.970871269702911377e-01
2.279368489980697632e-01
4.114922583103179932e-01
1.382508128881454468e-01
-3.396382629871368408e-01
-6.429613232612609863e-01
1.688753217458724976e-01
7.649194002151489258e-01
1.294317722320556641e+00
-3.658079802989959717e-01
-1.368289351463317871e+00
-1.010072112083435059e+00
-2.441743373870849609e+00
-1.110344171524047852e+00
-2.219005346298217773e+00
-4.632863998413085938e+00
-5.697879791259765625e+00
-5.679246425628662109e+00
-4.904844284057617188e+00
-6.630578041076660156e+00
-5.803995609283447266e+00
-4.975449562072753906e+00
-5.996133327484130859e+00
-6.123437404632568359e+00
-5.924067020416259766e+00
-5.472850322723388672e+00
-2.621179342269897461e+00
5.175762772560119629e-01
3.976388454437255859e+00
5.672791004180908203e+00
7.052505970001220703e+00
9.394273757934570312e+00
1.043177032470703125e+01
7.479843616485595703e+00
8.270651817321777344e+00
4.787745952606201172e+00
5.114891529083251953e+00
4.728029727935791016e+00
9.311507344245910645e-01
-1.219350099563598633e+00
-2.201649427413940430e+00
-1.456650137901306152e+00
-3.457956314086914062e+00
-2.556369781494140625e+00
-5.140307903289794922e+00
-7.846720218658447266e+00
-8.925907135009765625e+00
-9.851963043212890625e+00
-8.249341011047363281e+00
-8.764090538024902344e+00
-1.026418781280517578e+01
-8.188507080078125000e+00
-3.855643749237060547e+00
1.650842428207397461e+00
7.887175083160400391e+00
1.437849903106689453e+01
1.398536205291748047e+01
1.359035682678222656e+01
1.013317394256591797e+01
7.224709033966064453e+00
4.125790596008300781e+00
1.754057705402374268e-01
-1.548826932907104492e+00
-6.493230819702148438e+00
-6.855343818664550781e+00
-8.774636268615722656e+00
-8.243370056152343750e+00
-3.089216947555541992e+00
4.365602731704711914e-01
4.426495075225830078e+00
7.901865005493164062e+00
7.239781856536865234e+00
5.737424850463867188e+00
6.445732116699218750e+00
3.568785429000854492e+00
1.693282485008239746e+00
2.714253425598144531e+00
3.234055519104003906e+00
7.500222921371459961e-01
1.081894159317016602e+00
1.237555384635925293e+00
5.536774396896362305e-01
-2.086049079895019531e+00
-4.422867774963378906e+00
-4.516816616058349609e+00
-6.714132785797119141e+00
-8.043879508972167969e+00
-7.809046268463134766e+00
-6.690725326538085938e+00
-4.270303726196289062e+00
-3.520738124847412109e+00
-1.857626676559448242e+00
-1.627570390701293945e-01
2.127038955688476562e+00
3.762799263000488281e+00
5.175405979156494141e+00
4.172829151153564453e+00
2.076216459274291992e+00
-1.667051226831972599e-03
-1.550695061683654785e+00
-2.018109798431396484e+00
-1.865785717964172363e+00
-2.840772151947021484e+00
-1.169820904731750488e+00
-8.048391318880021572e-04
-8.139188289642333984e-01
-4.211118817329406738e-02
6.884060502052307129e-01
1.265401601791381836e+00
1.613719463348388672e+00
1.734317302703857422e+00
2.079633235931396484e+00
2.508312463760375977e+00
2.246279716491699219e+00
1.156379699707031250e+00
-4.474786520004272461e-01
-3.892154395580291748e-01
-2.130596637725830078e+00
-2.196747541427612305e+00
-3.705986022949218750e+00
-3.247512817382812500e+00
-3.072771072387695312e+00
-3.374561309814453125e+00
-2.969672918319702148e+00
-2.162227153778076172e+00
2.897127866744995117e-01
8.193505406379699707e-01
