-4.679023361206054688e+01
-1.518393898010253906e+01
-5.734893679618835449e-01
1.835994482040405273e+00
1.946213960647583008e+00
2.768572807312011719e+00
2.123654127120971680e+00
7.339276671409606934e-01
1.271857619285583496e-01
1.379580855369567871e+00
1.118729829788208008e+00
5.605431795120239258e-01
-3.048464059829711914e-01
-4.694969952106475830e-01
-5.380268692970275879e-01
4.997891783714294434e-01
1.220327138900756836e+00
-2.506707310676574707e-01
6.556579470634460449e-01
3.134076297283172607e-01
4.828642606735229492e-01
1.017946720123291016e+00
1.156954526901245117e+00
-3.125264644622802734e-01
2.991811335086822510e-01
8.386225700378417969e-01
7.359395027160644531e-01
6.214249730110168457e-01
1.181804388761520386e-01
8.030697703361511230e-02
-9.736515879631042480e-01
-5.874603986740112305e-01
-1.840035431087017059e-02
3.238819241523742676e-01
1.318411707878112793e+00
-7.390127331018447876e-02
1.274891346693038940e-01
-3.604377061128616333e-02
-3.609061539173126221e-01
-8.309555053710937500e-01
-3.133353590965270996e-02
-1.472212523221969604e-01
-6.267070174217224121e-01
1.150392174720764160e+00
-7.173510789871215820e-01
1.839347600936889648e+00
-5.314645171165466309e-01
5.476898550987243652e-01
-6.032995581626892090e-01
-1.345807909965515137e+00
-5.884449183940887451e-02
-1.479716897010803223e-01
1.034430041909217834e-01
1.244768127799034119e-02
4.287365078926086426e-01
7.924304008483886719e-01
5.132971405982971191e-01
-1.120579004287719727e+00
-4.086471498012542725e-01
-6.457395553588867188e-01
-1.063140630722045898e-01
-3.229368925094604492e-01
-2.386476695537567139e-01
1.633667349815368652e-01
2.964987158775329590e-01
3.664975464344024658e-01
9.890147447586059570e-01
3.539635539054870605e-01
2.149035921320319176e-03
3.672160804271697998e-01
-1.867063045501708984e+00
-8.080430030822753906e-01
-8.834865689277648926e-01
4.467152357101440430e-01
-2.219143658876419067e-01
-1.385192871093750000e-01
-8.583866357803344727e-01
9.266535192728042603e-02
8.567769527435302734e-01
-6.606366634368896484e-01
-1.764087229967117310e-01
1.186525225639343262e+00
2.631598412990570068e-01
-4.367967844009399414e-01
-4.631421566009521484e-01
-4.027872979640960693e-01
-3.821900188922882080e-01
-3.294619172811508179e-02
3.864721357822418213e-01
-7.783445715904235840e-01
-8.424835801124572754e-01
-1.455447226762771606e-01
-7.812665104866027832e-01
1.075624600052833557e-01
3.153875470161437988e-01
-3.549345433712005615e-01
-2.236866950988769531e-01
7.056663036346435547e-01
-7.997721433639526367e-01
-1.287832140922546387e+00
-1.426105380058288574e+00
-1.539039254188537598e+00
-6.393208503723144531e-01
-1.317706227302551270e+00
-1.286953926086425781e+00
-3.915146887302398682e-01
-1.043043732643127441e+00
-6.344828605651855469e-01
-3.834514021873474121e-01
-1.016107559204101562e+00
-2.309462055563926697e-02
-2.917535305023193359e-01
-3.823017776012420654e-01
-6.644473224878311157e-02
-2.498724013566970825e-01
-4.482290744781494141e-01
2.329504489898681641e-01
-1.208598986268043518e-01
-2.679788470268249512e-01
2.293259650468826294e-01
6.675213575363159180e-01
5.648382902145385742e-01
-5.730103254318237305e-01
-5.741440057754516602e-01
-3.082792758941650391e-01
-3.257630169391632080e-01
-2.101946771144866943e-01
-8.041949868202209473e-01
-2.499362677335739136e-01
-2.049415707588195801e-01
-3.311119377613067627e-01
-6.234337687492370605e-01
5.904651284217834473e-01
8.120112121105194092e-02
-3.320060670375823975e-01
-7.352020144462585449e-01
2.313856929540634155e-01
-3.725779354572296143e-01
-1.410899609327316284e-01
2.121934890747070312e-01
2.115069180727005005e-01
1.651230901479721069e-01
-5.951404571533203125e-01
-6.046088337898254395e-01
5.016148090362548828e-02
-5.067158341407775879e-01
-1.440438330173492432e-01
-6.804355978965759277e-01
4.488867223262786865e-01
4.925721287727355957e-01
4.928914904594421387e-01
-2.558440268039703369e-01
1.527382154017686844e-02
-2.405317723751068115e-01
-5.773693323135375977e-01
3.205608129501342773e-01
-1.339527666568756104e-01
3.498440980911254883e-01
-3.368600010871887207e-01
-4.874597489833831787e-01
-5.321191549301147461e-01
-3.413147628307342529e-01
-7.770138978958129883e-02
-6.021499037742614746e-01
-5.152900218963623047e-01
-5.275526046752929688e-01
-1.917529106140136719e-01
3.558370843529701233e-02
-1.971656829118728638e-01
6.118288636207580566e-01
9.860502928495407104e-02
2.738097608089447021e-01
5.900713801383972168e-02
-9.575995057821273804e-02
-2.452739328145980835e-01
-1.743489950895309448e-01
-6.478417664766311646e-02
-4.184188842773437500e-01
-1.448846515268087387e-02
-9.189596027135848999e-02
3.690362870693206787e-01
2.437919825315475464e-01
4.702664017677307129e-01
6.135053634643554688e-01
4.520801007747650146e-01
5.447359681129455566e-01
9.833359718322753906e-02
5.471150279045104980e-01
-4.596773386001586914e-01
-5.522853136062622070e-01
-4.766980409622192383e-01
-4.919304549694061279e-01
-5.103083848953247070e-01
-9.904807209968566895e-01
-3.443325161933898926e-01
-1.819278486073017120e-02
-1.603620052337646484e-01
5.466414615511894226e-02
-7.915437966585159302e-02
1.369096040725708008e-01
8.382074832916259766e-01
1.479906290769577026e-01
1.512957662343978882e-01
3.962917923927307129e-01
1.984938979148864746e-01
-1.147924810647964478e-01
-5.330397933721542358e-02
-7.080742716789245605e-01
-1.020030006766319275e-01
1.693064272403717041e-01
6.499472260475158691e-02
-7.578536123037338257e-02
2.077706605195999146e-01
3.114117681980133057e-01
6.379507184028625488e-01
6.138620525598526001e-02
1.873330473899841309e-01
-4.839150905609130859e-01
-6.844592690467834473e-01
7.336137443780899048e-02
-3.551261425018310547e-01
1.382508128881454468e-01
-1.408983618021011353e-01
-1.518356800079345703e-01
6.946545094251632690e-02
-5.611150264739990234e-01
-7.173989415168762207e-01
-5.671664476394653320e-01
-2.186411619186401367e-01
2.235619276762008667e-01
-2.081135474145412445e-02
1.078573107719421387e+00
-1.495683789253234863e-01
-1.386949270963668823e-01
4.142758995294570923e-02
-9.866592288017272949e-02
1.837724298238754272e-01
1.269462704658508301e-01
3.577636778354644775e-01
7.353487610816955566e-01
6.075497269630432129e-01
4.983840882778167725e-01
1.950450539588928223e-01
-9.333297610282897949e-02
-2.889752984046936035e-01
-8.325245231389999390e-03
-1.472796872258186340e-02
3.091604411602020264e-01
3.693396747112274170e-01
1.349297016859054565e-01
3.792391419410705566e-01
4.250321984291076660e-01
-3.055489361286163330e-01
-3.529332578182220459e-02
-2.948191761970520020e-01
-3.282698094844818115e-01
6.885871291160583496e-02
2.078239992260932922e-02
-5.347961559891700745e-02
2.150036692619323730e-01
8.010525107383728027e-01
5.385408401489257812e-01
6.342463493347167969e-01
1.728565059602260590e-02
2.333710156381130219e-02
4.072450697422027588e-01
2.144288569688796997e-01
-2.782774865627288818e-01
1.476074159145355225e-01
-2.217866331338882446e-01
-2.887358069419860840e-01
-1.656630039215087891e-01
-2.439007759094238281e-01
-2.347198128700256348e-01
-9.743647277355194092e-02
-2.435654699802398682e-01
2.650439143180847168e-01
-3.656802475452423096e-01
-2.067138850688934326e-01
1.022774204611778259e-01
-3.279345333576202393e-01
-3.841379880905151367e-01
4.776111543178558350e-01
3.607439866755157709e-04
1.630314290523529053e-01
6.846857666969299316e-01
4.068618714809417725e-01
1.726115643978118896e-01
6.493085622787475586e-02
4.597442150115966797e-01
-1.706606447696685791e-01
1.237369179725646973e-01
3.007299304008483887e-01
-1.905074864625930786e-01
-8.869354128837585449e-01
-1.327392756938934326e-01
-4.750215411186218262e-01
-4.247098565101623535e-01
-6.031344458460807800e-02
1.856565177440643311e-01
3.766045868396759033e-01
2.743526101112365723e-01
5.094385892152786255e-02
4.082084819674491882e-02
-1.406269222497940063e-01
-6.021764501929283142e-02
7.545845583081245422e-03
-3.040161132812500000e-01
-2.684259116649627686e-01
-1.209397390484809875e-01
1.572514176368713379e-01
-4.594324156641960144e-02
3.934816122055053711e-01
1.536109745502471924e-01
1.355683803558349609e-01
6.010352373123168945e-01
3.663698136806488037e-01
-1.000176928937435150e-02
3.772113323211669922e-01
5.331599712371826172e-01
-3.067943453788757324e-01
-7.342121005058288574e-01
-3.703904747962951660e-01
-3.817588984966278076e-01
-4.804342985153198242e-01
-4.845004528760910034e-02
8.460206538438796997e-02
-6.185319423675537109e-01
-2.141544669866561890e-01
-2.462159842252731323e-01
-1.086771637201309204e-01
4.307962357997894287e-01
4.159629940986633301e-01
6.674575209617614746e-01
6.690542101860046387e-01
8.470531105995178223e-01
5.811883807182312012e-01
2.172444574534893036e-02
2.715319022536277771e-02
-1.117747426033020020e-01
-3.350397944450378418e-01
-6.277234852313995361e-02
-9.013959765434265137e-02
-1.308337878435850143e-02
-3.635247349739074707e-01
1.298203021287918091e-01
-4.876194000244140625e-01
-3.891780972480773926e-02
-3.138038218021392822e-01
-2.982680201530456543e-01
-3.030580878257751465e-01
-1.658226847648620605e-01
-6.673906445503234863e-01
-1.385991275310516357e-01
-2.860319800674915314e-02
-5.008080601692199707e-01
4.205933809280395508e-01
5.202960595488548279e-02
1.610410027205944061e-02
-6.326732039451599121e-02
-3.009025752544403076e-01
-2.278380841016769409e-01
-1.252188682556152344e-01
-4.754207134246826172e-01
-8.349737524986267090e-02
1.568841785192489624e-01
-6.697163730859756470e-02
-3.127180635929107666e-01
-6.288944482803344727e-01
4.364006221294403076e-01
-2.168848067522048950e-01
-1.538794487714767456e-01
5.963409543037414551e-01
4.390670955181121826e-01
-5.093663334846496582e-01
-4.409641623497009277e-01
-5.474314093589782715e-01
-5.440144538879394531e-01
-3.518848717212677002e-01
5.966762900352478027e-01
6.634178757667541504e-01
3.592805266380310059e-01
-5.897755622863769531e-01
-5.837401151657104492e-01
-1.436127275228500366e-01
-3.017807602882385254e-01
7.902961969375610352e-02
-7.963552474975585938e-01
-3.614490330219268799e-01
-1.829711198806762695e-01
-3.264496028423309326e-01
-1.199976876378059387e-01
9.355521178804337978e-04
5.887940526008605957e-02
7.072150707244873047e-01
-2.977251708507537842e-01
-1.624482311308383942e-02
4.622510075569152832e-01
4.805011749267578125e-01
1.910533308982849121e-01
5.780588984489440918e-01
4.479286968708038330e-01
-7.036208990029990673e-05
3.117151558399200439e-01
-2.516127824783325195e-01
-5.897596478462219238e-01
-3.323413729667663574e-01
-4.525880515575408936e-01
-1.928546279668807983e-01
-4.521409869194030762e-01
4.084904789924621582e-01
-1.089006960391998291e-01
7.216491699218750000e-01
1.011256575584411621e+00
5.144467949867248535e-01
-5.828564986586570740e-02
-8.846307545900344849e-02
6.934675574302673340e-01
-1.503826975822448730e-01
1.482460945844650269e-01
6.245598942041397095e-02
-3.999132812023162842e-01
-3.991788029670715332e-01
-3.866234049201011658e-02
-1.475405842065811157e-01
-1.742212623357772827e-01
2.856731414794921875e-01
1.176258444786071777e+00
7.036225199699401855e-01
8.393146097660064697e-02
-1.317972242832183838e-01
-6.922297179698944092e-02
9.491667896509170532e-02
5.194977298378944397e-02
-2.410427033901214600e-01
-1.059254352003335953e-02
8.116918802261352539e-02
2.444466203451156616e-01
-2.327558845281600952e-01
-1.447304189205169678e-01
-5.926815867424011230e-01
-4.371799826622009277e-01
-7.313486188650131226e-02
-5.412042737007141113e-01
-4.143154025077819824e-01
3.140143752098083496e-01
-1.249260362237691879e-02
1.149710938334465027e-01
-1.184169650077819824e-01
-2.026902288198471069e-01
1.603809297084808350e-01
2.989895343780517578e-01
3.292947113513946533e-01
2.256855219602584839e-01
4.585945904254913330e-01
-1.445547789335250854e-01
1.374045759439468384e-01
-4.508157074451446533e-01
-8.706970810890197754e-01
-9.403925538063049316e-01
-4.388724863529205322e-01
-1.737582236528396606e-01
4.156117141246795654e-01
4.100392758846282959e-01
5.252404212951660156e-01
2.124809026718139648e-01
-2.450024932622909546e-01
-2.224412709474563599e-01
-3.990989625453948975e-01
-9.904912859201431274e-02
-3.700072765350341797e-01
1.886902302503585815e-01
-2.388073354959487915e-01
-2.090929597616195679e-01
3.530215024948120117e-01
4.071971774101257324e-01
1.294051706790924072e-01
1.804513186216354370e-01
-4.164549708366394043e-01
-3.845211863517761230e-01
-1.192153096199035645e-01
-3.932550847530364990e-01
4.943444728851318359e-01
-3.490427434444427490e-01
7.352104783058166504e-02
-5.977057293057441711e-02
-2.824927568435668945e-01
-5.136294960975646973e-01
-8.511003106832504272e-02
1.523815244436264038e-01
6.564936786890029907e-02
5.209293365478515625e-01
3.468956425786018372e-02
2.829428017139434814e-01
1.596624255180358887e-01
2.447659522294998169e-01
-1.878356002271175385e-02
-1.755465120077133179e-01
6.923136766999959946e-03
-3.302602842450141907e-02
-1.523306518793106079e-01
7.757928967475891113e-01
3.518239855766296387e-01
4.241859316825866699e-01
-1.474393624812364578e-02
5.974161624908447266e-02
-1.325901504606008530e-02
2.788552939891815186e-01
4.184378683567047119e-01
3.112894482910633087e-02
-1.679622381925582886e-01
-1.967665106058120728e-01
-1.774571090936660767e-02
2.845714390277862549e-01
7.249916344881057739e-02
-3.050325810909271240e-02
-7.254408299922943115e-02
-3.853460401296615601e-02
1.461544334888458252e-01
4.432301502674818039e-03
-4.431461915373802185e-02
2.529729306697845459e-01
-7.982499152421951294e-02
-1.436765938997268677e-01
1.157055720686912537e-01
-1.792134717106819153e-02
-1.735027581453323364e-01
2.688175253570079803e-02
6.268494296818971634e-03
1.446056365966796875e-01
-2.595269493758678436e-02
2.083774060010910034e-01
1.705358773469924927e-01
4.216206818819046021e-02
-2.892786860466003418e-01
-2.123022973537445068e-01
-3.188014626502990723e-01
-1.723477058112621307e-02
-6.286814808845520020e-02
-1.574719995260238647e-01
-7.489121705293655396e-02
3.676525875926017761e-02
-2.851911485195159912e-01
-1.760095506906509399e-01
1.062851101160049438e-01
-1.176345869898796082e-01
-6.389003247022628784e-02
-2.618635296821594238e-01
-2.125577777624130249e-01
-2.803851068019866943e-01
3.101503849029541016e-01
-1.895494759082794189e-01
2.134868204593658447e-01
2.815057933330535889e-01
6.031642481684684753e-02
-3.352100029587745667e-02
-7.744592428207397461e-02
3.010492622852325439e-01
5.384983494877815247e-02
2.601101398468017578e-01
4.496052265167236328e-01
3.887394368648529053e-01
4.704420268535614014e-01
4.866803586483001709e-01
1.204317733645439148e-01
3.492533266544342041e-01
7.418313026428222656e-01
2.447819262742996216e-01
2.336370348930358887e-01
-3.474620282649993896e-01
3.475343063473701477e-02
2.471130937337875366e-01
-5.070670843124389648e-01
-8.975639194250106812e-02
1.397676765918731689e-01
-1.388067007064819336e-01
1.540740132331848145e-01
-3.998217638581991196e-03
2.272023707628250122e-01
4.913426935672760010e-01
3.283686339855194092e-01
7.471856474876403809e-02
2.857529819011688232e-01
3.569812774658203125e-01
2.748156487941741943e-01
2.880043089389801025e-01
3.053816966712474823e-02
3.416211307048797607e-01
4.135998785495758057e-01
1.016441639512777328e-02
-2.740568108856678009e-02
-1.162614375352859497e-01
-4.286163300275802612e-02
1.821916997432708740e-01
3.548097908496856689e-01
2.205601483583450317e-01
-1.871863752603530884e-01
-1.562106162309646606e-01
4.656679332256317139e-01
6.126431822776794434e-01
7.462275773286819458e-02
4.488388299942016602e-01
7.082688808441162109e-01
2.124170362949371338e-01
3.704892694950103760e-01
6.082522869110107422e-01
4.267086982727050781e-01
6.353321075439453125e-01
6.204085052013397217e-02
-2.917056381702423096e-01
5.853354930877685547e-03
1.387777179479598999e-01
-4.426406621932983398e-01
1.309858858585357666e-01
4.910872280597686768e-01
1.963064372539520264e-01
3.949505686759948730e-01
1.738250553607940674e-01
-4.536843672394752502e-02
5.825669690966606140e-02
4.314668476581573486e-01
-1.391739398241043091e-01
2.178617417812347412e-01
-7.909051328897476196e-02
2.340521663427352905e-01
4.187731742858886719e-01
2.221941947937011719e-02
-9.267833828926086426e-02
-5.237790197134017944e-02
-1.154311597347259521e-01
-3.996577858924865723e-01
-3.430391848087310791e-01
1.286387592554092407e-01
-3.116802275180816650e-01
-6.270902156829833984e-01
-4.254922270774841309e-01
-1.989060789346694946e-01
2.946838922798633575e-02
-2.465193569660186768e-01
-1.473968774080276489e-01
-5.104680061340332031e-01
-2.211798876523971558e-01
-5.156359076499938965e-02
-1.057552248239517212e-01
2.938855439424514771e-02
4.259582757949829102e-01
1.886637136340141296e-02
-4.132456183433532715e-01
6.882677972316741943e-02
7.144534587860107422e-02
-2.994655370712280273e-01
5.950211361050605774e-02
-1.303761750459671021e-01
-3.005618602037429810e-02
4.042113721370697021e-01
-6.925490498542785645e-02
-3.850480914115905762e-01
-3.207653760910034180e-01
4.236271083354949951e-01
-3.724821507930755615e-01
2.886589467525482178e-01
3.835980892181396484e-01
1.477032154798507690e-01
-5.183078050613403320e-01
-5.553349852561950684e-01
-1.255382001399993896e-01
7.307396829128265381e-02
-6.644473224878311157e-02
2.082975804805755615e-01
3.017198741436004639e-01
-1.890385448932647705e-01
-1.028375583700835705e-03
-7.704675197601318359e-02
-2.948511242866516113e-01
1.787588298320770264e-01
-4.166785180568695068e-01
-3.601183742284774780e-02
1.464897394180297852e-01
-1.236381381750106812e-01
-3.198712468147277832e-01
1.460107266902923584e-01
-4.327890872955322266e-01
-3.948357999324798584e-01
-6.464899778366088867e-01
-7.375332117080688477e-01
-9.494937062263488770e-01
-7.731713056564331055e-01
-2.129036188125610352e-02
-7.427703738212585449e-01
-9.368424862623214722e-02
-2.487387508153915405e-01
1.305388212203979492e-01
3.636873960494995117e-01
1.242856383323669434e+00
7.459986805915832520e-01
1.067002490162849426e-01
4.257826209068298340e-01
-2.586701512336730957e-01
-7.132475376129150391e-01
-9.438254833221435547e-01
-7.924433350563049316e-01
5.428094044327735901e-02
6.897047907114028931e-02
-1.343838721513748169e-01
5.555829033255577087e-02
2.505459785461425781e-01
2.142691910266876221e-01
-5.887642502784729004e-02
-1.312383860349655151e-01
-5.778163671493530273e-01
-3.858250752091407776e-02
-1.305358409881591797e-01
-1.336813271045684814e-01
1.757305487990379333e-02
-2.898375093936920166e-01
-2.102585434913635254e-01
2.281124889850616455e-01
-3.869427368044853210e-02
2.598546743392944336e-01
-1.232070326805114746e-01
-6.160676479339599609e-02
-2.808002531528472900e-01
5.585313439369201660e-01
1.084246709942817688e-01
2.445478364825248718e-02
-4.184668064117431641e-01
-1.635659113526344299e-02
-3.805773556232452393e-01
-3.124306797981262207e-01
-2.424423769116401672e-02
-1.983472406864166260e-01
9.159556776285171509e-02
-5.557128041982650757e-02
2.753106355667114258e-01
2.301722168922424316e-01
-1.129882261157035828e-01
4.725550487637519836e-02
1.635423749685287476e-01
-8.332173526287078857e-02
-3.708161786198616028e-02
-3.527630269527435303e-01
3.517601191997528076e-01
2.625904418528079987e-02
-1.466783732175827026e-01
-8.950092643499374390e-02
8.305327594280242920e-02
-7.237537503242492676e-01
-4.864059388637542725e-01
-5.069553256034851074e-01
-3.498890101909637451e-01
-5.209049582481384277e-02
1.060615703463554382e-01
6.977147459983825684e-01
4.419730603694915771e-01
-2.131166160106658936e-01
-1.161816045641899109e-01
-2.825566232204437256e-01
-1.107209250330924988e-01
-5.024366974830627441e-01
-3.711888194084167480e-01
-2.324684858322143555e-01
1.865880191326141357e-02
4.749766290187835693e-01
-2.892786860466003418e-01
-3.481805324554443359e-01
-2.464075833559036255e-01
-4.360303878784179688e-01
1.107452902942895889e-02
-4.508796036243438721e-01
-2.995932996273040771e-01
-1.616074144840240479e-01
-2.781657278537750244e-01
-5.830161646008491516e-02
5.084592103958129883e-01
3.248718678951263428e-01
5.234201550483703613e-01
5.339423418045043945e-01
3.331107795238494873e-01
-1.993531584739685059e-01
-3.232348337769508362e-02
-3.104667365550994873e-01
-4.549351930618286133e-01
4.036684930324554443e-01
-8.324190229177474976e-02
1.127357333898544312e-01
2.966903150081634521e-01
8.966357260942459106e-02
2.654644660651683807e-02
3.722829744219779968e-02
9.842939674854278564e-02
4.663279652595520020e-02
1.554311960935592651e-01
-3.663454577326774597e-02
-1.606918871402740479e-02
4.171924293041229248e-01
-1.902041286230087280e-01
1.000739857554435730e-01
2.304915487766265869e-01
1.405181139707565308e-01
2.967541813850402832e-01
8.298940956592559814e-02
4.033331871032714844e-01
1.072750538587570190e-01
-5.355360507965087891e-01
-1.287315785884857178e-01
4.364698752760887146e-02
3.644591942429542542e-02
-1.493288725614547729e-01
5.670790746808052063e-02
-3.797576576471328735e-02
-2.702780663967132568e-01
-2.176512032747268677e-01
-7.750979065895080566e-02
-4.612101614475250244e-01
-3.666222989559173584e-01
1.349776089191436768e-01
-1.638268232345581055e-01
-2.814069986343383789e-01
1.265311241149902344e-01
2.970789186656475067e-02
3.371184766292572021e-01
4.990387260913848877e-01
2.810906469821929932e-01
-1.884796917438507080e-01
-2.427351921796798706e-01
2.852634154260158539e-02
2.658742070198059082e-01
-8.685041964054107666e-02
4.830932244658470154e-02
-1.390940994024276733e-01
-8.185278624296188354e-02
1.140929162502288818e-01
-1.614902168512344360e-02
-1.460023410618305206e-02
2.664170861244201660e-01
-9.570662863552570343e-03
-1.528575569391250610e-01
2.456920295953750610e-01
-2.928552627563476562e-01
1.607216522097587585e-02
-9.644652158021926880e-02
-2.387754023075103760e-01
-3.176464140415191650e-02
5.582972615957260132e-02
-6.998938322067260742e-02
-3.173325061798095703e-01
-1.020349338650703430e-01
3.582586348056793213e-01
-9.184806048870086670e-02
-3.476057350635528564e-01
2.358724027872085571e-01
2.439197152853012085e-01
3.177985250949859619e-01
5.397756770253181458e-02
6.828390061855316162e-02
6.472753286361694336e-01
-1.048131734132766724e-01
3.230197131633758545e-01
2.661296725273132324e-01
3.133651614189147949e-02
1.795891076326370239e-01
-4.501451253890991211e-01
-2.259699553251266479e-01
-5.213839933276176453e-02
-3.217553198337554932e-01
-1.758179515600204468e-01
5.582918524742126465e-01
3.748322725296020508e-01
2.770510315895080566e-01
3.353142142295837402e-01
3.308594524860382080e-01
3.492373526096343994e-01
-5.579481646418571472e-02
2.037310451269149780e-01
3.523668646812438965e-01
3.871322050690650940e-02
3.002988100051879883e-01
3.178358823060989380e-02
1.360154598951339722e-01
-8.574870228767395020e-02
3.841569423675537109e-01
6.728064417839050293e-01
5.592339038848876953e-01
2.472887188196182251e-01
8.520507216453552246e-01
-4.030151292681694031e-03
-1.680101454257965088e-01
2.046730965375900269e-01
4.141587316989898682e-01
5.670790746808052063e-02
4.877820611000061035e-01
3.470658361911773682e-01
1.374205350875854492e-01
1.604447960853576660e-01
3.516962528228759766e-01
2.873017787933349609e-01
4.144940376281738281e-01
9.668900817632675171e-02
3.790794610977172852e-01
5.918862223625183105e-01
-6.313958764076232910e-02
1.667357534170150757e-01
2.461550682783126831e-01
1.739208549261093140e-01
3.145253360271453857e-01
-2.945796847343444824e-01
-4.528860002756118774e-02
1.924264878034591675e-01
2.503862977027893066e-01
3.284803926944732666e-01
5.620600581169128418e-01
5.491961538791656494e-02
1.100053936243057251e-01
6.291902810335159302e-02
1.337162256240844727e-01
-2.197693847119808197e-02
2.207198143005371094e-01
1.761562228202819824e-01
-8.282676339149475098e-02
3.255903720855712891e-01
1.203359737992286682e-01
1.508965939283370972e-01
1.115062832832336426e-01
-2.195033729076385498e-01
-1.218923274427652359e-02
1.898558139801025391e-01
3.480877280235290527e-01
1.648516654968261719e-01
1.173341944813728333e-01
-3.552059829235076904e-01
4.572268575429916382e-02
-2.679893933236598969e-02
-4.564200937747955322e-01
-1.807517260313034058e-01
-4.168381690979003906e-01
-3.907323181629180908e-01
-1.999598890542984009e-01
-1.875216811895370483e-01
6.266355514526367188e-02
-1.183690652251243591e-01
6.751749664545059204e-02
7.066296786069869995e-02
-4.312243461608886719e-01
-1.731195449829101562e-01
-5.105264857411384583e-02
8.541637659072875977e-02
6.470358371734619141e-01
2.874614298343658447e-01
-1.832051947712898254e-02
-2.735512852668762207e-01
2.736820280551910400e-01
3.328074216842651367e-01
-3.858304619789123535e-01
-1.064417958259582520e-01
1.307623535394668579e-01
2.787115871906280518e-01
-2.816305458545684814e-01
-9.906509518623352051e-02
5.356348752975463867e-01
3.248080015182495117e-01
6.461896300315856934e-01
3.975212275981903076e-01
2.617920935153961182e-02
2.158658802509307861e-01
2.675826549530029297e-01
3.130882978439331055e-01
5.228613615036010742e-01
3.545064330101013184e-01
4.657637178897857666e-01
1.596304923295974731e-01
5.413723737001419067e-02
-5.045283436775207520e-01
-2.810822427272796631e-02
-3.609061539173126221e-01
-2.006464749574661255e-01
-5.418216064572334290e-02
-1.000231057405471802e-01
-3.119037449359893799e-01
1.592792123556137085e-01
9.285695105791091919e-02
-1.848018914461135864e-02
1.091910824179649353e-01
-2.997848987579345703e-01
-1.844825409352779388e-02
1.156950276345014572e-02
-1.603725366294384003e-02
8.438757061958312988e-01
3.336856067180633545e-01
1.616902202367782593e-01
1.875725537538528442e-01
2.702545374631881714e-02
9.608226269483566284e-02
-7.164993882179260254e-02
-5.087276697158813477e-01
-3.134365677833557129e-01
-3.726258575916290283e-01
-8.397638052701950073e-02
2.777589857578277588e-02
-1.492650061845779419e-01
5.166778806596994400e-03
3.317270800471305847e-02
-4.187168553471565247e-02
-3.772722184658050537e-01
1.113625764846801758e-01
-2.994016706943511963e-01
-3.978002443909645081e-02
-2.346559464931488037e-01
1.226511746644973755e-01
-3.982250578701496124e-03
2.625530958175659180e-01
5.866650342941284180e-01
4.304024577140808105e-02
5.009761452674865723e-02
-1.004063114523887634e-01
9.482087939977645874e-02
6.379720568656921387e-02
-1.837375313043594360e-01
2.017990499734878540e-01
1.725956052541732788e-01
3.581309020519256592e-01
-9.941636770963668823e-02
3.255744278430938721e-01
2.706323266029357910e-01
1.640533208847045898e-01
-1.447623521089553833e-01
-7.466768473386764526e-02
6.943351775407791138e-02
-2.315104752779006958e-01
1.815530359745025635e-01
-1.602023392915725708e-01
-5.895626172423362732e-02
7.728923112154006958e-02
3.979896754026412964e-02
-8.550920337438583374e-02
3.380605280399322510e-01
3.495886325836181641e-01
-9.888945519924163818e-02
1.229385733604431152e-01
6.809016466140747070e-01
5.049464702606201172e-01
4.048660099506378174e-01
2.541545033454895020e-01
1.265949904918670654e-01
2.782964408397674561e-01
6.295521259307861328e-01
4.552255868911743164e-01
3.626814782619476318e-01
-1.836097985506057739e-01
1.723241657018661499e-01
2.470492273569107056e-01
-1.824601739645004272e-01
-4.279351532459259033e-01
1.695938259363174438e-01
-3.127020895481109619e-01
-1.419521719217300415e-01
1.236411184072494507e-01
-4.610984027385711670e-01
-2.527464330196380615e-01
-3.463922441005706787e-01
-3.128457963466644287e-01
-2.678670585155487061e-01
-3.195624426007270813e-02
-1.753868460655212402e-01
1.860397309064865112e-01
3.432232514023780823e-02
1.196014955639839172e-01
-2.016683518886566162e-01
-2.581911385059356689e-01
-6.703551113605499268e-02
-5.471120476722717285e-01
-5.399908423423767090e-01
-3.185300230979919434e-01
3.226045668125152588e-01
3.322485685348510742e-01
1.097978204488754272e-01
-2.776707410812377930e-01
-4.207660257816314697e-01
-1.613679081201553345e-01
3.031409382820129395e-01
-5.295165181159973145e-01
-4.487879276275634766e-01
7.612364739179611206e-02
7.061506807804107666e-02
-5.830161646008491516e-02
1.240722239017486572e-01
-1.594199538230895996e-01
-4.821268022060394287e-01
-1.841207295656204224e-01
-3.560043275356292725e-01
-2.880013287067413330e-01
-2.846642434597015381e-01
-8.245410397648811340e-03
-2.099391967058181763e-01
3.119281306862831116e-02
-4.610291123390197754e-02
-4.125111401081085205e-01
-7.115496695041656494e-02
-2.480202466249465942e-01
-1.135949641466140747e-01
3.096394538879394531e-01
-3.084229826927185059e-01
2.359362691640853882e-01
8.643826097249984741e-02
-8.341754227876663208e-02
1.155353523790836334e-02
-4.832764267921447754e-01
-2.543750703334808350e-01
-2.764253318309783936e-01
-2.849516570568084717e-01
-3.882893621921539307e-01
-5.872527956962585449e-01
-3.103070557117462158e-01
-2.448747605085372925e-01
-9.231109917163848877e-02
-2.062668204307556152e-01
3.995863720774650574e-02
-4.560368955135345459e-01
-1.386310607194900513e-01
-5.323107242584228516e-01
-3.567111445590853691e-03
-1.498398184776306152e-01
-3.964165151119232178e-01
-2.066765353083610535e-02
-3.399895131587982178e-01
6.188118085265159607e-02
7.205209136009216309e-02
-2.359971702098846436e-01
-2.444596290588378906e-01
2.942793071269989014e-01
-4.279032349586486816e-01
-4.797317683696746826e-01
1.854329854249954224e-01
-1.927588284015655518e-01
-6.241203546524047852e-01
-5.620730519294738770e-01
-2.785808444023132324e-01
-3.871716856956481934e-01
-2.179226428270339966e-01
2.561343908309936523e-01
6.734451055526733398e-01
2.865194082260131836e-01
-2.718214504420757294e-02
-2.757547199726104736e-01
-1.816778033971786499e-01
-8.627561479806900024e-02
-1.284441798925399780e-01
-1.311531290411949158e-02
-2.808960676193237305e-01
-1.447304189205169678e-01
1.103406995534896851e-01
-3.761864602565765381e-01
-1.588770747184753418e-01
-3.431509733200073242e-01
-2.458487451076507568e-01
-4.246300160884857178e-01
-4.098766148090362549e-01
-3.025152385234832764e-01
-2.492337226867675781e-01
1.760498806834220886e-02
3.101823329925537109e-01
2.530367970466613770e-01
-1.129083856940269470e-01
3.854502737522125244e-01
-1.992254108190536499e-01
2.011178992688655853e-02
1.907339990139007568e-01
-1.014920622110366821e-01
-2.931267023086547852e-01
-1.166446432471275330e-01
4.160268604755401611e-01
3.201456665992736816e-01
5.338146090507507324e-01
-2.675103954970836639e-02
1.823354065418243408e-01
-3.169013857841491699e-01
-2.336979359388351440e-01
-3.790764808654785156e-01
4.110771119594573975e-01
3.996129035949707031e-01
-4.574739038944244385e-01
-4.763627350330352783e-01
-2.981243431568145752e-01
-4.234963655471801758e-01
7.123778015375137329e-02
-2.389829754829406738e-01
-3.201107382774353027e-01
-6.557028889656066895e-01
-2.921367585659027100e-01
-4.615081474184989929e-02
-1.512608677148818970e-01
-4.247842729091644287e-02
-2.605702280998229980e-01
-8.328980207443237305e-02
-5.467713251709938049e-02
-2.855264544486999512e-01
-1.982674002647399902e-01
1.802916377782821655e-01
5.442463979125022888e-02
3.336431086063385010e-02
-2.175873368978500366e-01
-2.191042006015777588e-01
5.997738242149353027e-01
5.097525119781494141e-01
4.265170991420745850e-01
2.908623814582824707e-01
-1.110083311796188354e-01
6.795763969421386719e-01
5.099175870418548584e-02
4.602605476975440979e-02
3.221469372510910034e-02
-1.129083856940269470e-01
-1.236541047692298889e-01
1.969770491123199463e-01
2.361118942499160767e-01
-8.501423150300979614e-02
-2.113762199878692627e-01
-3.476217091083526611e-01
-3.743289038538932800e-02
6.504262238740921021e-02
-6.234124302864074707e-02
-9.251866489648818970e-02
-1.718741357326507568e-01
-1.482271701097488403e-01
2.758854329586029053e-01
-1.827261969447135925e-02
-1.176824867725372314e-01
3.070208728313446045e-01
1.760498806834220886e-02
2.654750347137451172e-01
6.234527826309204102e-01
4.116359651088714600e-01
2.394968867301940918e-01
2.577470541000366211e-01
1.096541211009025574e-01
3.960736468434333801e-02
9.595452994108200073e-02
7.653878629207611084e-02
-8.338560909032821655e-02
6.081139668822288513e-02
1.693862527608871460e-01
-2.992303343489766121e-03
2.817932069301605225e-01
-6.377284415066242218e-03
6.798797249794006348e-01
1.079137325286865234e-01
9.755121916532516479e-02
-9.197579324245452881e-02
1.417954713106155396e-01
3.901658952236175537e-02
4.473273828625679016e-02
-9.491369873285293579e-02
-6.095212325453758240e-02
-8.862274885177612305e-02
-1.983737386763095856e-02
7.269076257944107056e-02
2.252863496541976929e-01
-4.410704970359802246e-02
-5.999410897493362427e-02
3.611061722040176392e-02
-1.773507744073867798e-01
1.964022368192672729e-01
1.239604577422142029e-01
4.393544793128967285e-01
4.776750206947326660e-01
4.387637078762054443e-01
6.540293693542480469e-01
4.708252251148223877e-01
-1.644974201917648315e-01
-6.191013380885124207e-02
2.049125880002975464e-01
-5.697371363639831543e-01
-3.932550847530364990e-01
-5.496348142623901367e-01
-9.874948859214782715e-01
-1.302324682474136353e-01
-1.562211476266384125e-02
2.947583198547363281e-01
-4.305323585867881775e-02
-1.030248850584030151e-01
-6.083131432533264160e-01
-5.070511102676391602e-01
-7.320725321769714355e-01
-1.124107599258422852e+00
-4.859269261360168457e-01
-1.126901865005493164e+00
-2.063626199960708618e-01
-4.250451624393463135e-01
-4.247258305549621582e-01
-1.040946617722511292e-01
-1.111839637160301208e-01
5.021842122077941895e-01
5.325532555580139160e-01
6.407927870750427246e-01
1.321354955434799194e-01
2.529090642929077148e-01
-5.662243962287902832e-01
-4.305377602577209473e-01
-4.171255826950073242e-01
-6.116182804107666016e-01
-3.615448176860809326e-01
1.220923289656639099e-01
2.164726257324218750e-01
2.015755176544189453e-01
1.286866515874862671e-01
1.417156308889389038e-01
-1.828753203153610229e-01
5.547845736145973206e-02
-1.943874508142471313e-01
2.235778868198394775e-01
2.119699567556381226e-01
4.188210666179656982e-01
1.146038547158241272e-01
4.269482195377349854e-01
2.455802708864212036e-01
-3.848670423030853271e-02
-2.403082251548767090e-01
-4.796359539031982422e-01
-2.148889452219009399e-01
2.335093021392822266e-01
1.631432026624679565e-01
2.870197780430316925e-02
6.278117299079895020e-01
7.634718716144561768e-02
-3.566056489944458008e-02
1.266588568687438965e-01
5.897520482540130615e-02
7.658774256706237793e-01
3.453414142131805420e-01
3.927151858806610107e-01
-4.463395848870277405e-02
-1.898368895053863525e-01
-6.333118677139282227e-02
-4.652860108762979507e-03
-7.711754441261291504e-01
-2.503354251384735107e-01
-1.055636182427406311e-01
-1.858451664447784424e-01
-2.370136231184005737e-02
-5.041611194610595703e-01
-6.062055230140686035e-01
3.208482265472412109e-01
-4.367488920688629150e-01
-5.382823348045349121e-01
-7.187880873680114746e-01
-6.390494108200073242e-01
-4.273603558540344238e-01
-4.804981648921966553e-01
8.464996516704559326e-02
-6.395389884710311890e-02
2.292461395263671875e-01
2.598865926265716553e-01
4.074526429176330566e-01
4.202580749988555908e-01
2.867748737335205078e-01
1.760284900665283203e-01
-1.118226423859596252e-01
5.357944965362548828e-01
3.025076724588871002e-02
2.862798869609832764e-01
3.458321094512939453e-03
-1.071283742785453796e-01
5.453107953071594238e-01
-4.399528354406356812e-02
6.699058413505554199e-02
2.437919825315475464e-01
2.583058774471282959e-01
-9.812304377555847168e-02
7.768840342760086060e-02
5.625230669975280762e-01
1.153542995452880859e-01
3.841729164123535156e-01
-5.119635164737701416e-02
-1.936529725790023804e-01
-1.902306266129016876e-02
3.049132525920867920e-01
1.465111318975687027e-02
-5.813026218675076962e-04
7.765647023916244507e-02
-4.477224312722682953e-03
-5.033627748489379883e-01
1.178930401802062988e-01
2.400876581668853760e-01
-2.967298030853271484e-02
-3.270668908953666687e-02
-6.031344458460807800e-02
-7.299115508794784546e-02
-3.241982758045196533e-01
5.101037621498107910e-01
9.699237346649169922e-02
1.645537093281745911e-02
7.797580957412719727e-02
3.605259358882904053e-01
3.584821820259094238e-01
3.717985749244689941e-01
2.391615808010101318e-01
5.102155804634094238e-01
-1.421437710523605347e-01
-1.194388493895530701e-01
4.648536145687103271e-01
1.677416712045669556e-01
-1.938445717096328735e-01
9.153170138597488403e-02
1.140609830617904663e-01
9.833359718322753906e-02
1.370532959699630737e-01
-7.128269970417022705e-02
7.434077560901641846e-03
1.405660212039947510e-01
2.795153483748435974e-02
2.612278163433074951e-01
1.801798790693283081e-01
1.941668689250946045e-01
9.421413391828536987e-02
-1.368427723646163940e-01
-2.970864772796630859e-01
-3.128937184810638428e-01
-4.835424572229385376e-02
4.065062850713729858e-03
-5.386282131075859070e-02
3.052325844764709473e-01
-1.549811512231826782e-01
4.128930624574422836e-03
-5.046187341213226318e-02
-1.873565837740898132e-02
-1.399882435798645020e-01
-1.336174607276916504e-01
-7.552989572286605835e-02
3.498760163784027100e-01
3.206246793270111084e-01
2.823999226093292236e-01
5.779311656951904297e-01
2.287351936101913452e-01
5.295568704605102539e-02
1.561018079519271851e-01
5.734923481941223145e-01
-1.255647186189889908e-02
2.745122909545898438e-01
5.666744709014892578e-01
1.567564457654953003e-01
-1.243247166275978088e-01
-8.859081566333770752e-02
-1.525222510099411011e-01
-4.429323598742485046e-03
3.363361060619354248e-01
2.578428387641906738e-01
4.903367757797241211e-01
2.957163155078887939e-01
-1.482271701097488403e-01
-7.088352739810943604e-02
3.794946074485778809e-01
-1.894856095314025879e-01
4.925136640667915344e-02
3.403757214546203613e-01
1.711745560169219971e-01
1.253016740083694458e-01
-1.610112190246582031e-02
8.216455578804016113e-03
-2.090769857168197632e-01
-2.104022353887557983e-01
-2.305045574903488159e-01
-1.476204246282577515e-01
-1.788995563983917236e-01
-2.204773575067520142e-01
-5.469309911131858826e-02
-3.049741387367248535e-01
-2.580634057521820068e-01
3.682912513613700867e-02
-1.046375408768653870e-01
-1.987304389476776123e-01
-2.714436650276184082e-01
-2.739344835281372070e-01
-6.189311146736145020e-01
-5.019576549530029297e-01
-7.202570438385009766e-01
-6.871895790100097656e-01
-3.305051922798156738e-01
-2.160066217184066772e-01
4.591970704495906830e-03
-4.619871452450752258e-02
2.509770691394805908e-01
4.639115631580352783e-01
3.014803826808929443e-01
4.746307805180549622e-02
-2.963360249996185303e-01
1.135340780019760132e-01
-1.948983818292617798e-01
-1.702774465084075928e-01
4.540334641933441162e-02
-3.832703456282615662e-02
-2.456731051206588745e-01
-5.589061602950096130e-02
1.994519084692001343e-01
-1.794786425307393074e-03
-2.593131037428975105e-03
-2.271036058664321899e-01
-1.408664286136627197e-01
-7.240731120109558105e-01
-5.835325121879577637e-01
-3.851598501205444336e-01
-2.169806063175201416e-01
-7.523823976516723633e-01
-1.231112331151962280e-01
-3.616246581077575684e-01
-6.814574599266052246e-01
-5.536744594573974609e-01
-8.071169257164001465e-01
-7.860565781593322754e-01
-6.469849348068237305e-01
-9.203381538391113281e-01
-6.468891501426696777e-01
-7.436645030975341797e-01
-4.351043105125427246e-01
-3.333472907543182373e-01
-2.413141429424285889e-01
-4.963692724704742432e-01
-5.230020284652709961e-01
3.855355083942413330e-02
-1.046215742826461792e-01
-3.735359609127044678e-01
-1.664294153451919556e-01
-5.451481342315673828e-01
-5.776247978210449219e-01
-3.789966404438018799e-01
-6.074668765068054199e-01
-5.777685046195983887e-01
-4.602361917495727539e-01
-8.798620700836181641e-01
-8.438727259635925293e-01
-6.374207735061645508e-01
-4.302344024181365967e-01
-6.572356820106506348e-01
-6.635106801986694336e-01
-6.215656399726867676e-01
-8.995811939239501953e-01
-6.367980837821960449e-01
-5.665757060050964355e-01
-9.757113456726074219e-01
-4.188978970050811768e-01
-9.813157320022583008e-01
-7.929064035415649414e-01
-4.404691755771636963e-01
-9.142388105392456055e-01
-2.212118208408355713e-01
-8.225409388542175293e-01
5.736254900693893433e-02
-3.482443988323211670e-01
-9.721293300390243530e-02
-7.334242761135101318e-02
-7.029649019241333008e-01
-5.349452495574951172e-01
-3.188174366950988770e-01
-3.996897339820861816e-01
-3.525235354900360107e-01
-3.534176647663116455e-01
-7.736608386039733887e-02
-5.614662766456604004e-01
-8.511855602264404297e-01
-6.146041154861450195e-01
-5.921387076377868652e-01
-5.335721373558044434e-01
-3.444123566150665283e-01
-2.765690386295318604e-01
-1.137386709451675415e-01
-3.892473876476287842e-01
7.462275773286819458e-02
1.425299495458602905e-01
-2.754034399986267090e-01
5.680370703339576721e-02
-7.723835110664367676e-02
-1.814223378896713257e-01
-2.195193320512771606e-01
-4.486921131610870361e-01
-4.577134251594543457e-01
-2.300255447626113892e-01
-6.654053181409835815e-02
-1.730397194623947144e-01
-2.847760021686553955e-01
-3.976405784487724304e-02
-3.049900829792022705e-01
-4.867731630802154541e-01
-7.056313753128051758e-01
-1.992094516754150391e-01
4.653166532516479492e-01
-8.105444163084030151e-02
-5.522055029869079590e-01
-3.102911114692687988e-01
-2.488185912370681763e-01
1.597422510385513306e-01
4.069736301898956299e-01
2.639581859111785889e-01
-1.618149876594543457e-01
-4.814561903476715088e-01
1.303845643997192383e-02
-4.304898679256439209e-01
1.865666359663009644e-01
2.872538864612579346e-01
-2.429427653551101685e-01
-2.485097944736480713e-02
-2.670048475265502930e-01
1.385382264852523804e-01
7.364878058433532715e-02
3.232592046260833740e-01
5.352675914764404297e-01
6.564084291458129883e-01
7.421825528144836426e-01
1.006328240036964417e-01
6.724391579627990723e-01
3.412219583988189697e-01
1.249025017023086548e-01
4.815709590911865234e-01
4.002196490764617920e-01
3.343402445316314697e-01
8.219531774520874023e-01
5.951115489006042480e-01
9.699981808662414551e-01
1.095034956932067871e+00
1.393844634294509888e-01
1.103529334068298340e+00
5.028069019317626953e-01
-5.512420460581779480e-02
6.207278370857238770e-02
2.506258189678192139e-01
3.466347455978393555e-01
6.245065927505493164e-01
3.017039000988006592e-01
1.530042290687561035e-01
-1.357835251837968826e-02
1.873490065336227417e-01
-1.126529201865196228e-01
-2.868197858333587646e-01
6.740572303533554077e-02
-9.570662863552570343e-03
-1.288114190101623535e-01
1.755973845720291138e-01
6.815616786479949951e-02
-7.291132211685180664e-02
6.783682852983474731e-02
-3.879540562629699707e-01
-2.542578615248203278e-02
-4.945011436939239502e-01
-2.078794687986373901e-01
5.659613758325576782e-02
-1.775104403495788574e-01
-8.421046659350395203e-03
3.028270043432712555e-02
3.659866154193878174e-01
3.139345347881317139e-01
2.448298186063766479e-01
2.690675854682922363e-01
5.094650983810424805e-01
-4.180781915783882141e-02
2.344034463167190552e-01
7.313784211874008179e-02
-1.502549648284912109e-01
2.521905601024627686e-01
-2.417612224817276001e-01
-6.111178919672966003e-02
-1.739977300167083740e-01
2.704726755619049072e-01
-8.219182491302490234e-01
