-5.995755767822265625e+01
-3.153211212158203125e+01
-1.214466476440429688e+01
-1.514466166496276855e+00
2.495171785354614258e+00
3.719241619110107422e+00
3.561328887939453125e+00
3.465000629425048828e+00
3.061740875244140625e+00
2.041392564773559570e+00
1.038256645202636719e+00
-2.000237554311752319e-01
-8.820495605468750000e-01
-3.455140590667724609e-01
2.234501540660858154e-01
4.165058732032775879e-01
1.952206939458847046e-01
3.040670156478881836e-01
3.134236037731170654e-01
2.840605080127716064e-01
2.565495371818542480e-01
3.053124248981475830e-01
3.873503208160400391e-01
4.551457464694976807e-01
4.826087951660156250e-01
4.682066738605499268e-01
4.292474389076232910e-01
4.084745049476623535e-01
7.312187552452087402e-02
-1.153822064399719238e+00
-1.177692532539367676e+00
-1.014558792114257812e+00
-1.425429433584213257e-01
6.541091799736022949e-01
3.010332882404327393e-01
3.557997345924377441e-01
5.481209754943847656e-01
4.795431494712829590e-01
3.502751886844635010e-01
2.349782437086105347e-01
1.696097999811172485e-01
1.694181859493255615e-01
1.584170013666152954e-01
-3.729132413864135742e-01
-1.310308128595352173e-01
-5.740801095962524414e-01
-2.811195850372314453e-01
-2.732958197593688965e-01
-3.356624841690063477e-01
-8.169311285018920898e-02
2.669759094715118408e-01
2.840125858783721924e-01
1.824950724840164185e-01
2.331420630216598511e-01
2.580184638500213623e-01
2.461071759462356567e-01
-7.166590541601181030e-02
-2.420965284109115601e-01
-4.028671383857727051e-01
-5.286703109741210938e-01
-6.025650501251220703e-01
-6.378199458122253418e-01
-6.264994144439697266e-01
-5.696094036102294922e-01
2.523023188114166260e-01
8.227993845939636230e-01
6.529595851898193359e-01
4.416334908455610275e-03
1.109314709901809692e-01
2.661296725273132324e-01
9.129165410995483398e-01
1.041481971740722656e+00
1.408017992973327637e+00
1.208367943763732910e+00
-5.654260516166687012e-01
-1.182370781898498535e+00
-2.744134962558746338e-01
7.244912385940551758e-01
1.201278567314147949e+00
1.379213690757751465e+00
1.405942201614379883e+00
1.537796854972839355e+00
1.111736297607421875e+00
3.709682822227478027e-01
3.422652184963226318e-02
-1.238137781620025635e-01
5.835195779800415039e-01
9.797379970550537109e-01
-1.033761575818061829e-01
-1.211382627487182617e+00
-1.028849124908447266e+00
3.528139293193817139e-01
5.198712460696697235e-03
-7.179737687110900879e-01
9.090898931026458740e-02
-3.386962115764617920e-01
6.235325932502746582e-01
-2.371467798948287964e-01
1.537865996360778809e-01
-7.341482043266296387e-01
-1.576545476913452148e+00
-1.596679687500000000e+00
-1.037215828895568848e+00
-9.060956835746765137e-01
-5.328216552734375000e-01
-3.463603258132934570e-01
-2.318138480186462402e-01
3.154408559203147888e-02
3.131681382656097412e-01
2.150675356388092041e-01
2.121934890747070312e-01
-4.153637960553169250e-02
-1.421118378639221191e-01
2.043697237968444824e-01
1.832295507192611694e-01
1.610355675220489502e-01
2.710474729537963867e-01
5.381576418876647949e-01
8.278768658638000488e-01
7.462700605392456055e-01
4.804852008819580078e-01
4.524154067039489746e-01
2.845714390277862549e-01
2.024536877870559692e-01
1.882431507110595703e-01
3.564543724060058594e-01
3.265803158283233643e-01
1.456434875726699829e-01
1.028841584920883179e-01
1.696257591247558594e-01
3.021190464496612549e-01
2.502266466617584229e-01
8.451849818229675293e-01
9.352382421493530273e-01
4.897779226303100586e-01
6.045000553131103516e-01
4.094006121158599854e-01
5.180553197860717773e-01
4.657477736473083496e-01
2.936406433582305908e-01
1.726754307746887207e-01
-3.334536403417587280e-02
-5.446531772613525391e-01
-3.005991876125335693e-01
-1.648167669773101807e-01
-1.784205585718154907e-01
-1.986389048397541046e-03
1.771621406078338623e-01
7.963636517524719238e-02
1.654105037450790405e-01
7.494209706783294678e-02
-6.122355908155441284e-02
-7.575342804193496704e-02
-3.288286626338958740e-01
-1.475990284234285355e-02
4.161545932292938232e-01
4.141427576541900635e-01
2.496198862791061401e-01
-9.144888818264007568e-02
-1.257297992706298828e-01
-1.227120608091354370e-01
-1.865636706352233887e-01
-7.169783860445022583e-02
-7.249618321657180786e-02
-1.667051226831972599e-03
2.032200992107391357e-01
-1.639226227998733521e-01
1.417210604995489120e-02
7.621944695711135864e-02
4.991504848003387451e-01
6.670902967453002930e-01
6.342942714691162109e-01
6.501014828681945801e-01
3.075158596038818359e-01
3.032048046588897705e-01
2.792544662952423096e-01
3.389706313610076904e-01
3.151959478855133057e-01
1.868061423301696777e-01
3.747205138206481934e-01
3.540753126144409180e-01
3.968027234077453613e-01
4.533255100250244141e-01
5.552581548690795898e-01
7.415918111801147461e-01
9.216185212135314941e-01
8.796415328979492188e-01
6.218081712722778320e-01
3.491415381431579590e-01
2.674389481544494629e-01
2.919960319995880127e-01
3.336057662963867188e-01
5.699636936187744141e-01
4.027903079986572266e-01
4.926200509071350098e-01
4.505472779273986816e-01
4.433621764183044434e-01
4.456135034561157227e-01
3.644218742847442627e-01
4.541558027267456055e-01
4.909115731716156006e-01
5.119559168815612793e-01
2.418599873781204224e-01
-1.217221170663833618e-01
1.233217790722846985e-01
2.477357983589172363e-01
3.823686540126800537e-01
1.803235858678817749e-01
1.226192414760589600e-01
3.672639727592468262e-01
5.744503736495971680e-01
4.844130575656890869e-01
3.109008371829986572e-01
5.287850499153137207e-01
1.889297366142272949e-01
9.264937788248062134e-02
-3.296748995780944824e-01
-6.836768984794616699e-01
-8.389868140220642090e-01
-3.720350861549377441e-01
-2.340332418680191040e-01
-1.492809802293777466e-01
-4.685389697551727295e-01
-3.398458063602447510e-01
-2.092047184705734253e-01
-6.898880004882812500e-01
-9.713044762611389160e-01
-8.181819915771484375e-01
-1.685210764408111572e-01
1.831656843423843384e-01
3.922362029552459717e-01
4.982563555240631104e-01
1.836606562137603760e-01
-2.761379182338714600e-01
-2.283649891614913940e-01
6.504262238740921021e-02
2.898405194282531738e-01
5.784580707550048828e-01
6.584841012954711914e-01
6.033185124397277832e-01
6.042126417160034180e-01
5.277472138404846191e-01
3.596637248992919922e-01
2.378682643175125122e-01
7.107810676097869873e-02
1.346582621335983276e-01
2.451865188777446747e-02
2.819103747606277466e-02
1.428971886634826660e-01
2.107245475053787231e-01
1.008563637733459473e-01
1.484271511435508728e-02
-1.479557305574417114e-01
-1.015239953994750977e-01
-1.356612145900726318e-01
-1.192632094025611877e-01
1.507528871297836304e-01
4.125195369124412537e-02
7.621944695711135864e-02
-3.621940687298774719e-02
2.957003712654113770e-01
3.458683192729949951e-01
1.720846593379974365e-01
7.095037400722503662e-02
1.252378076314926147e-01
1.173501610755920410e-01
3.333183526992797852e-01
3.202574253082275391e-01
3.099587857723236084e-01
1.933685243129730225e-01
1.087280437350273132e-01
-6.073913536965847015e-03
7.495806366205215454e-02
2.801166772842407227e-01
3.148286938667297363e-01
1.895843744277954102e-01
2.443188875913619995e-01
1.064926758408546448e-01
-2.922590635716915131e-02
8.392090909183025360e-03
1.810420900583267212e-01
1.137256771326065063e-01
2.902237176895141602e-01
3.562148809432983398e-01
1.777369379997253418e-01
1.542975455522537231e-01
5.514899492263793945e-01
7.783156633377075195e-01
8.008928298950195312e-01
7.341831326484680176e-01
6.159642934799194336e-01
3.438565135002136230e-01
9.831763058900833130e-02
-1.639226227998733521e-01
-2.498244941234588623e-01
-8.396041393280029297e-02
3.076116740703582764e-01
4.023272693157196045e-01
2.466500550508499146e-01
2.008250653743743896e-01
4.013852179050445557e-01
3.100546002388000488e-01
5.927857756614685059e-02
7.942879199981689453e-02
2.026452869176864624e-01
2.542662620544433594e-01
3.939979523420333862e-02
-4.535247012972831726e-02
2.630001604557037354e-01
5.241546630859375000e-01
5.002043247222900391e-01
3.737784624099731445e-01
2.325991839170455933e-01
3.755028843879699707e-01
4.271717369556427002e-01
5.066549181938171387e-01
4.606862664222717285e-01
3.835501968860626221e-01
2.506896853446960449e-01
1.403424739837646484e-01
-1.766642034053802490e-01
-4.024040997028350830e-01
-2.700704932212829590e-01
-1.268474906682968140e-01
-8.356124162673950195e-02
1.808664500713348389e-01
-1.683559827506542206e-02
-2.614164650440216064e-01
-1.761851906776428223e-01
-9.903316199779510498e-02
-1.377369165420532227e-01
3.039073348045349121e-01
3.687967956066131592e-01
3.101184666156768799e-01
5.632735490798950195e-01
4.541877210140228271e-01
2.739853858947753906e-01
2.660019397735595703e-01
2.932414710521697998e-01
-1.631881445646286011e-01
-2.593407630920410156e-01
-3.070498108863830566e-01
2.029646337032318115e-01
4.181079566478729248e-02
1.238327249884605408e-01
-9.633475542068481445e-02
-2.598038017749786377e-01
-3.848724663257598877e-01
-3.240545690059661865e-01
-4.145868420600891113e-01
-3.240705430507659912e-01
-2.658552527427673340e-01
-1.889267712831497192e-01
2.739269286394119263e-02
-1.445547789335250854e-01
1.429610550403594971e-01
-8.182085305452346802e-02
7.918929308652877808e-02
1.558623015880584717e-01
2.231522090733051300e-02
-1.256339997053146362e-01
-2.936695814132690430e-01
-4.290528595447540283e-01
-2.355979979038238525e-01
-7.620050758123397827e-02
3.737200051546096802e-02
1.219221111387014389e-02
-1.090603694319725037e-01
-2.682183384895324707e-01
2.377405166625976562e-01
3.513663634657859802e-02
2.285755276679992676e-01
5.880860686302185059e-01
4.852912425994873047e-01
2.584390342235565186e-02
-3.249646723270416260e-01
-5.741120576858520508e-01
-5.844267010688781738e-01
-3.397021293640136719e-01
-1.282206326723098755e-01
5.259748697280883789e-01
6.391482353210449219e-01
2.941356003284454346e-01
5.463486313819885254e-01
1.920592486858367920e-01
4.068618714809417725e-01
5.250647664070129395e-01
3.085217773914337158e-01
2.369102388620376587e-01
2.129439413547515869e-01
2.132153809070587158e-01
9.175523370504379272e-02
-9.172032028436660767e-02
8.686936646699905396e-02
3.352663218975067139e-01
7.817283272743225098e-03
2.788872122764587402e-01
3.025980591773986816e-01
3.606057763099670410e-01
5.611499547958374023e-01
3.864242434501647949e-01
3.054561316967010498e-01
3.121781945228576660e-01
4.121948182582855225e-01
-1.997044235467910767e-01
-3.378020524978637695e-01
-2.461840510368347168e-01
-9.235899895429611206e-02
3.124071285128593445e-02
3.267399966716766357e-01
8.523062467575073242e-01
5.052498579025268555e-01
6.870808005332946777e-01
5.347566604614257812e-01
2.468416541814804077e-01
-3.424484133720397949e-01
-1.804323792457580566e-01
8.397936075925827026e-02
3.416265547275543213e-02
-8.552516996860504150e-02
-5.855708941817283630e-02
-3.755477964878082275e-01
-3.727376163005828857e-01
-2.010296732187271118e-01
-7.792492955923080444e-02
2.611479759216308594e-01
5.133610367774963379e-01
8.281962275505065918e-01
3.816501498222351074e-01
9.272921830415725708e-02
1.045181974768638611e-02
-1.562585085630416870e-01
9.662513434886932373e-02
1.563412994146347046e-01
-1.083204708993434906e-02
1.927298605442047119e-01
3.433296084403991699e-01
5.118281841278076172e-01
4.900014698505401611e-01
4.491421878337860107e-01
2.845075726509094238e-01
2.430734634399414062e-01
2.450214326381683350e-01
5.715284347534179688e-01
7.521938085556030273e-01
8.197177648544311523e-01
5.054095387458801270e-01
4.924443960189819336e-01
3.287837505340576172e-01
4.151646494865417480e-01
4.857542812824249268e-01
8.077585697174072266e-01
5.191091299057006836e-01
6.420542001724243164e-01
6.399784684181213379e-01
4.637678563594818115e-01
5.350440740585327148e-01
5.457099676132202148e-01
2.131355404853820801e-01
2.348026186227798462e-01
2.625371217727661133e-01
4.785212874412536621e-01
4.318660199642181396e-01
3.852267265319824219e-01
4.699310958385467529e-01
4.541238546371459961e-01
6.577975153923034668e-01
5.785059332847595215e-01
3.732036650180816650e-01
4.365602731704711914e-01
3.042640164494514465e-02
7.775226980447769165e-02
-2.842756174504756927e-02
1.283353865146636963e-01
3.866477906703948975e-01
2.699297964572906494e-01
3.044502139091491699e-01
3.580351173877716064e-01
1.010639369487762451e-01
-1.302963346242904663e-01
-1.259533464908599854e-01
-6.179836764931678772e-02
1.396399438381195068e-01
1.305388212203979492e-01
1.472242176532745361e-01
2.649854682385921478e-02
7.676232606172561646e-02
-1.041690818965435028e-02
1.866783946752548218e-01
2.988458275794982910e-01
1.425618827342987061e-01
-5.373508855700492859e-02
-1.188959702849388123e-01
1.249504014849662781e-01
-4.221753682941198349e-03
-1.531130373477935791e-01
-3.130160272121429443e-02
-1.114075034856796265e-01
1.714779138565063477e-01
3.939606249332427979e-01
3.309871852397918701e-01
1.000878095626831055e+00
7.002854347229003906e-01
4.864408671855926514e-01
2.280965149402618408e-01
1.386819183826446533e-01
2.363673746585845947e-01
2.826074957847595215e-01
2.147641628980636597e-01
8.955180644989013672e-02
8.514494448900222778e-02
1.676139384508132935e-01
3.080587387084960938e-01
3.694993257522583008e-01
1.600136905908584595e-01
2.580344378948211670e-01
2.833739221096038818e-01
1.521899104118347168e-01
2.268191725015640259e-01
4.289919734001159668e-01
3.766045868396759033e-01
4.490942955017089844e-01
4.377098977565765381e-01
1.371970027685165405e-01
-5.799824744462966919e-02
1.066204085946083069e-01
2.818889915943145752e-01
1.999149620532989502e-01
1.330296397209167480e-01
2.196180969476699829e-01
2.035713791847229004e-01
2.310982942581176758e-01
1.203200072050094604e-01
3.522870242595672607e-01
3.884520232677459717e-01
6.101842522621154785e-01
3.961640298366546631e-01
4.257985949516296387e-01
3.257819712162017822e-01
3.300611078739166260e-01
2.212626934051513672e-01
2.042419761419296265e-01
3.914378583431243896e-01
2.407742291688919067e-01
1.518067121505737305e-01
2.662414312362670898e-01
1.579539626836776733e-01
3.770730644464492798e-02
5.868780240416526794e-02
3.065578341484069824e-01
4.661309719085693359e-01
6.500216722488403320e-01
5.797513723373413086e-01
4.629056453704833984e-01
4.435537755489349365e-01
4.435537755489349365e-01
3.426589965820312500e-01
3.651244044303894043e-01
2.722609639167785645e-01
5.283699035644531250e-01
5.211209654808044434e-01
6.950323581695556641e-01
7.013232707977294922e-01
1.003193378448486328e+00
7.509164810180664062e-01
9.619668126106262207e-01
6.103758811950683594e-01
1.742561608552932739e-01
3.027577102184295654e-01
1.985577642917633057e-01
3.318972885608673096e-01
3.900646865367889404e-01
4.222220182418823242e-01
4.516969025135040283e-01
2.512485086917877197e-01
1.453560888767242432e-01
4.578601121902465820e-01
4.974260628223419189e-01
4.969470798969268799e-01
4.114603400230407715e-01
3.655395507812500000e-01
3.985590636730194092e-01
3.117151558399200439e-01
4.090972244739532471e-01
4.414780735969543457e-01
4.790801107883453369e-01
2.290864735841751099e-01
2.799410223960876465e-01
2.748316228389739990e-01
2.041781097650527954e-01
-1.237978115677833557e-01
-1.134352982044219971e-01
-2.031638100743293762e-02
7.289833575487136841e-02
2.927784025669097900e-01
3.467624783515930176e-01
1.861993968486785889e-01
1.925222873687744141e-01
6.451836824417114258e-01
7.108555436134338379e-01
3.977766931056976318e-01
4.546028673648834229e-01
3.302207887172698975e-01
1.566127389669418335e-01
2.325672507286071777e-01
2.942633330821990967e-01
3.885957300662994385e-01
2.862479686737060547e-01
9.030766785144805908e-03
-1.997044235467910767e-01
5.705917999148368835e-02
1.676778048276901245e-01
1.221082955598831177e-01
2.843638658523559570e-01
5.353634357452392578e-01
3.830552399158477783e-01
2.542023956775665283e-01
1.462023258209228516e-01
-3.894974291324615479e-02
9.940337389707565308e-02
1.767469942569732666e-01
1.491561979055404663e-01
9.132412821054458618e-02
3.284005522727966309e-01
2.825915515422821045e-01
1.532437354326248169e-01
1.527647227048873901e-01
2.237375527620315552e-01
2.328865826129913330e-01
3.308275341987609863e-01
3.458364009857177734e-01
3.856099247932434082e-01
3.617074787616729736e-01
4.014331102371215820e-01
3.778340518474578857e-01
8.161626011133193970e-02
3.363201320171356201e-01
5.092415809631347656e-01
2.638304531574249268e-01
2.061580121517181396e-01
1.026286855340003967e-01
3.763970434665679932e-01
4.697873890399932861e-01
6.199080944061279297e-01
8.706042766571044922e-01
9.411619901657104492e-01
7.383984327316284180e-01
3.609570562839508057e-01
3.157867193222045898e-01
2.789990007877349854e-01
2.018788903951644897e-01
2.282616123557090759e-02
-9.513723850250244141e-02
1.405979543924331665e-01
3.143816292285919189e-01
4.707933068275451660e-01
3.488381803035736084e-01
3.543307781219482422e-01
5.160434842109680176e-01
1.643886268138885498e-01
4.072929620742797852e-01
2.880362570285797119e-01
2.600462734699249268e-01
2.924271523952484131e-01
9.820585697889328003e-02
1.287185847759246826e-01
2.702810764312744141e-01
1.769385933876037598e-01
2.564856410026550293e-01
3.013685941696166992e-01
1.580338031053543091e-01
8.650212734937667847e-02
8.105741441249847412e-02
2.322798520326614380e-01
3.520634770393371582e-01
-3.225961700081825256e-02
-1.283803135156631470e-01
-4.062626883387565613e-02
3.067813813686370850e-01
2.742727994918823242e-01
1.258445531129837036e-01
7.115794718265533447e-02
1.132945716381072998e-01
1.838736608624458313e-02
-4.327677190303802490e-02
1.139651834964752197e-01
1.310178190469741821e-01
-4.540036991238594055e-02
-4.512893036007881165e-02
-1.450816839933395386e-01
2.439091727137565613e-02
1.399273425340652466e-01
3.187884986400604248e-01
4.490464031696319580e-01
1.318800300359725952e-01
1.615200005471706390e-02
-2.107694745063781738e-01
-1.545979529619216919e-01
-1.324359029531478882e-01
-8.287466317415237427e-02
1.248865351080894470e-01
4.091770648956298828e-01
5.065271854400634766e-01
4.460765421390533447e-01
3.903361260890960693e-01
3.284325003623962402e-01
2.298209518194198608e-01
1.992124170064926147e-01
1.556707024574279785e-01
1.898238807916641235e-01
2.720374166965484619e-01
4.162504076957702637e-01
3.804845511913299561e-01
2.979995906352996826e-01
2.618186175823211670e-01
2.058386653661727905e-01
2.414608150720596313e-01
3.404715359210968018e-01
2.301562428474426270e-01
1.814572215080261230e-01
1.590077728033065796e-01
1.455796211957931519e-01
5.067188143730163574e-01
3.998683691024780273e-01
2.908464372158050537e-01
2.002822011709213257e-01
1.277925074100494385e-01
-3.327608108520507812e-03
4.288599826395511627e-03
2.424347847700119019e-01
1.856565177440643311e-01
6.312660127878189087e-02
1.817605942487716675e-01
3.053124248981475830e-01
3.358411192893981934e-01
2.865353524684906006e-01
2.321201711893081665e-01
9.071739017963409424e-02
5.171027034521102905e-02
2.747198641300201416e-01
2.249510437250137329e-01
5.517508462071418762e-02
2.050722688436508179e-01
1.436316668987274170e-01
1.470485776662826538e-01
1.111550107598304749e-01
4.846899211406707764e-02
1.055665984749794006e-01
1.169723737984895706e-02
1.580072939395904541e-02
1.477990150451660156e-01
1.874128729104995728e-01
2.702651023864746094e-01
3.306039869785308838e-01
2.508333623409271240e-01
1.792378276586532593e-01
1.485494673252105713e-01
2.437121421098709106e-01
1.972858421504497528e-02
-1.290774345397949219e-02
2.444146871566772461e-01
2.771468162536621094e-01
2.075471282005310059e-01
1.778167784214019775e-01
2.055886201560497284e-02
2.063496112823486328e-01
3.162337839603424072e-01
2.599664330482482910e-01
1.119214221835136414e-01
1.857523173093795776e-01
1.311774849891662598e-01
1.287185847759246826e-01
7.123778015375137329e-02
2.578428387641906738e-01
4.374065399169921875e-01
5.038926601409912109e-01
4.406957030296325684e-01
4.323929250240325928e-01
3.118269145488739014e-01
9.870083630084991455e-02
1.885305643081665039e-01
2.625690698623657227e-01
3.918529748916625977e-01
4.078518152236938477e-01
4.884846210479736328e-01
4.304609298706054688e-01
4.134881198406219482e-01
2.973289787769317627e-01
3.180859386920928955e-01
3.307636678218841553e-01
3.014165163040161133e-01
3.141580820083618164e-01
2.208315879106521606e-01
2.033478319644927979e-01
3.668169081211090088e-01
3.302846550941467285e-01
3.128168582916259766e-01
2.596151530742645264e-01
3.850830197334289551e-01
3.699464201927185059e-01
1.912768632173538208e-01
1.401508748531341553e-01
1.066842824220657349e-01
-3.095033206045627594e-02
2.914905175566673279e-02
3.635277152061462402e-01
5.023438930511474609e-01
2.599025666713714600e-01
7.301010191440582275e-02
2.359257265925407410e-02
4.064521193504333496e-02
-2.341395802795886993e-02
3.809051215648651123e-02
1.369309891015291214e-02
1.325825750827789307e-01
3.563426136970520020e-01
2.850983440876007080e-01
5.753818526864051819e-02
7.379247993230819702e-02
2.449894994497299194e-01
5.671694874763488770e-01
4.354745447635650635e-01
2.666725516319274902e-01
2.883396148681640625e-01
2.018469423055648804e-01
1.056304648518562317e-01
3.076116740703582764e-01
1.512638330459594727e-01
1.172383949160575867e-01
1.566287130117416382e-01
1.818883270025253296e-01
4.001557528972625732e-01
3.901285529136657715e-01
3.599671125411987305e-01
2.444146871566772461e-01
2.855454087257385254e-01
5.197797417640686035e-01
2.065412104129791260e-01
-5.914786458015441895e-02
-1.265227328985929489e-02
9.461330622434616089e-02
1.530361622571945190e-01
2.281284481287002563e-01
1.878759115934371948e-01
4.049096256494522095e-03
-2.616026438772678375e-02
2.104052007198333740e-01
3.310829997062683105e-01
3.314342498779296875e-01
1.954282522201538086e-01
2.379001975059509277e-01
1.125121936202049255e-01
4.025507867336273193e-01
2.502266466617584229e-01
9.429397433996200562e-02
2.474164664745330811e-01
2.554637789726257324e-01
2.728996276855468750e-01
2.858008742332458496e-01
2.920120060443878174e-01
2.648203969001770020e-01
1.579699367284774780e-01
1.263395249843597412e-01
1.394856907427310944e-02
9.314435720443725586e-02
1.920432746410369873e-01
4.484396576881408691e-01
3.720540404319763184e-01
4.056004881858825684e-01
3.537400066852569580e-01
2.034755796194076538e-01
1.397676765918731689e-01
1.541378796100616455e-01
3.450699746608734131e-01
4.261019527912139893e-01
4.795271754264831543e-01
2.957322895526885986e-01
1.430249214172363281e-01
1.887860298156738281e-01
1.837404966354370117e-01
6.212972402572631836e-01
7.874167561531066895e-01
6.398507356643676758e-01
4.316424727439880371e-01
4.040516912937164307e-01
1.773537397384643555e-01
1.932886987924575806e-01
2.640539705753326416e-01
3.767642676830291748e-01
4.586265385150909424e-01
4.250162243843078613e-01
2.748156487941741943e-01
3.333503007888793945e-01
2.858328223228454590e-01
1.861195564270019531e-01
3.330469131469726562e-01
4.495892524719238281e-01
3.981439471244812012e-01
3.964354693889617920e-01
4.873030781745910645e-01
3.926513195037841797e-01
2.391296476125717163e-01
3.195389211177825928e-01
1.430728137493133545e-01
1.133584380149841309e-01
-7.622702047228813171e-03
1.928735524415969849e-01
2.929700314998626709e-01
3.142219483852386475e-01
3.836779296398162842e-01
4.143184125423431396e-01
2.297251373529434204e-01
1.603330224752426147e-01
3.140942156314849854e-01
4.496850669384002686e-01
3.838216364383697510e-01
2.269309312105178833e-01
2.514241635799407959e-01
9.892978705465793610e-03
1.509445011615753174e-01
3.206406533718109131e-01
2.756619155406951904e-01
2.708398997783660889e-01
2.311781346797943115e-01
3.620268404483795166e-01
5.033977031707763672e-01
3.481675684452056885e-01
1.623288840055465698e-01
-5.818442907184362411e-03
2.534892968833446503e-02
1.953803598880767822e-01
2.902716100215911865e-01
-1.258840505033731461e-02
-2.295784801244735718e-01
-3.045535832643508911e-02
1.090154424309730530e-01
7.251513004302978516e-02
2.924485132098197937e-02
1.578102558851242065e-01
-3.934349864721298218e-03
-1.712300255894660950e-02
-3.896571323275566101e-02
2.448671869933605194e-02
7.246723026037216187e-02
2.622976303100585938e-01
3.213751316070556641e-01
3.000433444976806641e-01
2.445424199104309082e-01
3.284963667392730713e-01
3.060788512229919434e-01
3.367671966552734375e-01
4.061912596225738525e-01
2.721012830734252930e-01
2.097505629062652588e-01
1.040018424391746521e-01
5.935841053724288940e-02
1.917878091335296631e-01
3.717666268348693848e-01
4.689092040061950684e-01
2.427541315555572510e-01
2.966743409633636475e-01
3.015123009681701660e-01
2.614673376083374023e-01
2.877488434314727783e-01
3.470658361911773682e-01
4.013692438602447510e-01
3.320409953594207764e-01
2.953490912914276123e-01
2.839168012142181396e-01
1.163921505212783813e-01
1.484217345714569092e-01
-6.920700520277023315e-02
-1.216103434562683105e-01
-5.694443359971046448e-02
-5.384685471653938293e-02
3.499293327331542969e-02
3.071380592882633209e-02
1.449728757143020630e-01
2.901758253574371338e-01
1.908297985792160034e-01
1.443821042776107788e-01
2.059025466442108154e-01
2.594076097011566162e-01
4.741517454385757446e-02
4.419890344142913818e-01
5.981612205505371094e-01
5.327448248863220215e-01
3.441598713397979736e-01
1.956038922071456909e-01
8.273394405841827393e-02
9.777475148439407349e-02
6.181731075048446655e-02
4.714373871684074402e-02
-2.130632847547531128e-02
-1.405735965818166733e-02
2.108203470706939697e-01
3.376134634017944336e-01
1.256529539823532104e-01
-7.782370783388614655e-03
-5.578939802944660187e-03
-4.134477674961090088e-02
1.474956423044204712e-01
1.126239672303199768e-01
-4.907275363802909851e-02
6.868307292461395264e-02
1.021656468510627747e-01
8.043470978736877441e-02
2.548889517784118652e-01
3.663698136806488037e-01
3.111882507801055908e-01
2.883555889129638672e-01
2.580344378948211670e-01
1.347381025552749634e-01
2.467777878046035767e-01
1.458829939365386963e-01
2.082177400588989258e-01
2.887068688869476318e-01
4.375182986259460449e-01
2.640539705753326416e-01
5.062238574028015137e-01
1.855287849903106689e-01
2.242644727230072021e-01
2.058706134557723999e-01
1.550958901643753052e-01
1.084406375885009766e-01
1.695299595594406128e-01
1.629196703433990479e-01
1.238327249884605408e-01
1.981266587972640991e-01
2.789351344108581543e-01
3.069250881671905518e-01
1.778167784214019775e-01
3.125613927841186523e-01
4.003952741622924805e-01
3.422917425632476807e-01
9.825376421213150024e-02
-1.022958749672397971e-04
4.187093079090118408e-01
5.098482966423034668e-01
3.997565805912017822e-01
3.107411563396453857e-01
3.855780065059661865e-01
4.526868462562561035e-01
5.321381092071533203e-01
4.347081184387207031e-01
3.964195251464843750e-01
2.352177500724792480e-01
1.866783946752548218e-01
2.419717460870742798e-01
3.948068618774414062e-01
1.976955533027648926e-01
1.005264744162559509e-02
1.730586439371109009e-01
3.268358111381530762e-01
1.530521214008331299e-01
9.771088510751724243e-02
1.404702216386795044e-01
1.625364571809768677e-01
8.169609308242797852e-02
2.071798890829086304e-01
2.354891896247863770e-01
1.161207109689712524e-01
2.931137084960937500e-01
3.536122739315032959e-01
2.535477578639984131e-01
1.734578162431716919e-01
5.326447542756795883e-03
5.424900725483894348e-02
2.125926613807678223e-01
1.671668589115142822e-01
5.998111888766288757e-02
1.812815964221954346e-01
3.170481026172637939e-01
2.508812844753265381e-01
2.587529420852661133e-01
1.541059464216232300e-01
1.423862427473068237e-01
1.660172492265701294e-01
4.339896142482757568e-01
3.880847990512847900e-01
1.865187287330627441e-01
1.812336891889572144e-01
2.302999496459960938e-01
-2.627203240990638733e-02
-1.787079572677612305e-01
-2.510060369968414307e-01
-2.098593711853027344e-01
6.437201797962188721e-02
1.777369379997253418e-01
2.843638658523559570e-01
4.256229698657989502e-01
3.317216634750366211e-01
1.472401767969131470e-01
1.200645342469215393e-01
1.285589188337326050e-01
1.711001433432102203e-02
1.292933970689773560e-01
8.928036689758300781e-02
1.274252682924270630e-01
2.477677315473556519e-01
2.199693769216537476e-01
2.035234719514846802e-01
1.698492914438247681e-01
7.629928737878799438e-02
-6.899943202733993530e-02
-8.194858580827713013e-02
-1.360763609409332275e-01
-1.544382870197296143e-01
-2.779740989208221436e-01
-4.713491499423980713e-01
-3.298026323318481445e-01
-5.062154307961463928e-02
2.154880948364734650e-02
6.881081312894821167e-02
-1.658386439085006714e-01
-2.540078163146972656e-01
-2.662703692913055420e-01
-2.030095756053924561e-01
-1.513407081365585327e-01
-1.304560005664825439e-01
-4.327677190303802490e-02
2.317050397396087646e-01
2.452289909124374390e-01
2.700735032558441162e-01
2.607328593730926514e-01
2.310344278812408447e-01
2.009527981281280518e-01
9.938740730285644531e-02
1.956837326288223267e-01
2.480231970548629761e-01
2.637081220746040344e-02
1.805151849985122681e-01
3.327914476394653320e-01
4.880429431796073914e-02
-3.008546829223632812e-01
-2.526027262210845947e-01
-1.577274650335311890e-01
1.699451059103012085e-01
3.779138922691345215e-01
3.809954822063446045e-01
1.755015701055526733e-01
1.785991489887237549e-01
1.857523173093795776e-01
1.723241657018661499e-01
2.492366880178451538e-01
2.045293897390365601e-01
3.869990408420562744e-01
2.646926641464233398e-01
2.657783925533294678e-01
2.502266466617584229e-01
1.423383355140686035e-01
-4.876938462257385254e-02
-2.392489835619926453e-02
1.160089448094367981e-01
1.028522253036499023e-01
2.108363062143325806e-01
2.697701156139373779e-01
3.827838003635406494e-01
3.843325674533843994e-01
4.445437192916870117e-01
2.956365048885345459e-01
1.881633251905441284e-01
3.295022547245025635e-01
4.539003372192382812e-01
3.395135104656219482e-01
1.239285245537757874e-01
1.721325665712356567e-01
2.418599873781204224e-01
2.770350575447082520e-01
2.757417559623718262e-01
4.332870543003082275e-01
3.988145589828491211e-01
1.975518614053726196e-01
2.106980420649051666e-02
4.302427917718887329e-02
6.494308710098266602e-01
6.678886413574218750e-01
5.173527598381042480e-01
4.303651154041290283e-01
1.275530010461807251e-01
-2.006091177463531494e-02
4.340853989124298096e-01
4.486951231956481934e-01
3.377731144428253174e-01
1.082490384578704834e-01
2.048487216234207153e-01
1.764276623725891113e-01
2.437919825315475464e-01
1.724040061235427856e-01
1.090154424309730530e-01
2.923792302608489990e-01
2.803082764148712158e-01
2.113632112741470337e-01
6.424427777528762817e-02
5.038501694798469543e-02
1.329657733440399170e-01
2.027730345726013184e-01
1.551278233528137207e-01
2.055831998586654663e-01
1.302514076232910156e-01
3.365277051925659180e-01
6.251452565193176270e-01
5.628584027290344238e-01
6.567437052726745605e-01
5.824178457260131836e-01
3.362562656402587891e-01
3.876696527004241943e-01
2.824797630310058594e-01
3.947589695453643799e-01
3.420522511005401611e-01
2.239291667938232422e-01
3.325838744640350342e-01
4.596643745899200439e-01
6.179122328758239746e-01
1.877641528844833374e-01
-1.465027332305908203e-01
-9.963990002870559692e-02
1.671987920999526978e-01
2.669439911842346191e-01
2.884992957115173340e-01
2.796696126461029053e-01
3.493810594081878662e-01
3.122739791870117188e-01
3.754390180110931396e-01
3.983674645423889160e-01
2.767476439476013184e-01
4.311155676841735840e-01
5.188536643981933594e-01
5.029186606407165527e-01
5.606230497360229492e-01
3.993414640426635742e-01
4.090333580970764160e-01
4.775313138961791992e-01
3.723095059394836426e-01
2.169835567474365234e-01
1.833253502845764160e-01
3.656513094902038574e-01
2.974567115306854248e-01
2.673431634902954102e-01
3.774508535861968994e-01
3.984632790088653564e-01
4.555608928203582764e-01
3.860889375209808350e-01
5.627306699752807617e-01
2.937843203544616699e-01
2.494602203369140625e-01
2.295654714107513428e-01
4.024550020694732666e-01
2.220929712057113647e-01
2.864395678043365479e-01
3.987666368484497070e-01
2.053596675395965576e-01
2.049604952335357666e-01
3.308275341987609863e-01
5.273799896240234375e-01
3.059191703796386719e-01
2.051680684089660645e-01
1.667676866054534912e-01
1.823992729187011719e-01
3.590889275074005127e-01
2.685885727405548096e-01
2.015276104211807251e-01
4.787128865718841553e-01
6.977946162223815918e-01
1.050040245056152344e+00
6.414155364036560059e-01
2.365589737892150879e-01
7.494209706783294678e-02
3.895218074321746826e-01
1.036984696984291077e-01
-3.018392063677310944e-02
-3.997695744037628174e-01
-5.766987204551696777e-01
-5.639092326164245605e-01
-4.075400158762931824e-02
3.814585506916046143e-01
2.741450667381286621e-01
1.172224283218383789e-01
-1.507658958435058594e-01
-2.186890542507171631e-01
-2.793791890144348145e-01
-6.176643446087837219e-02
-5.292077362537384033e-02
-2.376896589994430542e-01
4.545124620199203491e-02
3.202893733978271484e-01
4.296785593032836914e-01
9.100478887557983398e-02
2.490185759961605072e-02
1.481023877859115601e-01
3.186607360839843750e-01
2.870942056179046631e-01
2.809788882732391357e-01
-8.514196425676345825e-02
-1.894057840108871460e-01
-3.699593842029571533e-01
-8.948495984077453613e-02
-5.665702745318412781e-02
-1.699102073907852173e-01
-1.322922110557556152e-01
1.547605842351913452e-01
5.012261867523193359e-01
4.213598072528839111e-01
8.584748208522796631e-02
-5.493260547518730164e-02
1.212406132253818214e-04
2.522384524345397949e-01
2.389220744371414185e-01
1.150190010666847229e-01
3.460120260715484619e-01
4.719748497009277344e-01
4.379014968872070312e-01
3.990380764007568359e-01
-6.473627686500549316e-02
-1.816139370203018188e-01
-3.333313167095184326e-01
-1.719060689210891724e-01
3.011248074471950531e-03
5.244420766830444336e-01
4.539003372192382812e-01
1.979669928550720215e-01
3.823421150445938110e-02
-5.387878790497779846e-02
3.418127298355102539e-01
3.807400166988372803e-01
4.729807674884796143e-01
3.704254031181335449e-01
2.415725737810134888e-01
-3.735998272895812988e-01
-2.946595251560211182e-01
-2.523153424263000488e-01
-3.583354949951171875e-01
-4.243426024913787842e-01
-2.356459051370620728e-01
-9.490828029811382294e-03
1.203200072050094604e-01
2.483798936009407043e-02
-1.365234255790710449e-01
-3.180031180381774902e-01
-3.650415837764739990e-01
1.187073513865470886e-01
8.455958217382431030e-03
-2.613366246223449707e-01
-4.256838262081146240e-01
-4.867731630802154541e-01
-2.980445027351379395e-01
-1.458640694618225098e-01
2.539469301700592041e-01
4.091291725635528564e-01
5.933551788330078125e-01
5.857709050178527832e-01
7.347579598426818848e-01
6.966928839683532715e-01
6.800234317779541016e-01
3.931941986083984375e-01
3.663059473037719727e-01
4.430428445339202881e-01
3.700900971889495850e-01
3.844124078750610352e-01
3.043863475322723389e-01
2.473845332860946655e-01
5.437141060829162598e-01
3.890108764171600342e-01
3.860569894313812256e-01
6.402020454406738281e-01
5.399938225746154785e-01
5.210570693016052246e-01
4.300457835197448730e-01
5.361298322677612305e-01
4.652368128299713135e-01
3.738103806972503662e-01
3.017677664756774902e-01
4.287365078926086426e-01
3.468902111053466797e-01
3.450380563735961914e-01
4.247288107872009277e-01
4.013692438602447510e-01
3.498600423336029053e-01
3.241214156150817871e-01
2.293578982353210449e-01
4.350274503231048584e-01
5.451351404190063477e-01
3.977128267288208008e-01
3.123697936534881592e-01
2.997559607028961182e-01
2.721651494503021240e-01
2.384749948978424072e-01
5.605591535568237305e-01
6.013705134391784668e-01
4.562634229660034180e-01
6.020730733871459961e-01
9.912820458412170410e-01
6.621086001396179199e-01
6.722475886344909668e-01
4.907199740409851074e-01
5.006992816925048828e-01
5.542362928390502930e-01
4.513296484947204590e-01
8.226078152656555176e-01
7.983061671257019043e-01
4.896342456340789795e-01
2.587210237979888916e-01
2.990853488445281982e-01
1.623767912387847900e-01
3.260214924812316895e-01
3.520315587520599365e-01
4.381250441074371338e-01
5.604953169822692871e-01
3.378689289093017578e-01
5.468915104866027832e-01
5.130736231803894043e-01
3.160581588745117188e-01
1.798765063285827637e-01
1.284950524568557739e-01
4.969151318073272705e-01
1.932567656040191650e-01
2.392094731330871582e-01
2.209114134311676025e-01
4.943284988403320312e-01
6.612783074378967285e-01
2.791426777839660645e-01
1.661449819803237915e-01
5.311535671353340149e-02
9.114849567413330078e-02
3.434094190597534180e-01
3.389387130737304688e-01
5.855792760848999023e-01
5.972830057144165039e-01
6.906893253326416016e-01
6.151978969573974609e-01
6.828336119651794434e-01
6.557218432426452637e-01
4.954621493816375732e-01
3.747684061527252197e-01
4.678394198417663574e-01
5.326809883117675781e-01
7.506929039955139160e-01
5.469872951507568359e-01
3.884360790252685547e-01
2.496039271354675293e-01
2.390977144241333008e-01
4.287205338478088379e-01
4.657317996025085449e-01
5.337667465209960938e-01
5.824497938156127930e-01
5.128979682922363281e-01
2.925389111042022705e-01
3.062065839767456055e-01
4.163621664047241211e-01
4.846844971179962158e-01
6.619169712066650391e-01
7.184398174285888672e-01
9.416729211807250977e-01
7.232617735862731934e-01
7.159649133682250977e-01
7.381429672241210938e-01
4.648855626583099365e-01
2.799569964408874512e-01
3.041628003120422363e-01
2.466500550508499146e-01
2.046890556812286377e-01
2.173348367214202881e-01
3.158505856990814209e-01
5.020085573196411133e-01
5.059843063354492188e-01
2.712710201740264893e-01
2.030285000801086426e-01
2.218375056982040405e-01
1.641331464052200317e-01
-8.542937040328979492e-02
-1.010290235280990601e-01
-1.317972242832183838e-01
-1.119663417339324951e-01
-5.886045843362808228e-02
2.264678925275802612e-01
4.316424727439880371e-01
6.077572703361511230e-01
6.091304421424865723e-01
5.403450727462768555e-01
8.942033648490905762e-01
6.655254960060119629e-01
5.086987018585205078e-01
2.538670897483825684e-01
1.285908520221710205e-01
1.278244405984878540e-01
1.738729476928710938e-01
1.601094901561737061e-01
2.213904261589050293e-01
3.930025994777679443e-01
5.685425996780395508e-01
5.063356161117553711e-01
4.397217333316802979e-01
3.331906199455261230e-01
4.564231038093566895e-01
2.648842632770538330e-01
1.950769871473312378e-01
2.523661851882934570e-01
8.484157174825668335e-02
1.919953823089599609e-01
1.303152740001678467e-01
-8.817567676305770874e-02
2.229392081499099731e-01
1.335725188255310059e-01
-1.536399424076080322e-01
-1.556836962699890137e-01
-1.864199638366699219e-01
-1.259214133024215698e-01
9.674858883954584599e-04
-4.608694463968276978e-02
5.124722793698310852e-02
1.150190010666847229e-01
2.034116983413696289e-01
1.759805828332901001e-01
1.634306013584136963e-01
2.815856337547302246e-01
5.603675842285156250e-01
6.602564454078674316e-01
6.077253818511962891e-01
4.855786263942718506e-01
4.582752585411071777e-01
3.728523850440979004e-01
2.907186746597290039e-01
2.380279302597045898e-01
4.555608928203582764e-01
2.513443231582641602e-01
1.789239235222339630e-02
1.421627104282379150e-01
1.329019069671630859e-01
1.341792643070220947e-01
1.945341080427169800e-01
1.097179874777793884e-01
1.699770390987396240e-01
2.591680884361267090e-01
2.266275733709335327e-01
3.361285328865051270e-01
2.044016569852828979e-01
1.982064992189407349e-01
-8.661092072725296021e-02
-5.429446697235107422e-01
-6.550961136817932129e-01
-4.042882025241851807e-01
-4.926809072494506836e-01
-3.870439529418945312e-01
-8.501423150300979614e-02
2.442550212144851685e-01
4.473219811916351318e-01
5.281463861465454102e-01
4.044348895549774170e-01
1.843153089284896851e-01
3.770676553249359131e-01
6.238200068473815918e-01
3.411740660667419434e-01
5.231008529663085938e-01
5.183426737785339355e-01
4.043710231781005859e-01
4.125939905643463135e-01
3.555762171745300293e-01
4.768287837505340576e-01
4.659233987331390381e-01
4.135998785495758057e-01
5.197477936744689941e-01
4.364006221294403076e-01
3.833905160427093506e-01
4.262456595897674561e-01
4.344686269760131836e-01
8.432689309120178223e-01
6.182954311370849609e-01
5.378542542457580566e-01
5.173687338829040527e-01
4.969789981842041016e-01
3.257181048393249512e-01
3.668648004531860352e-01
4.181983470916748047e-01
5.554178357124328613e-01
5.873516201972961426e-01
4.816827178001403809e-01
3.362243175506591797e-01
3.068452477455139160e-01
4.448311328887939453e-01
5.224302411079406738e-01
6.270453333854675293e-01
8.598425984382629395e-01
7.050275802612304688e-01
5.796236395835876465e-01
5.905130505561828613e-01
6.332883834838867188e-01
5.800387859344482422e-01
8.329383730888366699e-01
7.890773415565490723e-01
5.808690786361694336e-01
3.111563026905059814e-01
1.745435595512390137e-01
2.949658930301666260e-01
5.864255428314208984e-01
9.107450246810913086e-01
6.056336760520935059e-01
3.841569423675537109e-01
3.580031692981719971e-01
4.439529478549957275e-01
6.276201009750366211e-01
5.413350462913513184e-01
6.662600040435791016e-01
5.325372815132141113e-01
6.201475858688354492e-01
6.347732543945312500e-01
5.060801506042480469e-01
5.829128026962280273e-01
4.225094020366668701e-01
3.237541913986206055e-01
4.267406463623046875e-01
6.629388928413391113e-01
7.395480275154113770e-01
7.005568742752075195e-01
5.001564025878906250e-01
8.652393817901611328e-01
3.964195251464843750e-01
2.218215316534042358e-01
4.176075756549835205e-01
4.797028303146362305e-01
4.330475628376007080e-01
1.433602273464202881e-01
5.977301001548767090e-01
9.386232495307922363e-01
7.933245301246643066e-01
6.174013018608093262e-01
6.100245714187622070e-01
2.604614198207855225e-01
2.199055105447769165e-01
4.447034001350402832e-01
4.787448048591613770e-01
2.705844342708587646e-01
2.233224213123321533e-01
3.821770548820495605e-01
1.903188526630401611e-01
1.995796561241149902e-01
1.204477399587631226e-01
-4.433058574795722961e-02
-2.667813301086425781e-01
2.688175253570079803e-02
2.869824469089508057e-01
1.287026256322860718e-01
2.496837526559829712e-01
4.272675514221191406e-01
7.299998402595520020e-01
8.988018035888671875e-01
6.927969455718994141e-01
7.277804017066955566e-01
4.084904789924621582e-01
4.008263647556304932e-01
3.923958539962768555e-01
1.959551721811294556e-01
2.345152050256729126e-01
2.486299425363540649e-01
1.830858439207077026e-01
1.488049328327178955e-01
1.030597984790802002e-01
1.670071929693222046e-01
5.198116302490234375e-01
-4.061030223965644836e-02
-4.563722014427185059e-01
