1.351958155632019043e+00
1.455200076103210449e+00
1.840241670608520508e+00
-5.447968244552612305e-01
1.405340880155563354e-01
1.004311084747314453e+00
9.541110992431640625e-01
-2.773993015289306641e-01
-1.585577428340911865e-01
3.047376275062561035e-01
2.923153638839721680e-01
1.227863550186157227e+00
2.085690051317214966e-01
-4.939582645893096924e-01
9.364677071571350098e-01
1.402014374732971191e+00
2.174700260162353516e+00
8.390536904335021973e-01
1.463838219642639160e+00
-4.704230725765228271e-01
1.244234964251518250e-01
1.522676229476928711e+00
-1.330905556678771973e-01
-3.261462152004241943e-01
-1.235316991806030273e+00
2.480391710996627808e-01
1.411690354347229004e+00
-6.468731760978698730e-01
6.801511645317077637e-01
2.885950803756713867e-01
-2.273979425430297852e+00
-5.845224857330322266e-01
9.381282925605773926e-01
1.343815088272094727e+00
9.517160654067993164e-01
7.756491899490356445e-01
4.040357172489166260e-01
-2.006091177463531494e-02
-6.067803502082824707e-01
-4.131019115447998047e-01
-1.468050479888916016e+00
-2.363793134689331055e+00
-1.302761197090148926e+00
1.917633295059204102e+00
-2.203964471817016602e+00
-1.037088036537170410e+00
2.593970485031604767e-02
1.451719284057617188e+00
-1.007405638694763184e+00
-1.747279524803161621e+00
-2.072221755981445312e+00
-5.397672653198242188e-01
2.903833687305450439e-01
-1.792146444320678711e+00
2.525258660316467285e-01
4.929872751235961914e-01
1.765213251113891602e+00
-8.862168788909912109e-01
-1.965898156166076660e+00
-3.289282083511352539e+00
2.769051790237426758e+00
-3.089999198913574219e+00
2.650758624076843262e-01
-1.148505091667175293e+00
-5.005525946617126465e-01
-1.226870536804199219e+00
2.177499681711196899e-01
-2.475880622863769531e+00
1.068162679672241211e+00
-3.906843960285186768e-01
-3.246011734008789062e+00
-2.899897575378417969e+00
1.197478532791137695e+00
-8.312269449234008789e-01
-4.383561387658119202e-02
-7.573800683021545410e-01
-1.563133358955383301e+00
4.139565676450729370e-02
4.679282665252685547e+00
-7.737141847610473633e-01
4.546721652150154114e-02
1.279197096824645996e+00
2.205548286437988281e+00
-7.173829674720764160e-01
-2.775110602378845215e-01
8.480430841445922852e-01
-6.324071884155273438e-01
-6.361317355185747147e-03
-1.418121933937072754e+00
-4.866028785705566406e+00
1.044866919517517090e+00
-1.935960292816162109e+00
-4.828293323516845703e-01
1.458984255790710449e+00
-3.416979908943176270e-01
-1.174866437911987305e+00
-2.448449611663818359e+00
1.210347771644592285e+00
2.058413267135620117e+00
-9.763979315757751465e-01
-7.132156491279602051e-01
-5.545046925544738770e-01
3.091923892498016357e-01
-1.068782329559326172e+00
2.633354663848876953e-01
-3.100036978721618652e-01
3.123883962631225586e+00
1.689322590827941895e+00
-8.734433650970458984e-01
-1.866376519203186035e+00
-2.771118879318237305e-01
2.941675484180450439e-01
-1.091199874877929688e+00
9.054919481277465820e-01
-7.574120163917541504e-01
-2.371010065078735352e+00
-2.294704437255859375e+00
2.953820705413818359e+00
-3.895028531551361084e-01
-8.399608135223388672e-01
7.294090390205383301e-01
1.313078761100769043e+00
-5.120620727539062500e+00
-1.715233922004699707e+00
1.857629656791687012e+00
1.127319931983947754e+00
-2.887996733188629150e-01
-2.311911284923553467e-01
-3.543277978897094727e-01
-1.387848734855651855e+00
1.773675680160522461e+00
-1.317918021231889725e-02
1.395946979522705078e+00
8.128360509872436523e-01
6.369767189025878906e-01
-1.212164998054504395e+00
-6.930708768777549267e-04
-4.674158617854118347e-02
-7.948223948478698730e-01
-5.612267851829528809e-01
-9.378857612609863281e-01
-5.903823375701904297e-01
3.525424897670745850e-01
-1.084334135055541992e+00
7.750264406204223633e-01
-5.957472324371337891e-01
-6.713025569915771484e-01
-1.535893797874450684e+00
-1.243539929389953613e+00
9.663258194923400879e-01
-5.408530235290527344e-01
6.775485873222351074e-01
1.697694659233093262e-01
9.162216782569885254e-01
-1.260113596916198730e+00
-9.545657783746719360e-02
1.265896677970886230e+00
1.559032797813415527e+00
1.399810910224914551e+00
2.303318828344345093e-01
-2.084383070468902588e-01
-8.859081566333770752e-02
3.485507667064666748e-01
2.435205429792404175e-01
-4.634455442428588867e-01
-1.053470134735107422e+00
-1.245503902435302734e+00
-1.079687714576721191e+00
5.910294130444526672e-02
1.105003654956817627e-01
-5.423699021339416504e-01
-3.662869930267333984e-01
2.917405664920806885e-01
8.551218360662460327e-02
9.801531434059143066e-01
-4.764745235443115234e-01
-7.052640914916992188e-01
-8.032369613647460938e-01
-1.036369562149047852e+00
-1.238031387329101562e+00
-1.752532601356506348e+00
-2.971822917461395264e-01
9.631004929542541504e-01
8.162210583686828613e-01
-3.027866780757904053e-01
4.385880827903747559e-01
9.299372434616088867e-01
1.731634855270385742e+00
1.348653078079223633e+00
4.045466482639312744e-01
8.733665347099304199e-01
4.643586277961730957e-01
9.131081700325012207e-01
-5.854645371437072754e-01
2.156477794051170349e-02
-9.617243409156799316e-01
-5.245508551597595215e-01
-2.018120586872100830e-01
-1.558007955551147461e+00
-2.209712505340576172e+00
9.730798006057739258e-01
-2.173159122467041016e-01
1.280479878187179565e-01
-3.772402703762054443e-01
1.945660412311553955e-01
1.692425608634948730e-01
4.754236936569213867e-01
-9.713310003280639648e-02
3.908470571041107178e-01
-3.249911963939666748e-02
-1.894217431545257568e-01
1.440308392047882080e-01
-3.677399754524230957e-01
-7.602062225341796875e-01
-1.147451281547546387e+00
1.351532340049743652e-01
-8.190920948982238770e-01
-3.570261895656585693e-01
-8.761258125305175781e-01
4.412385821342468262e-01
-6.431050300598144531e-01
8.929633349180221558e-02
-2.998966574668884277e-01
-9.473221898078918457e-01
-1.569296479225158691e+00
-6.821919679641723633e-01
-1.103701949119567871e+00
-2.769841551780700684e-01
-7.412375211715698242e-01
-8.008419275283813477e-01
3.107571303844451904e-01
1.671423792839050293e+00
1.124493837356567383e+00
4.139565676450729370e-02
-6.008566021919250488e-01
-4.690499007701873779e-01
7.117496728897094727e-01
1.694022268056869507e-01
1.139774203300476074e+00
-6.947844475507736206e-02
-1.285719126462936401e-01
2.225560098886489868e-01
-1.989539861679077148e-01
-3.463603258132934570e-01
-6.676141619682312012e-01
1.550320237874984741e-01
-5.126554965972900391e-01
2.234820872545242310e-01
-5.788647755980491638e-02
4.375023245811462402e-01
7.405539155006408691e-01
6.976349353790283203e-01
-2.721407823264598846e-02
5.375029444694519043e-01
8.084984868764877319e-02
-2.364282757043838501e-01
-6.427856683731079102e-01
-1.626612395048141479e-01
-1.396050453186035156e-01
-8.772754669189453125e-01
1.932690024375915527e+00
2.489742994308471680e+00
9.557237625122070312e-01
1.436795592308044434e-01
3.855620324611663818e-01
-1.230314001441001892e-01
-6.140292882919311523e-01
-1.814382970333099365e-01
-2.100030630826950073e-01
-6.659536361694335938e-01
2.427541315555572510e-01
-4.615081474184989929e-02
1.671349257230758667e-01
-8.664285391569137573e-02
-2.001674622297286987e-01
-1.602128706872463226e-02
-5.480486899614334106e-02
-6.613711118698120117e-01
-3.969593942165374756e-01
-7.339726090431213379e-01
-1.662032246589660645e+00
-1.584449052810668945e+00
4.772758483886718750e-01
-1.365926265716552734e+00
-1.117577195167541504e+00
5.933870673179626465e-01
1.246001839637756348e+00
1.788865625858306885e-01
-1.704051792621612549e-01
9.399484992027282715e-01
-3.723224699497222900e-01
-6.814255714416503906e-01
5.773243904113769531e-01
-4.810889363288879395e-01
-1.036704897880554199e+00
1.154032588005065918e+00
-7.729053613729774952e-04
-1.142485499382019043e+00
-1.479078233242034912e-01
5.071179866790771484e-01
-9.526231884956359863e-01
3.741297423839569092e-01
6.236018612980842590e-02
3.312905728816986084e-01
4.426117241382598877e-01
2.093194574117660522e-01
1.153702661395072937e-01
1.763692125678062439e-02
-3.455343423411250114e-03
-4.024306312203407288e-02
-3.363277018070220947e-02
8.507893681526184082e-01
-1.997682899236679077e-01
-6.500027179718017578e-01
3.369428515434265137e-01
-2.937653660774230957e-01
1.023572534322738647e-01
-3.182745575904846191e-01
-2.788682579994201660e-01
5.547631978988647461e-01
-1.014122292399406433e-01
-6.687957644462585449e-01
2.197618037462234497e-01
7.084923982620239258e-01
-1.336334198713302612e-01
4.118808731436729431e-02
-1.851212233304977417e-02
5.356242880225181580e-02
-7.777857184410095215e-01
-1.012355327606201172e+00
-4.595017135143280029e-01
-8.770040273666381836e-01
5.747856497764587402e-01
2.526057064533233643e-01
9.675233364105224609e-01
1.008238911628723145e+00
1.309645891189575195e+00
6.768140792846679688e-01
1.489167064428329468e-01
5.918063521385192871e-01
9.563519060611724854e-02
3.555602431297302246e-01
-9.400358796119689941e-02
9.850922971963882446e-02
-3.306967914104461670e-01
-4.785023033618927002e-01
-8.363522887229919434e-01
-9.196675419807434082e-01
-1.192940950393676758e+00
-3.891994953155517578e-01
-6.061895489692687988e-01
-4.176045954227447510e-01
4.653964936733245850e-01
1.598343253135681152e+00
-4.319747984409332275e-01
-9.554014801979064941e-01
-8.793830871582031250e-01
-8.043546676635742188e-01
7.179927229881286621e-01
-1.238302826881408691e+00
-1.168543457984924316e+00
-1.924554556608200073e-01
-3.952509462833404541e-01
3.426749408245086670e-01
-2.956813871860504150e-01
-4.802107810974121094e-01
9.908509254455566406e-01
1.466233253479003906e+00
1.537030458450317383e+00
-6.089677810668945312e-01
-1.477774262428283691e+00
9.701418876647949219e-01
5.435544252395629883e-01
5.296472907066345215e-01
-1.089331746101379395e+00
-1.522545456886291504e+00
-2.050331115722656250e+00
-9.136001467704772949e-01
-8.057277798652648926e-01
-9.778232313692569733e-03
5.877028703689575195e-01
9.121341705322265625e-01
1.865187287330627441e-01
-1.678769849240779877e-02
1.146592020988464355e+00
1.117260813713073730e+00
8.437000513076782227e-01
1.501461565494537354e-01
5.548589825630187988e-01
-3.545513153076171875e-01
1.324867755174636841e-01
-1.255658864974975586e+00
-7.870784997940063477e-01
-6.229388117790222168e-01
2.030285000801086426e-01
-8.697230815887451172e-01
-7.206721901893615723e-01
9.799934625625610352e-01
7.131228446960449219e-01
3.099108934402465820e-01
3.659387230873107910e-01
5.115408301353454590e-01
-4.337790608406066895e-01
-3.408996462821960449e-01
4.383964836597442627e-01
4.416696727275848389e-01
-4.496926441788673401e-02
-1.153869867324829102e+00
-8.651086688041687012e-01
5.204129265621304512e-04
2.474962919950485229e-01
-6.168659776449203491e-02
-3.323254287242889404e-01
2.991012930870056152e-01
9.450578689575195312e-01
6.534545421600341797e-01
-6.613551378250122070e-01
-5.912126302719116211e-01
-1.034719571471214294e-01
4.749501124024391174e-02
6.451677083969116211e-01
1.063649430871009827e-01
-7.855935692787170410e-01
-1.218408107757568359e+00
-9.954304695129394531e-01
-3.689853847026824951e-01
1.746233999729156494e-01
-3.211326301097869873e-01
-7.164568901062011719e-01
1.402626484632492065e-01
6.492393016815185547e-01
3.595200181007385254e-01
3.452989459037780762e-02
7.199566364288330078e-01
-4.809877276420593262e-02
-1.683933436870574951e-01
5.016253590583801270e-01
3.442237377166748047e-01
1.978392601013183594e-01
-2.288280278444290161e-01
-3.484200537204742432e-01
6.636787950992584229e-02
1.072325743734836578e-02
7.962464690208435059e-01
-1.001912951469421387e+00
-4.295158982276916504e-01
-4.270729422569274902e-01
-2.804330289363861084e-01
7.829779982566833496e-01
2.968978881835937500e-01
-2.988907396793365479e-01
-4.637169837951660156e-01
7.475953698158264160e-01
5.154846310615539551e-01
4.308601021766662598e-01
1.679172962903976440e-01
1.626641899347305298e-01
1.995956152677536011e-01
6.124250590801239014e-02
-2.266725003719329834e-01
8.615670204162597656e-01
-5.340191721916198730e-01
6.437307000160217285e-01
9.296019673347473145e-01
8.991371393203735352e-01
7.906155288219451904e-02
1.227204594761133194e-02
9.330986738204956055e-01
2.285435944795608521e-01
-5.916916131973266602e-01
-1.144497394561767578e+00
-2.188113704323768616e-02
6.785385608673095703e-01
-2.469823956489562988e-01
-2.120627909898757935e-01
-4.388405382633209229e-01
-1.029040813446044922e+00
-4.678044915199279785e-01
-6.226354241371154785e-01
-5.493953227996826172e-01
3.369109034538269043e-01
5.598725676536560059e-01
8.195741176605224609e-01
2.651716470718383789e-01
-3.960013687610626221e-01
3.189321756362915039e-01
-4.797104001045227051e-02
-9.398018121719360352e-01
1.479481440037488937e-02
-5.409009456634521484e-01
-1.637310087680816650e-01
-1.053789496421813965e+00
-1.052336454391479492e+00
-5.861032009124755859e-01
-2.474454343318939209e-01
1.117979288101196289e+00
4.561091586947441101e-02
7.741802334785461426e-01
9.872264862060546875e-01
7.232298851013183594e-01
3.131042718887329102e-01
6.370405554771423340e-01
-5.429286956787109375e-01
-4.793006479740142822e-01
-1.779255867004394531e-01
1.558623015880584717e-01
-7.992292642593383789e-01
-7.071322202682495117e-01
-4.140120446681976318e-01
-8.700743913650512695e-01
2.237535268068313599e-01
6.874480843544006348e-01
1.799084395170211792e-01
1.004853963851928711e+00
4.704899191856384277e-01
3.951900601387023926e-01
1.030560612678527832e+00
3.792551159858703613e-01
5.142286419868469238e-02
-1.081183180212974548e-01
-3.894974291324615479e-02
-7.163397222757339478e-02
-1.078947857022285461e-01
9.696788191795349121e-01
1.430525793693959713e-03
2.065891176462173462e-01
-1.377688497304916382e-01
-7.882600426673889160e-01
-3.971031010150909424e-01
-8.429571986198425293e-02
-7.691636085510253906e-01
-4.128304719924926758e-01
2.882991552352905273e+00
1.292289853096008301e+00
1.504974216222763062e-01
-2.767286896705627441e-01
5.126319825649261475e-02
8.326190710067749023e-01
-3.066292777657508850e-02
-8.784889578819274902e-01
-2.997689247131347656e-01
-3.115205466747283936e-01
-9.890277385711669922e-01
-5.447649359703063965e-01
1.225436568260192871e+00
-8.291352391242980957e-01
1.091431826353073120e-01
-7.250790596008300781e-01
5.089861154556274414e-01
-6.538985967636108398e-01
8.431466668844223022e-02
-6.699773073196411133e-01
1.814786158502101898e-02
-1.116347670555114746e+00
-5.400387048721313477e-01
-1.041079759597778320e+00
-1.146253705024719238e+00
-1.597238540649414062e+00
-1.625978946685791016e+00
9.848473668098449707e-01
1.918080329895019531e+00
2.420765876770019531e+00
1.344964623451232910e+00
1.322339653968811035e+00
2.636069059371948242e-01
-3.912272751331329346e-01
1.255023121833801270e+00
1.049917861819267273e-01
-5.607637166976928711e-01
6.772931218147277832e-01
-8.333770185708999634e-02
-8.156432509422302246e-01
2.534892968833446503e-02
-2.328516989946365356e-01
1.784714162349700928e-01
-2.310474365949630737e-01
7.717692255973815918e-01
3.274744749069213867e-01
1.108510971069335938e+00
6.634178757667541504e-01
7.600175738334655762e-01
1.293758869171142578e+00
5.858027935028076172e-01
1.246001839637756348e+00
3.461078405380249023e-01
7.914723753929138184e-01
-6.984026171267032623e-03
2.890740931034088135e-01
-2.908115088939666748e-01
-3.249486982822418213e-01
-1.171673059463500977e+00
1.135159730911254883e+00
-1.197986483573913574e+00
-6.263078451156616211e-01
-1.455947518348693848e+00
1.292178153991699219e+00
-1.960357666015625000e+00
-5.353923439979553223e-01
-2.179630994796752930e+00
-1.624270558357238770e+00
-1.575651288032531738e+00
2.012987613677978516e+00
2.366654157638549805e+00
-3.546151816844940186e-01
4.583870172500610352e-01
-3.587825596332550049e-01
-7.237378358840942383e-01
1.678097963333129883e+00
-2.865109965205192566e-02
-1.457145094871520996e+00
-1.960421562194824219e+00
-1.016634464263916016e+00
-2.807177782058715820e+00
-8.499826490879058838e-02
1.611675620079040527e+00
3.505684375762939453e+00
-3.647487610578536987e-02
-2.114789485931396484e+00
7.509803175926208496e-01
-8.504670262336730957e-01
-7.685728669166564941e-01
-6.989731788635253906e-01
2.388305187225341797e+00
9.799774885177612305e-01
2.526147365570068359e+00
5.900180935859680176e-01
-5.319221317768096924e-02
2.842041850090026855e-01
4.740164756774902344e+00
3.350406408309936523e+00
-5.040333867073059082e-01
1.225899577140808105e+00
-1.393336057662963867e-01
4.489984810352325439e-01
2.132473140954971313e-01
-1.076302766799926758e+00
1.378080010414123535e+00
2.604241609573364258e+00
2.195888280868530273e+00
1.343112468719482422e+00
4.887720048427581787e-01
3.265643715858459473e-01
2.025973945856094360e-01
-9.858608990907669067e-02
7.325704693794250488e-01
1.304520487785339355e+00
5.597884766757488251e-03
-9.410994127392768860e-03
1.225053310394287109e+00
4.814911186695098877e-01
2.658263146877288818e-01
4.213013499975204468e-02
-1.098145484924316406e+00
-1.425802111625671387e+00
3.181657791137695312e-01
1.897919476032257080e-01
-2.759452819824218750e+00
-1.583714604377746582e+00
1.630548477172851562e+00
9.307994842529296875e-01
1.125962734222412109e+00
1.869956135749816895e+00
1.005636334419250488e+00
-1.205746412277221680e+00
-1.022606134414672852e+00
7.832334637641906738e-01
-8.014007806777954102e-01
-3.305248975753784180e+00
5.683510303497314453e-01
-9.310678839683532715e-01
-1.740206122398376465e+00
-1.424333095550537109e+00
-1.709799915552139282e-01
9.394056200981140137e-01
1.893347620964050293e+00
-8.845723271369934082e-01
-4.096530675888061523e-01
1.051014184951782227e+00
7.196213603019714355e-01
-9.649017453193664551e-01
-6.176058650016784668e-01
-2.183323539793491364e-02
-8.462837338447570801e-01
3.512491881847381592e-01
2.111806631088256836e+00
-9.664984345436096191e-01
1.386398792266845703e+00
1.109580755233764648e+00
-2.900237031280994415e-02
-3.960013687610626221e-01
-1.881257653236389160e+00
-2.033246517181396484e+00
-1.262407451868057251e-01
2.563653707504272461e+00
-8.083090186119079590e-02
-2.570692062377929688e+00
-8.016562461853027344e-01
5.192528367042541504e-01
2.228109359741210938e+00
-1.060703158378601074e+00
-4.254283607006072998e-01
1.567404717206954956e-01
1.118538141250610352e+00
1.969770491123199463e-01
-1.856375932693481445e-01
-2.190084010362625122e-01
-2.039621584117412567e-02
1.393041014671325684e+00
8.448656201362609863e-01
2.243922054767608643e-01
7.310590893030166626e-02
-3.222822248935699463e-01
-7.875574827194213867e-01
2.273141443729400635e-01
-4.321344494819641113e-01
-4.325974881649017334e-01
-6.263238191604614258e-01
-1.017432808876037598e+00
-2.693040966987609863e-01
-3.040640056133270264e-01
8.244439959526062012e-01
-3.620876967906951904e-01
-1.775264143943786621e-01
-3.187854886054992676e-01
9.684813022613525391e-01
-3.634768128395080566e-01
3.476246893405914307e-01
-1.112851023674011230e+00
4.448630511760711670e-01
-9.647899866104125977e-01
6.011150479316711426e-01
-6.012238264083862305e-01
2.569327354431152344e-01
-1.015708446502685547e+00
8.202447295188903809e-01
8.665167689323425293e-01
2.809469401836395264e-01
-4.001847207546234131e-01
-9.528307914733886719e-01
-2.960747241973876953e+00
-2.066840887069702148e+00
1.346896648406982422e+00
2.296415805816650391e+00
1.267876505851745605e+00
1.846021771430969238e+00
1.661460399627685547e+00
6.862505674362182617e-01
-6.406940221786499023e-01
-1.695434927940368652e+00
-1.435829281806945801e+00
-3.286689817905426025e-01
-7.496840357780456543e-01
-2.288759350776672363e-01
4.929713010787963867e-01
-7.071801424026489258e-01
-2.887996733188629150e-01
-1.288949847221374512e+00
-2.831639051437377930e+00
-3.519987821578979492e+00
7.434918284416198730e-01
-7.228861749172210693e-02
1.993241757154464722e-01
3.938648104667663574e-01
-4.002315521240234375e+00
1.593042254447937012e+00
-2.009019404649734497e-01
6.091464161872863770e-01
1.292497515678405762e+00
-7.481671571731567383e-01
-1.725261092185974121e+00
-1.988555192947387695e+00
-5.952336311340332031e+00
-2.847973108291625977e+00
1.596315503120422363e+00
5.725306034088134766e+00
3.058355808258056641e+00
4.477051794528961182e-01
-6.020541191101074219e-01
-1.186298727989196777e+00
3.777265310287475586e+00
-1.620645999908447266e+00
-1.019811868667602539e+00
3.019093275070190430e+00
-1.616718173027038574e+00
2.235789537429809570e+00
1.791191458702087402e+00
1.432367444038391113e+00
9.608811140060424805e-01
-2.296742796897888184e-01
-1.364473223686218262e+00
-3.291160762310028076e-01
2.086578845977783203e+00
-1.195383787155151367e+00
1.053073883056640625e+00
2.510090172290802002e-01
-2.388073354959487915e-01
-1.941261291503906250e+00
-3.449717521667480469e+00
8.996480703353881836e-01
-5.089990496635437012e-01
8.386066555976867676e-01
7.110471129417419434e-01
7.259282469749450684e-01
-1.289061546325683594e+00
-4.503367245197296143e-01
2.481887340545654297e+00
-4.573781192302703857e-01
2.047050297260284424e-01
-1.323566079139709473e+00
5.427880287170410156e-01
-2.892148196697235107e-01
8.778053522109985352e-01
1.203737497329711914e+00
-2.216109931468963623e-01
1.626045823097229004e+00
2.927155971527099609e+00
-1.629858970642089844e+00
-5.774491429328918457e-01
4.316514968872070312e+00
1.034520387649536133e+00
-8.463635444641113281e-01
1.465275168418884277e+00
1.612410068511962891e+00
-6.357921957969665527e-01
-1.092652797698974609e+00
1.111550107598304749e-01
-1.304613351821899414e+00
-3.521664142608642578e+00
-1.909662723541259766e+00
-7.824800014495849609e-01
-3.524378538131713867e+00
9.700939655303955078e-01
-3.168694674968719482e-01
3.327238321304321289e+00
1.073367834091186523e+00
5.835674405097961426e-01
-1.595562100410461426e+00
9.493210315704345703e-01
-1.237280964851379395e+00
-6.808187961578369141e-01
-2.021952569484710693e-01
-7.987662553787231445e-01
-9.004114866256713867e-01
-1.269805550575256348e+00
3.145806550979614258e+00
-9.821619391441345215e-01
1.246470361948013306e-01
-2.557647228240966797e+00
4.070694446563720703e-01
-3.124376058578491211e+00
-2.145158529281616211e+00
-2.447268009185791016e+00
7.907538414001464844e-01
-2.575593948364257812e+00
-1.069357156753540039e+00
1.225117206573486328e+00
-3.377541601657867432e-01
1.453560888767242432e-01
-7.331423163414001465e-01
-7.768756151199340820e-01
1.631314873695373535e+00
-1.801982045173645020e+00
-1.750872015953063965e+00
-1.433274626731872559e+00
-2.444122552871704102e+00
-1.929094433784484863e+00
-3.537678956985473633e+00
1.312892585992813110e-01
1.202076911926269531e+00
1.276163339614868164e+00
-1.704392433166503906e+00
6.298714280128479004e-01
-2.347570657730102539e+00
-3.835951089859008789e-01
-2.490740567445755005e-01
-7.710636854171752930e-01
4.455474853515625000e+00
-1.849866747856140137e+00
9.827876687049865723e-01
-1.763262271881103516e+00
6.667230129241943359e-01
-3.809126615524291992e-01
-6.948058009147644043e-01
-2.098391532897949219e+00
1.802575826644897461e+00
4.874467551708221436e-01
-2.311916589736938477e+00
1.149737477302551270e+00
1.083448380231857300e-01
-7.100861072540283203e-01
-1.302324682474136353e-01
2.277452498674392700e-01
2.466654777526855469e+00
1.079962134361267090e+00
-8.399927616119384766e-01
2.053596675395965576e-01
5.751688480377197266e-01
-1.487226724624633789e+00
1.490471005439758301e+00
7.029572874307632446e-02
2.424507588148117065e-01
2.644009422510862350e-03
-2.719811163842678070e-02
1.366711616516113281e+00
2.389061003923416138e-01
3.125454187393188477e-01
1.400721073150634766e+00
-5.715573430061340332e-01
-1.742851287126541138e-01
-2.251237183809280396e-01
1.544572114944458008e-01
1.116717934608459473e+00
1.633667349815368652e-01
8.016327023506164551e-02
-1.556996703147888184e-01
-1.977884024381637573e-01
2.260687202215194702e-01
-5.610032677650451660e-01
1.563892066478729248e-01
-3.952349722385406494e-01
-2.174117118120193481e-01
-1.009332165122032166e-01
2.110289812088012695e+00
8.746439218521118164e-01
-6.429772973060607910e-01
9.017237424850463867e-01
5.461570024490356445e-01
2.268989980220794678e-01
8.127402663230895996e-01
4.162823259830474854e-01
-1.747481673955917358e-01
3.646134734153747559e-01
8.838887214660644531e-01
8.821164369583129883e-01
-2.392065078020095825e-01
-8.668969869613647461e-01
-2.231826782226562500e+00
-9.894428849220275879e-01
1.597636565566062927e-02
-1.136434078216552734e+00
-4.047991335391998291e-01
-2.044343471527099609e+00
-9.221104979515075684e-01
-5.639504909515380859e+00
-2.801461696624755859e+00
-9.155480861663818359e-01
5.721884593367576599e-02
3.983834385871887207e-01
-4.532746374607086182e-01
-8.606858253479003906e-01
-9.282417893409729004e-01
-7.891701459884643555e-01
4.890753924846649170e-01
-1.474373340606689453e+00
-1.694317340850830078e+00
-4.081042706966400146e-01
5.026472210884094238e-01
-3.106583356857299805e-01
2.586890757083892822e-01
1.230184137821197510e-01
1.429158091545104980e+00
1.096519827842712402e+00
1.707908153533935547e+00
8.624930977821350098e-01
4.656359851360321045e-01
-4.477766156196594238e-02
-4.779913723468780518e-01
-1.490020871162414551e+00
-8.223174214363098145e-01
3.390718623995780945e-02
4.040995836257934570e-01
2.297730445861816406e-01
-3.788210153579711914e-01
5.959577560424804688e-01
-9.198751449584960938e-01
-7.474167346954345703e-01
-3.991947472095489502e-01
-1.254285693168640137e+00
2.724206149578094482e-01
-1.736358165740966797e+00
-3.159753084182739258e-01
8.731430172920227051e-01
-5.235608816146850586e-01
4.569979012012481689e-01
-1.255020141601562500e+00
-8.585941791534423828e-01
1.357099533081054688e+00
8.022021055221557617e-01
1.002905964851379395e+00
-5.500020384788513184e-01
-9.575091004371643066e-01
4.123544692993164062e-01
9.312839061021804810e-02
7.725356221199035645e-01
3.790635168552398682e-01
-1.477162241935729980e-01
-3.013815879821777344e-01
2.934649884700775146e-01
-7.463032845407724380e-03
1.484376937150955200e-01
1.279521733522415161e-01
-1.119982749223709106e-01
-5.983018875122070312e-01
-6.865029931068420410e-01
-1.015405058860778809e+00
-7.066532373428344727e-01
1.491349101066589355e+00
1.258088827133178711e+00
9.173926711082458496e-02
6.693575978279113770e-01
5.784580707550048828e-01
1.098052620887756348e+00
9.923678040504455566e-01
9.387989044189453125e-01
3.564863204956054688e-01
1.335884779691696167e-01
-2.553330659866333008e-01
-3.115684688091278076e-01
3.189641237258911133e-01
-1.716346293687820435e-01
-1.559870690107345581e-01
3.275756910443305969e-02
-1.894322782754898071e-02
8.314908295869827271e-02
-9.482802152633666992e-01
6.743765622377395630e-02
-7.675988674163818359e-01
-3.104613348841667175e-02
-1.665800452232360840e+00
-2.856222689151763916e-01
-1.249862909317016602e+00
2.682053744792938232e-01
5.959417819976806641e-01
7.160766720771789551e-01
-2.650569081306457520e-01
-1.054108738899230957e+00
-6.026768088340759277e-01
-7.377886772155761719e-01
2.087041854858398438e+00
2.039891719818115234e+00
1.466808080673217773e+00
2.724365890026092529e-01
-6.829743385314941406e-01
-1.227876424789428711e+00
-3.129895031452178955e-01
5.694741010665893555e-02
7.368496060371398926e-01
2.991492152214050293e-01
2.010007053613662720e-01
1.669912189245223999e-01
-2.604849636554718018e-02
-8.788561820983886719e-01
1.018622815608978271e-01
-5.531156063079833984e-01
4.632090330123901367e-01
-3.254756033420562744e-01
4.038441181182861328e-01
7.302606850862503052e-02
2.976802587509155273e-01
3.141261637210845947e-01
4.830932244658470154e-02
-4.738026484847068787e-02
2.489013820886611938e-01
-1.593081802129745483e-01
3.253403306007385254e-02
-6.362392306327819824e-01
-9.082617610692977905e-02
-1.454808562994003296e-01
9.776782393455505371e-01
-8.089052438735961914e-01
-2.434223175048828125e+00
-1.256776571273803711e+00
-8.261814117431640625e-01
-5.495709776878356934e-01
-1.897527933120727539e+00
-6.384107470512390137e-01
-1.977138876914978027e+00
-5.614662766456604004e-01
1.257609844207763672e+00
-8.111830800771713257e-02
-2.772555947303771973e-01
-5.608755350112915039e-01
1.935760974884033203e-01
5.026791691780090332e-01
1.078620910644531250e+00
1.173576116561889648e+00
8.008130192756652832e-01
3.284165263175964355e-01
5.597608089447021484e-01
1.113466098904609680e-01
-5.169186592102050781e-01
-5.336679220199584961e-01
-2.553011476993560791e-01
-4.418423175811767578e-01
-7.839649319648742676e-01
-7.217260003089904785e-01
-6.006171107292175293e-01
-1.549013257026672363e-01
5.924450755119323730e-01
6.601925492286682129e-01
7.989448904991149902e-01
3.037476837635040283e-01
-2.949788570404052734e-01
1.481289982795715332e+00
9.814624190330505371e-01
4.525112211704254150e-01
3.103314340114593506e-02
-2.616878747940063477e-01
-3.421610295772552490e-01
-1.620864272117614746e-01
-3.019883334636688232e-01
4.184059202671051025e-01
6.139524579048156738e-01
-3.737914264202117920e-01
-4.719239473342895508e-01
-5.061410069465637207e-01
-7.348613440990447998e-02
-1.273584216833114624e-01
4.719908237457275391e-01
1.163500905036926270e+00
1.200799584388732910e+00
1.317203640937805176e-01
-4.174394905567169189e-02
-6.237691044807434082e-01
-4.188659787178039551e-01
6.136171221733093262e-01
-1.421597450971603394e-01
-1.442459784448146820e-02
3.402320146560668945e-01
5.270021781325340271e-02
-2.528208494186401367e-02
7.105042338371276855e-01
2.211828529834747314e-01
-1.075914129614830017e-01
-2.832272350788116455e-01
-3.240332007408142090e-02
1.336007237434387207e+00
8.237838628701865673e-04
4.459328353404998779e-01
9.790034890174865723e-01
8.938520550727844238e-01
3.207683861255645752e-01
1.079935654997825623e-01
-1.045257672667503357e-01
1.051908373832702637e+00
1.030416846275329590e+00
1.997872143983840942e-01
-4.071462750434875488e-01
2.457718700170516968e-01
5.807572603225708008e-01
9.221827238798141479e-02
-4.906211793422698975e-01
6.745362281799316406e-02
7.475049793720245361e-02
-2.459924370050430298e-01
-5.485490560531616211e-01
-8.920927047729492188e-01
-5.390168428421020508e-01
-7.685568928718566895e-01
-2.118392586708068848e-01
-6.661931276321411133e-01
2.415566146373748779e-01
1.909575313329696655e-01
5.916945934295654297e-01
1.038741096854209900e-01
6.808696985244750977e-01
-3.321763128042221069e-02
-7.500832080841064453e-01
-2.161343544721603394e-01
-6.803876757621765137e-01
-3.269924819469451904e-01
-5.511357188224792480e-01
-1.777818799018859863e-01
-2.066765353083610535e-02
8.934050202369689941e-01
1.507848352193832397e-01
-1.433891952037811279e-01
-3.075288236141204834e-01
5.230369567871093750e-01
4.990601167082786560e-02
-8.550016283988952637e-01
-5.929849147796630859e-01
-5.569636225700378418e-01
-3.494578897953033447e-01
-9.338461756706237793e-01
-2.403666637837886810e-02
-7.717822194099426270e-01
6.010831594467163086e-01
-4.818553626537322998e-01
-3.731846809387207031e-01
1.343032717704772949e+00
-2.301692515611648560e-01
1.372236132621765137e+00
2.317369729280471802e-01
-1.076222896575927734e+00
5.680370703339576721e-02
1.184093952178955078e-02
2.323783159255981445e+00
9.790194630622863770e-01
-1.724968403577804565e-01
-7.022303938865661621e-01
2.575085878372192383e+00
3.792002677917480469e+00
9.960401654243469238e-01
7.567657530307769775e-02
8.088922500610351562e-01
1.038001179695129395e+00
8.237838628701865673e-04
-3.218191862106323242e-01
-6.121771335601806641e-01
1.778465747833251953e+00
1.353139758110046387e+00
-4.873639345169067383e-01
-1.118854522705078125e+00
-5.316401124000549316e-01
7.059856057167053223e-01
-4.003922641277313232e-01
1.446056365966796875e-01
1.261159926652908325e-01
5.469074845314025879e-01
1.462960004806518555e+00
8.626368045806884766e-01
5.978951603174209595e-02
7.578141689300537109e-01
-6.247909665107727051e-01
-1.969027638435363770e+00
-3.815672993659973145e-01
8.461749553680419922e-01
-1.661409497261047363e+00
-8.083782792091369629e-01
-1.363371491432189941e+00
3.538113117218017578e+00
-8.098472356796264648e-01
7.382227778434753418e-01
-5.908772945404052734e-01
1.749587059020996094e-01
-8.303487300872802734e-01
-1.388870596885681152e+00
1.580699920654296875e+00
-1.716367602348327637e+00
2.220769971609115601e-01
-6.137099862098693848e-01
7.542216181755065918e-01
-8.365439176559448242e-01
1.727898716926574707e+00
-7.065999507904052734e-02
6.087632179260253906e-01
1.018463149666786194e-01
1.631666183471679688e+00
6.059370636940002441e-01
3.765088021755218506e-01
7.523534893989562988e-01
2.311940938234329224e-01
-7.667207121849060059e-01
6.170554459095001221e-02
1.531042814254760742e+00
8.453606367111206055e-01
8.260247111320495605e-01
-1.688569188117980957e+00
-1.577615261077880859e+00
-6.041138768196105957e-01
1.645717024803161621e+00
5.845808029174804688e+00
-1.459971189498901367e+00
9.925115108489990234e-01
1.999814867973327637e+00
1.080999970436096191e+00
8.144327402114868164e-01
2.833739221096038818e-01
1.788413166999816895e+00
2.368665933609008789e+00
2.229711413383483887e-01
-8.873984813690185547e-01
-1.458645939826965332e+00
-5.854645371437072754e-01
-1.094914749264717102e-01
2.072320461273193359e+00
2.779451608657836914e-01
-7.995166778564453125e-01
8.701412677764892578e-01
1.171883583068847656e+00
1.333995461463928223e+00
1.769385933876037598e-01
-9.746298193931579590e-03
-1.039275527000427246e+00
-2.019371271133422852e+00
-1.004419803619384766e+00
-8.746408820152282715e-01
1.317682564258575439e-01
2.276425361633300781e+00
-5.695934295654296875e-01
-1.027507901191711426e+00
-1.359683156013488770e+00
1.631299018859863281e+00
-9.242979288101196289e-01
1.655701696872711182e-01
-2.101696491241455078e+00
-2.646008014678955078e+00
-1.944694161415100098e+00
-1.560211420059204102e+00
1.779743194580078125e+00
1.119192838668823242e+00
-8.680945038795471191e-01
3.544000536203384399e-02
-4.668464958667755127e-01
7.728709578514099121e-01
1.977753937244415283e-01
1.455918669700622559e+00
-3.088860213756561279e-01
7.402824759483337402e-01
2.542343139648437500e-01
7.103605270385742188e-01
-5.694337487220764160e-01
9.497042894363403320e-01
1.202731609344482422e+00
7.406816482543945312e-01
-9.404724240303039551e-01
-3.310965061187744141e+00
4.309718608856201172e-01
-1.108646243810653687e-01
9.904677271842956543e-01
-5.225868821144104004e-01
1.029043793678283691e+00
5.453485488891601562e+00
3.232235431671142578e+00
1.974730849266052246e+00
-3.894230127334594727e-01
1.222450733184814453e+00
4.203150272369384766e+00
1.665755510330200195e+00
4.020558297634124756e-01
-2.257144898176193237e-01
-4.727861583232879639e-01
-1.134086966514587402e+00
-6.012398004531860352e-01
-2.518161058425903320e+00
-4.562125205993652344e-01
1.969381928443908691e+00
-5.667992234230041504e-01
2.371976524591445923e-01
3.222224235534667969e+00
1.730533242225646973e+00
3.173568844795227051e-02
-1.133240699768066406e+00
-1.345680236816406250e+00
-3.506713807582855225e-01
1.609983205795288086e+00
-7.583380937576293945e-01
-1.193467855453491211e+00
-1.789974927902221680e+00
3.499293327331542969e-02
1.400710493326187134e-01
5.131215453147888184e-01
2.204494476318359375e+00
-4.842982888221740723e-01
4.416217803955078125e-01
4.188849329948425293e-01
1.697226285934448242e+00
2.034271478652954102e+00
-1.873928904533386230e+00
-4.158322513103485107e-01
1.239886522293090820e+00
1.934323906898498535e-01
-3.098813056945800781e+00
2.460752427577972412e-01
2.682852149009704590e-01
-1.508398771286010742e+00
1.280570149421691895e+00
6.828815340995788574e-01
9.658467769622802734e-01
2.500313043594360352e+00
5.538530945777893066e-01
1.824791133403778076e-01
9.451750665903091431e-02
1.038208723068237305e+00
2.226912021636962891e+00
-6.607005000114440918e-01
4.015608429908752441e-01
3.274265825748443604e-01
-1.116826772689819336e+00
-1.297460198402404785e+00
-2.540981955826282501e-02
-2.529864788055419922e+00
-2.895793914794921875e+00
-8.830340951681137085e-02
-2.451307535171508789e+00
-9.531820416450500488e-01
6.526561975479125977e-01
-3.187641128897666931e-02
-6.831912517547607422e+00
-3.645024538040161133e+00
5.824428558349609375e+00
-3.320641040802001953e+00
-4.284801959991455078e+00
9.714192152023315430e-01
6.102427959442138672e+00
1.317166328430175781e+00
2.751344442367553711e+00
4.901190757751464844e+00
-5.815845727920532227e-01
-1.002503752708435059e+00
-6.781523227691650391e-01
1.598087787628173828e+00
2.934133529663085938e+00
3.100492477416992188e+00
-6.102930307388305664e-01
-2.913010492920875549e-02
-3.099339962005615234e+00
9.349668025970458984e-01
1.935282051563262939e-01
-3.444762229919433594e-01
-9.851158261299133301e-01
1.610669732093811035e+00
3.092445135116577148e+00
7.617100477218627930e-01
-1.693167686462402344e+00
-1.686222076416015625e+00
5.649500489234924316e-01
-6.382670402526855469e-01
-2.344696760177612305e+00
-1.026709556579589844e+00
-3.621377468109130859e+00
-2.205816745758056641e+00
-7.013841867446899414e-01
1.161872386932373047e+00
-3.314541816711425781e+00
-1.508366823196411133e+00
1.840273618698120117e+00
-9.796337783336639404e-02
1.457674980163574219e+00
3.251156091690063477e+00
1.091809630393981934e+00
-4.274774551391601562e+00
1.871121644973754883e+00
3.028881072998046875e+00
-2.168528586626052856e-01
2.046693563461303711e+00
1.265002489089965820e+00
1.202683687210083008e+00
2.150382518768310547e+00
-1.361247897148132324e+00
-4.744536399841308594e+00
-6.818675994873046875e+00
-9.511542320251464844e-01
-2.296253204345703125e+00
8.257532715797424316e-01
5.275875329971313477e-01
-1.366948127746582031e+00
3.116619110107421875e+00
4.031043052673339844e+00
7.071554660797119141e+00
1.080309133976697922e-02
6.155900955200195312e+00
1.022305727005004883e+00
9.079029560089111328e-01
6.313723325729370117e-01
7.497403025627136230e-02
-1.248441815376281738e+00
-5.990523695945739746e-01
-1.483187079429626465e+00
1.444454431533813477e+00
-1.692608833312988281e+00
-5.943740606307983398e-01
3.740818202495574951e-01
-2.771438360214233398e-01
7.121328711509704590e-01
-6.472085118293762207e-01
1.238007918000221252e-01
-1.092509150505065918e+00
7.590011507272720337e-02
-1.037343502044677734e+00
3.027396202087402344e+00
1.046591401100158691e+00
1.157321810722351074e+00
-1.439161002635955811e-01
-5.425136089324951172e-01
-1.897511959075927734e+00
-9.196994900703430176e-01
7.921908497810363770e-01
-1.733228564262390137e+00
-1.851426213979721069e-01
-1.978160738945007324e+00
-1.991136521100997925e-01
-3.335442304611206055e+00
7.496550679206848145e-01
-9.525913000106811523e-01
-2.894064188003540039e-01
-2.284277915954589844e+00
1.913593649864196777e+00
-5.872209072113037109e-01
1.614884972572326660e+00
-2.518203556537628174e-01
1.997818946838378906e+00
-3.064276695251464844e+00
-8.094959855079650879e-01
-2.964723110198974609e+00
-2.668233871459960938e+00
-3.876097202301025391e+00
-3.875059366226196289e+00
-2.868043422698974609e+00
-3.627636432647705078e+00
-5.173199653625488281e+00
-3.476956844329833984e+00
-3.812389373779296875e+00
-1.919594168663024902e+00
-2.818498373031616211e+00
-2.220250844955444336e+00
-1.416030287742614746e+00
-1.932224035263061523e+00
-2.369237899780273438e+00
-2.546518325805664062e+00
3.924012556672096252e-02
1.899814128875732422e+00
3.712966680526733398e+00
-5.784391164779663086e-01
-9.427077770233154297e-01
-9.246811270713806152e-01
-1.429171085357666016e+00
5.611978173255920410e-01
1.908611893653869629e+00
-6.796053051948547363e-01
1.284685358405113220e-02
-7.255580425262451172e-01
-2.774653196334838867e+00
-3.015897035598754883e+00
-3.615836858749389648e+00
-4.791160106658935547e+00
-5.092535018920898438e+00
-4.976982593536376953e+00
-7.168917655944824219e+00
-1.069538211822509766e+01
-7.544443130493164062e+00
-5.857740402221679688e+00
-4.155310153961181641e+00
-3.205919027328491211e+00
-1.223405718803405762e+00
-5.382344722747802734e-01
-2.060432732105255127e-01
6.081782817840576172e+00
1.163715934753417969e+01
9.807209968566894531e+00
1.015873622894287109e+01
8.203543663024902344e+00
4.265548706054687500e+00
8.750057220458984375e+00
6.192593097686767578e+00
8.631791114807128906e+00
9.122485160827636719e+00
2.309987783432006836e+00
1.516624689102172852e+00
7.416556477546691895e-01
-1.043730258941650391e+00
-4.569443702697753906e+00
-5.782240867614746094e+00
-4.265960693359375000e+00
-9.285713195800781250e+00
-9.413064956665039062e+00
-8.007946014404296875e+00
-8.671074867248535156e+00
-4.638436794281005859e+00
-3.617689132690429688e+00
5.607837677001953125e+00
9.194911003112792969e+00
1.039938926696777344e+01
1.149817347526550293e+00
5.948603153228759766e+00
3.129360675811767578e+00
2.199113607406616211e+00
6.630708694458007812e+00
-1.156568288803100586e+00
7.393303394317626953e+00
3.165238380432128906e+00
6.178483963012695312e-01
7.113984227180480957e-01
-8.189643621444702148e-01
5.728217363357543945e-01
-4.553982317447662354e-01
-4.490114748477935791e-01
-7.281452178955078125e+00
-8.453135490417480469e+00
-3.223370790481567383e+00
1.299474954605102539e+00
9.686889052391052246e-01
-7.148128509521484375e+00
-2.098998069763183594e+00
3.412858247756958008e-01
1.322291731834411621e+00
6.495979785919189453e+00
7.548309803009033203e+00
5.804501533508300781e+00
-8.095439076423645020e-01
9.174830913543701172e-01
1.883543968200683594e+00
-2.599368572235107422e+00
4.398872375488281250e+00
1.973198056221008301e+00
8.833937644958496094e-01
7.784912586212158203e-01
-6.968336105346679688e-01
-1.002136588096618652e+00
-1.774950146675109863e+00
-1.732558012008666992e+00
-4.556856155395507812e-01
4.728844165802001953e+00
7.072948813438415527e-01
4.612078189849853516e+00
3.861847221851348877e-01
2.983582973480224609e+00
-4.605528831481933594e+00
-2.473916769027709961e+00
-2.429113626480102539e+00
1.209773063659667969e+00
-1.266755819320678711e+00
3.778590440750122070e+00
3.544244527816772461e+00
4.843518257141113281e+00
3.689319610595703125e+00
2.624966621398925781e+00
5.639579772949218750e+00
-7.501564025878906250e+00
-1.168575406074523926e+00
1.519398670643568039e-02
2.170421123504638672e+00
1.133962154388427734e+00
6.714790344238281250e+00
2.804673910140991211e+00
-4.601244330406188965e-01
-4.509312152862548828e+00
-4.288537979125976562e+00
-3.108339905738830566e-01
-1.703929305076599121e+00
-3.201879262924194336e+00
-4.964831829071044922e+00
-5.147333145141601562e+00
-3.247879981994628906e+00
-5.074891567230224609e+00
-2.007156610488891602e+00
-1.685551524162292480e+00
2.938961088657379150e-01
2.142851650714874268e-01
-1.356585621833801270e+00
-2.792834043502807617e-01
-3.411072194576263428e-01
-4.406288564205169678e-01
7.560577988624572754e-01
1.200975298881530762e+00
2.001507282257080078e+00
1.111528754234313965e+00
5.594095587730407715e-01
1.331807971000671387e+00
1.274391055107116699e+00
1.307346701622009277e+00
4.944243133068084717e-01
4.289281070232391357e-01
2.745122909545898438e-01
-6.427217721939086914e-01
-1.015149593353271484e+00
-1.316684365272521973e+00
7.090033888816833496e-01
5.908004641532897949e-01
