1.439504623413085938e+00
1.358568429946899414e+00
9.369626641273498535e-01
5.625550150871276855e-01
3.224768340587615967e-01
1.983980983495712280e-01
1.485015600919723511e-01
1.365104317665100098e-01
1.386180520057678223e-01
1.433282941579818726e-01
1.464098989963531494e-01
1.468889117240905762e-01
1.458191275596618652e-01
1.430887877941131592e-01
1.392088383436203003e-01
1.355045139789581299e-01
1.327103078365325928e-01
1.309060454368591309e-01
1.273614019155502319e-01
1.245991364121437073e-01
1.212460845708847046e-01
1.183241456747055054e-01
1.170467957854270935e-01
1.157375052571296692e-01
1.142366230487823486e-01
1.121609210968017578e-01
1.110113039612770081e-01
1.113785430788993835e-01
1.113466098904609680e-01
1.116819158196449280e-01
1.120810881257057190e-01
1.105961650609970093e-01
1.094944551587104797e-01
1.100692600011825562e-01
1.118575558066368103e-01
1.133744046092033386e-01
1.141567826271057129e-01
1.137256771326065063e-01
1.124004274606704712e-01
1.105163320899009705e-01
1.090633496642112732e-01
1.073389202356338501e-01
1.051195263862609863e-01
1.038900762796401978e-01
1.056943312287330627e-01
1.066204085946083069e-01
1.070515215396881104e-01
1.081372648477554321e-01
1.102608665823936462e-01
1.113785430788993835e-01
1.108037382364273071e-01
1.094944551587104797e-01
1.093188151717185974e-01
1.107239052653312683e-01
1.113785430788993835e-01
1.125121936202049255e-01
1.142206564545631409e-01
1.167114898562431335e-01
1.174938678741455078e-01
1.163442507386207581e-01
1.136139109730720520e-01
1.145240217447280884e-01
1.142206564545631409e-01
1.147315949201583862e-01
1.150669008493423462e-01
1.153542995452880859e-01
1.154501065611839294e-01
1.163282841444015503e-01
1.160249114036560059e-01
1.173022612929344177e-01
1.188510507345199585e-01
1.183241456747055054e-01
1.171425953507423401e-01
1.187073513865470886e-01
1.208788454532623291e-01
1.231621131300926208e-01
1.246470361948013306e-01
1.250142753124237061e-01
1.259243786334991455e-01
1.300917416810989380e-01
1.318480968475341797e-01
1.316405236721038818e-01
1.311136186122894287e-01
1.312413513660430908e-01
1.296925693750381470e-01
1.273614019155502319e-01
1.257168203592300415e-01
1.239604577422142029e-01
1.226990744471549988e-01
1.210704520344734192e-01
1.174140349030494690e-01
1.170787289738655090e-01
1.176216006278991699e-01
1.192502230405807495e-01
1.225713342428207397e-01
1.251899003982543945e-01
1.261958181858062744e-01
1.253495812416076660e-01
1.262117922306060791e-01
1.287984251976013184e-01
1.299161016941070557e-01
1.299320757389068604e-01
1.296446770429611206e-01
1.296446770429611206e-01
1.292455047369003296e-01
1.294051706790924072e-01
1.293891966342926025e-01
1.314329504966735840e-01
1.338758915662765503e-01
1.337481588125228882e-01
1.312094181776046753e-01
1.288942247629165649e-01
1.278723478317260742e-01
1.270580291748046875e-01
1.276168823242187500e-01
1.281437873840332031e-01
1.272336691617965698e-01
1.259563118219375610e-01
1.279521733522415161e-01
1.298841685056686401e-01
1.310816854238510132e-01
1.322472691535949707e-01
1.336363852024078369e-01
1.291017979383468628e-01
1.261638849973678589e-01
1.275849342346191406e-01
1.313690841197967529e-01
1.346901953220367432e-01
1.368776708841323853e-01
1.380432546138763428e-01
1.377877742052078247e-01
1.390331983566284180e-01
1.398794353008270264e-01
1.409332603216171265e-01
1.415559649467468262e-01
1.414761245250701904e-01
1.395281702280044556e-01
1.376919746398925781e-01
1.365423649549484253e-01
1.355364471673965454e-01
1.352490484714508057e-01
1.346423029899597168e-01
1.346103698015213013e-01
1.357280462980270386e-01
1.363188177347183228e-01
1.375323086977005005e-01
1.381869465112686157e-01
1.384264528751373291e-01
1.378835737705230713e-01
1.371331363916397095e-01
1.383625864982604980e-01
1.393685042858123779e-01
1.406777799129486084e-01
1.416677385568618774e-01
1.426417082548141479e-01
1.421627104282379150e-01
1.416198313236236572e-01
1.416677385568618774e-01
1.426257491111755371e-01
1.438551992177963257e-01
1.437114924192428589e-01
1.424660831689834595e-01
1.411248594522476196e-01
1.406937539577484131e-01
1.402626484632492065e-01
1.393525302410125732e-01
1.377558410167694092e-01
1.360952854156494141e-01
1.345305293798446655e-01
1.346901953220367432e-01
1.361272186040878296e-01
1.374684423208236694e-01
1.384264528751373291e-01
1.396878361701965332e-01
1.408214867115020752e-01
1.422904431819915771e-01
1.428652554750442505e-01
1.424501091241836548e-01
1.411727517843246460e-01
1.410609930753707886e-01
1.394802629947662354e-01
1.382667869329452515e-01
1.386499851942062378e-01
1.408534198999404907e-01
1.436156928539276123e-01
1.453401148319244385e-01
1.462821662425994873e-01
1.471443772315979004e-01
1.481023877859115601e-01
1.487570255994796753e-01
1.475914567708969116e-01
1.461225003004074097e-01
1.446695029735565186e-01
1.438871324062347412e-01
1.424660831689834595e-01
1.412685662508010864e-01
1.394323706626892090e-01
1.377398818731307983e-01
1.369894295930862427e-01
1.359675526618957520e-01
1.345943957567214966e-01
1.351372748613357544e-01
1.363826841115951538e-01
1.385701596736907959e-01
1.398155689239501953e-01
1.405500471591949463e-01
1.408693939447402954e-01
1.410929262638092041e-01
1.407097131013870239e-01
1.405819803476333618e-01
1.409492194652557373e-01
1.407735794782638550e-01
1.404063552618026733e-01
1.398315429687500000e-01
1.390172243118286133e-01
1.380592137575149536e-01
1.380592137575149536e-01
1.382348537445068359e-01
1.385222524404525757e-01
1.385382264852523804e-01
1.391449570655822754e-01
1.393365710973739624e-01
1.398155689239501953e-01
1.403105407953262329e-01
1.400391161441802979e-01
1.396080106496810913e-01
1.395760625600814819e-01
1.393205970525741577e-01
1.399433016777038574e-01
1.407895535230636597e-01
1.416198313236236572e-01
1.429610550403594971e-01
1.451964229345321655e-01
1.472082436084747314e-01
1.479267477989196777e-01
1.471443772315979004e-01
1.457552611827850342e-01
1.451485157012939453e-01
1.444300115108489990e-01
1.442703306674957275e-01
1.438551992177963257e-01
1.433442533016204834e-01
1.430089473724365234e-01
1.426097750663757324e-01
1.422904431819915771e-01
1.413962990045547485e-01
1.409651935100555420e-01
1.403265148401260376e-01
1.419391632080078125e-01
1.427534818649291992e-01
1.429131478071212769e-01
1.430089473724365234e-01
1.429450809955596924e-01
1.421786695718765259e-01
1.414282321929931641e-01
1.409811526536941528e-01
1.407735794782638550e-01
1.397038102149963379e-01
1.385382264852523804e-01
1.372768431901931763e-01
1.360154598951339722e-01
1.366062313318252563e-01
1.389373987913131714e-01
1.404702216386795044e-01
1.400391161441802979e-01
1.387777179479598999e-01
1.374365091323852539e-01
1.352969408035278320e-01
1.336204260587692261e-01
1.325506418943405151e-01
1.317842304706573486e-01
1.315606832504272461e-01
1.304270476102828979e-01
1.302673816680908203e-01
1.308262199163436890e-01
1.312573254108428955e-01
1.319598555564880371e-01
1.334607452154159546e-01
1.340674906969070435e-01
1.343548893928527832e-01
1.348977684974670410e-01
1.339078247547149658e-01
1.309220194816589355e-01
1.301077157258987427e-01
1.302354484796524048e-01
1.302194744348526001e-01
1.318161636590957642e-01
1.346103698015213013e-01
1.373407095670700073e-01
1.383306533098220825e-01
1.402626484632492065e-01
1.405340880155563354e-01
1.389533579349517822e-01
1.376281082630157471e-01
1.362230181694030762e-01
1.347540616989135742e-01
1.349137425422668457e-01
1.352490484714508057e-01
1.347700357437133789e-01
1.343069970607757568e-01
1.344666630029678345e-01
1.340515315532684326e-01
1.342750638723373413e-01
1.347381025552749634e-01
1.351532340049743652e-01
1.353767812252044678e-01
1.353608071804046631e-01
1.351372748613357544e-01
1.348498761653900146e-01
1.346263289451599121e-01
1.350255012512207031e-01
1.344985961914062500e-01
1.338120251893997192e-01
1.333010792732238770e-01
1.318959891796112061e-01
1.308581531047821045e-01
1.289740651845932007e-01
1.285748928785324097e-01
1.284950524568557739e-01
1.284152269363403320e-01
1.290698647499084473e-01
1.294530630111694336e-01
1.292135715484619141e-01
1.283992528915405273e-01
1.288463324308395386e-01
1.293413043022155762e-01
1.298043429851531982e-01
1.301396489143371582e-01
1.308900862932205200e-01
1.308741122484207153e-01
1.300438493490219116e-01
1.295648366212844849e-01
1.290698647499084473e-01
1.295169293880462646e-01
1.298682093620300293e-01
1.303791403770446777e-01
1.313531249761581421e-01
1.325506418943405151e-01
1.332531869411468506e-01
1.321195363998413086e-01
1.315287500619888306e-01
1.301556080579757690e-01
1.286706924438476562e-01
1.265151649713516235e-01
1.254453808069229126e-01
1.247268691658973694e-01
1.239285245537757874e-01
1.234814524650573730e-01
1.229385733604431152e-01
1.232100129127502441e-01
1.235612854361534119e-01
1.236890181899070740e-01
1.235612854361534119e-01
1.242797970771789551e-01
1.267706304788589478e-01
1.278563737869262695e-01
1.274093091487884521e-01
1.262277513742446899e-01
1.248705685138702393e-01
1.247268691658973694e-01
1.242478638887405396e-01
1.231940463185310364e-01
1.233217790722846985e-01
1.238167583942413330e-01
1.249344348907470703e-01
1.254294067621231079e-01
1.257008463144302368e-01
1.264353245496749878e-01
1.280479878187179565e-01
1.297883689403533936e-01
1.299640089273452759e-01
1.281916797161102295e-01
1.274731755256652832e-01
1.273294687271118164e-01
1.275370419025421143e-01
1.266428977251052856e-01
1.263235509395599365e-01
1.227629408240318298e-01
1.210544854402542114e-01
1.219166964292526245e-01
1.243596300482749939e-01
1.272017359733581543e-01
1.301875412464141846e-01
1.324069350957870483e-01
1.334128528833389282e-01
1.340674906969070435e-01
1.346582621335983276e-01
1.348019689321517944e-01
1.339078247547149658e-01
1.331414133310317993e-01
1.318640559911727905e-01
1.305547803640365601e-01
1.286068260669708252e-01
1.267865896224975586e-01
1.255571395158767700e-01
1.256369799375534058e-01
1.259084194898605347e-01
1.262117922306060791e-01
1.277765482664108276e-01
1.289101988077163696e-01
1.296446770429611206e-01
1.302035152912139893e-01
1.303791403770446777e-01
1.300438493490219116e-01
1.295967698097229004e-01
1.292614638805389404e-01
1.294211298227310181e-01
1.294530630111694336e-01
1.287664920091629028e-01
1.277925074100494385e-01
1.276009082794189453e-01
1.282076537609100342e-01
1.287026256322860718e-01
1.287664920091629028e-01
1.290858238935470581e-01
1.297245025634765625e-01
1.302993148565292358e-01
1.297404766082763672e-01
1.287505179643630981e-01
1.279681473970413208e-01
1.275530010461807251e-01
1.278084814548492432e-01
1.280639469623565674e-01
1.277605742216110229e-01
1.269462704658508301e-01
1.259722858667373657e-01
1.259084194898605347e-01
1.270740032196044922e-01
1.276168823242187500e-01
1.278084814548492432e-01
1.283513456583023071e-01
1.286547183990478516e-01
1.291177570819854736e-01
1.300598084926605225e-01
1.310816854238510132e-01
1.314169913530349731e-01
1.305707544088363647e-01
1.331573724746704102e-01
1.342590898275375366e-01
1.348658353090286255e-01
1.330296397209167480e-01
1.297245025634765625e-01
1.265470981597900391e-01
1.240402907133102417e-01
1.229066401720046997e-01
1.214376911520957947e-01
1.202082410454750061e-01
1.192023232579231262e-01
1.187233179807662964e-01
1.194577962160110474e-01
1.202721074223518372e-01
1.207511126995086670e-01
1.205435395240783691e-01
1.210864186286926270e-01
1.219486296176910400e-01
1.221242621541023254e-01
1.218528300523757935e-01
1.213259175419807434e-01
1.212141513824462891e-01
1.216931566596031189e-01
1.212301179766654968e-01
1.211023852229118347e-01
1.200964674353599548e-01
1.184359118342399597e-01
1.177812665700912476e-01
1.177652999758720398e-01
1.175258010625839233e-01
1.166955232620239258e-01
1.165518164634704590e-01
1.163442507386207581e-01
1.154181733727455139e-01
1.135181114077568054e-01
1.117936819791793823e-01
1.117777153849601746e-01
1.122886613011360168e-01
1.129752323031425476e-01
1.133584380149841309e-01
1.131668388843536377e-01
1.132307052612304688e-01
1.133265048265457153e-01
1.138055101037025452e-01
1.147475615143775940e-01
1.160568445920944214e-01
1.171745285391807556e-01
1.176375672221183777e-01
1.171585619449615479e-01
1.165198832750320435e-01
1.166955232620239258e-01
1.157854050397872925e-01
1.145240217447280884e-01
1.131349056959152222e-01
1.122247949242591858e-01
1.123684942722320557e-01
1.117138490080833435e-01
1.108516380190849304e-01
1.095423549413681030e-01
1.100053936243057251e-01
1.105961650609970093e-01
1.116499826312065125e-01
1.137256771326065063e-01
1.144282221794128418e-01
1.143483892083168030e-01
1.142685562372207642e-01
1.130391061305999756e-01
1.114583835005760193e-01
1.087759435176849365e-01
1.077221259474754333e-01
1.075145602226257324e-01
1.077700257301330566e-01
1.084246709942817688e-01
1.090633496642112732e-01
1.100053936243057251e-01
1.115701496601104736e-01
1.124642938375473022e-01
1.133903712034225464e-01
1.135819777846336365e-01
1.133265048265457153e-01
1.132147386670112610e-01
1.132466718554496765e-01
1.124483272433280945e-01
1.110911443829536438e-01
1.100532934069633484e-01
1.091112494468688965e-01
1.077700257301330566e-01
1.074506938457489014e-01
1.071952208876609802e-01
1.069078147411346436e-01
1.069078147411346436e-01
1.041934415698051453e-01
1.023253202438354492e-01
1.028043255209922791e-01
1.038741096854209900e-01
1.050237193703651428e-01
1.079137325286865234e-01
1.098776608705520630e-01
1.104684323072433472e-01
1.099574938416481018e-01
1.085683703422546387e-01
1.078179255127906799e-01
1.074027866125106812e-01
1.065405756235122681e-01
1.060615703463554382e-01
1.067800819873809814e-01
1.066523492336273193e-01
1.041934415698051453e-01
1.047363206744194031e-01
1.054707989096641541e-01
1.065086424350738525e-01
1.063330098986625671e-01
1.067002490162849426e-01
1.069716811180114746e-01
1.072431206703186035e-01
1.070195809006690979e-01
1.081851646304130554e-01
1.089994758367538452e-01
1.089356094598770142e-01
1.079616323113441467e-01
1.066842824220657349e-01
1.055186986923217773e-01
1.047842204570770264e-01
1.060456037521362305e-01
1.087280437350273132e-01
1.118096485733985901e-01
1.129911988973617554e-01
1.132466718554496765e-01
1.120970547199249268e-01
1.099095940589904785e-01
1.084406375885009766e-01
1.070834547281265259e-01
1.052632257342338562e-01
1.041136085987091064e-01
1.037783026695251465e-01
1.025648191571235657e-01
1.014311686158180237e-01
1.004092916846275330e-01
9.988238662481307983e-02
9.943530708551406860e-02
9.965884685516357422e-02
1.005849242210388184e-01
1.016068086028099060e-01
1.021496802568435669e-01
1.012236028909683228e-01
1.004092916846275330e-01
9.858906269073486328e-02
9.771088510751724243e-02
9.675287455320358276e-02
9.681674093008041382e-02
9.557132422924041748e-02
9.488474577665328979e-02
9.391076862812042236e-02
9.068545699119567871e-02
8.872152864933013916e-02
8.929633349180221558e-02
9.030225127935409546e-02
9.111656248569488525e-02
9.050981700420379639e-02
9.172330051660537720e-02
9.197877347469329834e-02
9.248971194028854370e-02
9.247374534606933594e-02
9.248971194028854370e-02
9.282501786947250366e-02
9.581082314252853394e-02
1.002176851034164429e-01
1.019580811262130737e-01
1.025488525629043579e-01
1.016706749796867371e-01
9.999415278434753418e-02
9.965884685516357422e-02
9.906807541847229004e-02
9.740751236677169800e-02
9.501247853040695190e-02
9.343175590038299561e-02
9.180313348770141602e-02
9.229811280965805054e-02
9.507635235786437988e-02
1.000580191612243652e-01
1.028522253036499023e-01
1.017664745450019836e-01
1.007924973964691162e-01
9.978657960891723633e-02
9.748735278844833374e-02
9.613016247749328613e-02
9.790249168872833252e-02
1.001378521323204041e-01
1.028841584920883179e-01
1.039699092507362366e-01
1.032992973923683167e-01
9.946724772453308105e-02
1.002336516976356506e-01
1.025169193744659424e-01
1.014311686158180237e-01
9.978657960891723633e-02
9.755121916532516479e-02
9.576292335987091064e-02
9.421413391828536987e-02
9.215440601110458374e-02
9.108462929725646973e-02
9.169136732816696167e-02
9.328805655241012573e-02
9.403850138187408447e-02
9.322419017553329468e-02
9.151573479175567627e-02
8.966357260942459106e-02
8.733240514993667603e-02
8.576764911413192749e-02
8.624665439128875732e-02
8.519284427165985107e-02
8.155239373445510864e-02
7.998763769865036011e-02
7.839094847440719604e-02
7.829514890909194946e-02
7.906155288219451904e-02
7.946072518825531006e-02
7.880608737468719482e-02
7.910946011543273926e-02
8.040277659893035889e-02
8.029101043939590454e-02
7.955653220415115356e-02
8.144062012434005737e-02
8.313311636447906494e-02
8.533654361963272095e-02
8.787528425455093384e-02
8.963163942098617554e-02
8.900892734527587891e-02
8.667776733636856079e-02
8.560798317193984985e-02
8.468190580606460571e-02
8.230283856391906738e-02
8.185575902462005615e-02
8.198349922895431519e-02
8.457013219594955444e-02
8.530461043119430542e-02
8.543234318494796753e-02
8.611892163753509521e-02
8.763577789068222046e-02
8.731643855571746826e-02
8.626262098550796509e-02
8.594328910112380981e-02
8.594328910112380981e-02
8.556008338928222656e-02
8.474577218294143677e-02
8.442643284797668457e-02
8.393146097660064697e-02
8.292554318904876709e-02
8.421885967254638672e-02
8.480963855981826782e-02
8.579958230257034302e-02
8.653406053781509399e-02
8.651809394359588623e-02
8.690129965543746948e-02
8.490543812513351440e-02
8.174399286508560181e-02
7.794387638568878174e-02
7.880608737468719482e-02
8.033891022205352783e-02
7.990780472755432129e-02
7.958846539258956909e-02
8.038681000471115112e-02
8.300537616014480591e-02
8.409112691879272461e-02
8.425079286098480225e-02
8.439449965953826904e-02
8.616682142019271851e-02
8.678953349590301514e-02
8.712483942508697510e-02
8.637439459562301636e-02
8.506510406732559204e-02
8.442643284797668457e-02
8.418692648410797119e-02
8.174399286508560181e-02
8.129692077636718750e-02
8.092968165874481201e-02
7.968426495790481567e-02
7.910946011543273926e-02
7.877415418624877930e-02
7.899768650531768799e-02
7.907751947641372681e-02
7.902961969375610352e-02
7.898171991109848022e-02
7.931702584028244019e-02
8.094564825296401978e-02
8.209526538848876953e-02
8.193559944629669189e-02
8.177592605352401733e-02
8.238267153501510620e-02
8.284571021795272827e-02
8.353228867053985596e-02
8.319698274135589600e-02
8.358018845319747925e-02
8.358018845319747925e-02
8.415499329566955566e-02
8.409112691879272461e-02
8.345244824886322021e-02
8.188769966363906860e-02
8.193559944629669189e-02
8.335664868354797363e-02
8.439449965953826904e-02
8.466593176126480103e-02
8.455416560173034668e-02
8.279781043529510498e-02
8.089774847030639648e-02
8.284571021795272827e-02
8.648616075515747070e-02
8.857782185077667236e-02
8.967953920364379883e-02
9.033418446779251099e-02
9.017451107501983643e-02
9.014257788658142090e-02
8.792318403720855713e-02
8.225493133068084717e-02
7.891785353422164917e-02
7.795984297990798950e-02
7.789597660303115845e-02
7.963636517524719238e-02
8.168012648820877075e-02
8.329278230667114258e-02
8.418692648410797119e-02
8.369195461273193359e-02
8.220703154802322388e-02
8.345244824886322021e-02
8.597522228956222534e-02
8.902489393949508667e-02
9.389480203390121460e-02
9.308049082756042480e-02
9.312839061021804810e-02
9.352756291627883911e-02
9.445364028215408325e-02
9.566712379455566406e-02
9.566712379455566406e-02
9.435784071683883667e-02
9.217037260532379150e-02
8.766771107912063599e-02
8.543234318494796753e-02
8.763577789068222046e-02
9.520408511161804199e-02
1.026446595788002014e-01
1.061414033174514771e-01
1.058540046215057373e-01
1.011118367314338684e-01
1.003454253077507019e-01
9.906807541847229004e-02
9.759911894798278809e-02
9.870083630084991455e-02
9.826973080635070801e-02
9.914790838956832886e-02
1.003933250904083252e-01
1.010000631213188171e-01
1.007924973964691162e-01
9.956304728984832764e-02
9.641756862401962280e-02
9.391076862812042236e-02
9.379899501800537109e-02
9.312839061021804810e-02
9.346369653940200806e-02
9.435784071683883667e-02
9.474104642868041992e-02
9.357546269893646240e-02
9.121236205101013184e-02
9.154766798019409180e-02
9.274518489837646484e-02
9.485281258821487427e-02
9.692850708961486816e-02
9.854116290807723999e-02
9.900420159101486206e-02
9.828569740056991577e-02
9.930757433176040649e-02
9.959498047828674316e-02
9.945128113031387329e-02
9.815795719623565674e-02
9.822182357311248779e-02
9.790249168872833252e-02
9.803022444248199463e-02
9.919580817222595215e-02
9.946724772453308105e-02
9.988238662481307983e-02
1.012555360794067383e-01
9.862099587917327881e-02
9.544358402490615845e-02
9.606629610061645508e-02
9.691254049539566040e-02
9.574695676565170288e-02
9.488474577665328979e-02
9.434187412261962891e-02
9.276115149259567261e-02
9.041401743888854980e-02
8.880136162042617798e-02
8.769964426755905151e-02
8.524074405431747437e-02
8.426675945520401001e-02
8.495333790779113770e-02
8.490543812513351440e-02
8.738030493259429932e-02
8.998291194438934326e-02
9.421413391828536987e-02
9.743944555521011353e-02
9.852519631385803223e-02
9.689657390117645264e-02
9.555535763502120972e-02
9.379899501800537109e-02
9.236197918653488159e-02
9.181910008192062378e-02
9.106866270303726196e-02
9.019047766923904419e-02
8.948794007301330566e-02
9.186700731515884399e-02
9.312839061021804810e-02
9.336788952350616455e-02
9.165943413972854614e-02
9.100478887557983398e-02
8.950390666723251343e-02
8.904086053371429443e-02
8.891312777996063232e-02
9.068545699119567871e-02
9.167540073394775391e-02
9.161153435707092285e-02
9.367126226425170898e-02
9.620999544858932495e-02
9.924370795488357544e-02
1.008882969617843628e-01
1.009681299328804016e-01
1.019900143146514893e-01
1.017505079507827759e-01
1.002655923366546631e-01
9.973867982625961304e-02
9.863696247339248657e-02
9.779071807861328125e-02
9.633773565292358398e-02
9.775878489017486572e-02
1.016706749796867371e-01
1.061094701290130615e-01
1.075464934110641479e-01
1.094625219702720642e-01
1.092070490121841431e-01
1.086801439523696899e-01
1.087919101119041443e-01
1.089835092425346375e-01
1.122567281126976013e-01
1.127357333898544312e-01
1.122407615184783936e-01
1.075943931937217712e-01
1.055346652865409851e-01
1.076422929763793945e-01
1.093028485774993896e-01
1.092709153890609741e-01
1.104684323072433472e-01
1.115382164716720581e-01
1.105801984667778015e-01
1.106121316552162170e-01
1.109953373670578003e-01
1.110272780060768127e-01
1.108995378017425537e-01
1.113146767020225525e-01
1.133105382323265076e-01
1.151307672262191772e-01
1.142845228314399719e-01
1.127995997667312622e-01
1.120970547199249268e-01
1.103885993361473083e-01
1.102768331766128540e-01
1.109314709901809692e-01
1.114104762673377991e-01
1.114743500947952271e-01
1.111230775713920593e-01
1.128634661436080933e-01
1.134702116250991821e-01
1.131029725074768066e-01
1.125920265913009644e-01
1.105642318725585938e-01
1.080254986882209778e-01
1.063489764928817749e-01
1.055346652865409851e-01
1.058859378099441528e-01
1.063010767102241516e-01
1.074666604399681091e-01
1.084087044000625610e-01
1.078977659344673157e-01
1.066363826394081116e-01
1.051674261689186096e-01
1.043211817741394043e-01
1.031875312328338623e-01
1.020538806915283203e-01
1.011597365140914917e-01
1.022614538669586182e-01
1.039699092507362366e-01
1.039858758449554443e-01
1.036026701331138611e-01
1.032513976097106934e-01
1.015269756317138672e-01
1.005689576268196106e-01
9.841343015432357788e-02
9.724784642457962036e-02
9.727977961301803589e-02
9.852519631385803223e-02
1.002336516976356506e-01
1.007924973964691162e-01
9.911597520112991333e-02
9.644950181245803833e-02
9.512425214052200317e-02
9.557132422924041748e-02
9.624192863702774048e-02
9.732767939567565918e-02
9.838149696588516235e-02
9.924370795488357544e-02
9.675287455320358276e-02
9.499651193618774414e-02
9.597049653530120850e-02
9.935547411441802979e-02
1.044808477163314819e-01
1.081851646304130554e-01
1.102608665823936462e-01
1.114743500947952271e-01
1.125600934028625488e-01
1.138374507427215576e-01
1.141567826271057129e-01
1.131029725074768066e-01
1.129273325204849243e-01
1.153383329510688782e-01
1.166316568851470947e-01
1.173501610755920410e-01
1.168392226099967957e-01
1.163761839270591736e-01
1.162005439400672913e-01
1.162005439400672913e-01
1.162324845790863037e-01
1.155139729380607605e-01
1.137735769152641296e-01
1.114104762673377991e-01
1.086482107639312744e-01
1.066044420003890991e-01
1.060136705636978149e-01
1.067162156105041504e-01
1.077221259474754333e-01
1.083288714289665222e-01
1.089515760540962219e-01
1.086801439523696899e-01
1.075145602226257324e-01
1.070994213223457336e-01
1.071792542934417725e-01
1.079137325286865234e-01
1.074347272515296936e-01
1.074347272515296936e-01
1.085843369364738464e-01
1.095902547240257263e-01
1.106919720768928528e-01
1.099095940589904785e-01
1.089196428656578064e-01
1.100213602185249329e-01
1.118894889950752258e-01
1.138214841485023499e-01
1.147794947028160095e-01
1.141887158155441284e-01
1.136298775672912598e-01
1.132945716381072998e-01
1.132626384496688843e-01
1.130710393190383911e-01
1.127836331725120544e-01
1.118735224008560181e-01
1.120970547199249268e-01
1.118894889950752258e-01
1.117936819791793823e-01
1.111869439482688904e-01
1.102768331766128540e-01
1.090154424309730530e-01
1.076582595705986023e-01
1.062531769275665283e-01
1.055665984749794006e-01
1.093826815485954285e-01
1.123525276780128479e-01
1.125441268086433411e-01
1.119852885603904724e-01
1.093188151717185974e-01
1.073868200182914734e-01
1.057262644171714783e-01
1.052153259515762329e-01
1.049279198050498962e-01
1.042892485857009888e-01
1.027244925498962402e-01
1.012715026736259460e-01
1.004412248730659485e-01
1.006966978311538696e-01
1.006807312369346619e-01
1.002655923366546631e-01
9.970674663782119751e-02
9.946724772453308105e-02
9.882856905460357666e-02
9.873276948928833008e-02
9.841343015432357788e-02
9.820585697889328003e-02
9.811005741357803345e-02
9.844536334276199341e-02
9.868486970663070679e-02
9.933950752019882202e-02
1.005370244383811951e-01
1.019900143146514893e-01
1.026765927672386169e-01
1.030597984790802002e-01
1.012874692678451538e-01
9.886050224304199219e-02
9.951514750719070435e-02
1.022295132279396057e-01
1.059338375926017761e-01
1.090473830699920654e-01
1.082170978188514709e-01
1.044808477163314819e-01
1.006807312369346619e-01
9.782265126705169678e-02
9.659320116043090820e-02
9.477297961711883545e-02
9.387883543968200684e-02
9.389480203390121460e-02
9.472507983446121216e-02
9.435784071683883667e-02
9.472507983446121216e-02
9.490071237087249756e-02
9.544358402490615845e-02
9.589066356420516968e-02
9.660916775465011597e-02
9.696044027805328369e-02
9.793442487716674805e-02
9.809409081935882568e-02
9.793442487716674805e-02
9.680077433586120605e-02
9.577888995409011841e-02
9.462927281856536865e-02
9.354352951049804688e-02
9.252164512872695923e-02
9.188297390937805176e-02
9.137202799320220947e-02
9.186700731515884399e-02
9.261744469404220581e-02
9.141992777585983276e-02
9.012661129236221313e-02
8.963163942098617554e-02
9.017451107501983643e-02
9.027031809091567993e-02
9.130816161632537842e-02
9.193087369203567505e-02
9.266535192728042603e-02
9.499651193618774414e-02
9.743944555521011353e-02
9.884453564882278442e-02
9.771088510751724243e-02
9.750331938266754150e-02
9.651336818933486938e-02
9.748735278844833374e-02
1.005370244383811951e-01
1.023412868380546570e-01
1.027723923325538635e-01
1.032034978270530701e-01
1.027085259556770325e-01
1.012395694851875305e-01
1.000899523496627808e-01
9.898823499679565430e-02
9.807812422513961792e-02
9.699237346649169922e-02
9.593856334686279297e-02
9.600242972373962402e-02
9.616209566593170166e-02
9.716801345348358154e-02
9.868486970663070679e-02
1.000739857554435730e-01
1.013992354273796082e-01
1.009361967444419861e-01
1.007126644253730774e-01
9.972271323204040527e-02
9.862099587917327881e-02
9.734364598989486694e-02
9.640160202980041504e-02
9.557132422924041748e-02
9.472507983446121216e-02
9.344772249460220337e-02
9.271325170993804932e-02
9.277711808681488037e-02
9.255357831716537476e-02
9.234601259231567383e-02
9.175523370504379272e-02
9.177120029926300049e-02
9.199474006891250610e-02
9.264937788248062134e-02
9.383092820644378662e-02
9.486877918243408203e-02
9.491667896509170532e-02
9.456540644168853760e-02
9.339982271194458008e-02
9.210650622844696045e-02
9.170733392238616943e-02
9.134009480476379395e-02
9.079722315073013306e-02
9.047788381576538086e-02
9.027031809091567993e-02
9.001484513282775879e-02
9.089302271604537964e-02
9.121236205101013184e-02
9.086108952760696411e-02
8.999887853860855103e-02
8.905682712793350220e-02
9.252164512872695923e-02
9.359142929315567017e-02
9.248971194028854370e-02
9.071739017963409424e-02
8.888119459152221680e-02
8.680550009012222290e-02
8.471383899450302124e-02
8.247847110033035278e-02
8.131288737058639526e-02
8.123305439949035645e-02
8.091371506452560425e-02
7.982796430587768555e-02
7.875818759202957153e-02
7.823127508163452148e-02
7.775226980447769165e-02
7.668248564004898071e-02
7.580430805683135986e-02
7.535723596811294556e-02
7.508579641580581665e-02
7.644298672676086426e-02
7.639508694410324097e-02
7.610768079757690430e-02
7.513370364904403687e-02
7.423955202102661133e-02
7.323364168405532837e-02
7.243529707193374634e-02
7.238739728927612305e-02
7.257899641990661621e-02
7.264286279678344727e-02
7.353701442480087280e-02
7.404795289039611816e-02
7.355298101902008057e-02
7.376054674386978149e-02
7.270673662424087524e-02
7.275463640689849854e-02
7.245126366615295410e-02
7.192435860633850098e-02
7.170081883668899536e-02
7.320170849561691284e-02
7.390425354242324829e-02
7.331347465515136719e-02
7.202015817165374756e-02
7.079070806503295898e-02
7.045540213584899902e-02
6.965705752372741699e-02
6.877887994050979614e-02
6.814020127058029175e-02
6.786876171827316284e-02
6.713429093360900879e-02
6.726202368736267090e-02
6.753346323966979980e-02
6.866710633039474487e-02
6.940158456563949585e-02
6.972092390060424805e-02
7.112601399421691895e-02
7.189241796731948853e-02
7.278656959533691406e-02
7.331347465515136719e-02
7.243529707193374634e-02
7.134954631328582764e-02
7.032766938209533691e-02
7.122181355953216553e-02
7.187645137310028076e-02
7.109407335519790649e-02
6.943351775407791138e-02
6.928981840610504150e-02
7.098230719566345215e-02
7.131761312484741211e-02
6.925788521766662598e-02
6.687881797552108765e-02
6.566533446311950684e-02
6.386107206344604492e-02
6.180134415626525879e-02
5.723481252789497375e-02
5.629276856780052185e-02
5.725078284740447998e-02
5.900713801383972168e-02
6.009288877248764038e-02
6.030045822262763977e-02
6.058786064386367798e-02
6.055592745542526245e-02
6.047609448432922363e-02
5.991725251078605652e-02
5.993321910500526428e-02
6.140217185020446777e-02
6.125847250223159790e-02
6.105090305209159851e-02
6.124250590801239014e-02
6.089123338460922241e-02
5.707514658570289612e-02
5.346662923693656921e-02
5.412127077579498291e-02
5.613309890031814575e-02
5.862393230199813843e-02
6.041222438216209412e-02
6.499472260475158691e-02
6.761329621076583862e-02
6.936965137720108032e-02
6.992849707603454590e-02
7.015202939510345459e-02
6.964109092950820923e-02
6.785279512405395508e-02
6.804440170526504517e-02
6.726202368736267090e-02
6.713429093360900879e-02
6.718219071626663208e-02
6.786876171827316284e-02
6.778892874717712402e-02
6.873098015785217285e-02
6.994446367025375366e-02
7.067893445491790771e-02
7.071087509393692017e-02
7.128567993640899658e-02
7.162098586559295654e-02
7.107810676097869873e-02
6.991253048181533813e-02
6.879484653472900391e-02
6.694268435239791870e-02
6.518632918596267700e-02
6.493085622787475586e-02
6.488295644521713257e-02
6.470731645822525024e-02
6.236018612980842590e-02
6.017272174358367920e-02
5.903907492756843567e-02
6.004498898983001709e-02
6.526616215705871582e-02
6.686285138130187988e-02
6.643174588680267334e-02
6.603257358074188232e-02
6.507455557584762573e-02
6.352577358484268188e-02
5.803315714001655579e-02
5.559022352099418640e-02
5.614906549453735352e-02
5.764995515346527100e-02
5.758608505129814148e-02
5.503138154745101929e-02
5.317922309041023254e-02
5.258844792842864990e-02
5.447254329919815063e-02
5.605326592922210693e-02
5.629276856780052185e-02
5.638856813311576843e-02
5.710707977414131165e-02
5.788945779204368591e-02
5.779365450143814087e-02
5.712304636836051941e-02
5.586166307330131531e-02
5.332292616367340088e-02
5.153463408350944519e-02
5.049678683280944824e-02
4.899589717388153076e-02
5.059258639812469482e-02
5.201363936066627502e-02
5.236491188406944275e-02
5.202960595488548279e-02
5.321115627884864807e-02
5.372209846973419189e-02
5.426497384905815125e-02
5.338679254055023193e-02
5.191783979535102844e-02
5.143883079290390015e-02
5.210944265127182007e-02
5.568602681159973145e-02
5.951808020472526550e-02
6.129040569067001343e-02
6.244002282619476318e-02
6.256775557994842529e-02
6.261565536260604858e-02
6.176941096782684326e-02
6.208875030279159546e-02
6.202488020062446594e-02
6.183328106999397278e-02
6.130637228488922119e-02
6.092316657304763794e-02
6.002901867032051086e-02
5.974161624908447266e-02
6.093913316726684570e-02
6.132233887910842896e-02
6.002901867032051086e-02
5.624486878514289856e-02
5.416917055845260620e-02
5.375403165817260742e-02
5.487171560525894165e-02
5.567006021738052368e-02
5.689951032400131226e-02
6.076349690556526184e-02
6.414847820997238159e-02
6.509052217006683350e-02
6.152990832924842834e-02
5.769785493612289429e-02
5.650033801794052124e-02
5.538265407085418701e-02
5.314728990197181702e-02
5.081612244248390198e-02
4.773451387882232666e-02
4.414196312427520752e-02
4.120405390858650208e-02
3.828211501240730286e-02
3.615851700305938721e-02
3.757956996560096741e-02
3.933592885732650757e-02
4.109228774905204773e-02
4.444533213973045349e-02
4.738324135541915894e-02
4.816561937332153320e-02
4.688826948404312134e-02
4.470080509781837463e-02
4.120405390858650208e-02
4.107632115483283997e-02
4.157129302620887756e-02
4.174692928791046143e-02
4.232173785567283630e-02
4.292847961187362671e-02
4.401422664523124695e-02
4.511594399809837341e-02
4.778241366147994995e-02
4.846899211406707764e-02
4.834125563502311707e-02
4.755887761712074280e-02
4.754291102290153503e-02
4.830932244658470154e-02
4.676053300499916077e-02
4.474870488047599792e-02
4.356715455651283264e-02
4.275284335017204285e-02
3.973510116338729858e-02
3.848968446254730225e-02
3.928802907466888428e-02
3.983090072870254517e-02
4.268897697329521179e-02
4.482853785157203674e-02
4.624959081411361694e-02
4.763871058821678162e-02
4.727147519588470459e-02
4.608992487192153931e-02
4.479660466313362122e-02
4.425372928380966187e-02
4.466887190937995911e-02
4.388649389147758484e-02
4.436549916863441467e-02
4.403019323945045471e-02
4.238560423254966736e-02
3.991073742508888245e-02
3.837791457772254944e-02
3.630222007632255554e-02
3.414668887853622437e-02
3.462569415569305420e-02
3.475343063473701477e-02
3.603078052401542664e-02
3.895272314548492432e-02
4.238560423254966736e-02
4.123598709702491760e-02
3.959139809012413025e-02
4.486047104001045227e-02
4.814965277910232544e-02
4.835722222924232483e-02
5.032115057110786438e-02
5.640453472733497620e-02
6.095509976148605347e-02
6.366947293281555176e-02
6.600064039230346680e-02
6.392494589090347290e-02
5.905504152178764343e-02
5.348259583115577698e-02
4.989004507660865784e-02
4.894799739122390747e-02
4.958667233586311340e-02
4.816561937332153320e-02
4.543527960777282715e-02
4.099648445844650269e-02
3.885691985487937927e-02
3.848968446254730225e-02
3.858548402786254883e-02
3.789890930056571960e-02
3.887288644909858704e-02
4.141162335872650146e-02
4.339151829481124878e-02
4.233770444989204407e-02
3.968720138072967529e-02
3.791487589478492737e-02
3.674929216504096985e-02
3.499293327331542969e-02
3.473746404051780701e-02
3.357188031077384949e-02
3.299707174301147461e-02
3.259789943695068359e-02
3.920819237828254700e-02
4.224190115928649902e-02
4.313604906201362610e-02
4.494030773639678955e-02
4.605798795819282532e-02
4.800594970583915710e-02
5.105562880635261536e-02
5.279601737856864929e-02
4.995391145348548889e-02
4.829335585236549377e-02
4.907573387026786804e-02
4.869252815842628479e-02
4.856479167938232422e-02
4.802191630005836487e-02
4.738324135541915894e-02
4.743114113807678223e-02
4.612185806035995483e-02
4.141162335872650146e-02
3.460972756147384644e-02
3.231049701571464539e-02
3.291723877191543579e-02
3.674929216504096985e-02
4.177886247634887695e-02
4.503610730171203613e-02
4.933120310306549072e-02
5.423303693532943726e-02
6.022062152624130249e-02
6.127443909645080566e-02
6.199294701218605042e-02
5.926261097192764282e-02
5.400950089097023010e-02
4.830932244658470154e-02
4.401422664523124695e-02
3.876112028956413269e-02
3.397105261683464050e-02
2.972385846078395844e-02
2.841457352042198181e-02
2.753639407455921173e-02
2.702545374631881714e-02
2.799943462014198303e-02
2.874987944960594177e-02
2.996336296200752258e-02
3.052220307290554047e-02
3.084154054522514343e-02
3.041043505072593689e-02
2.980369329452514648e-02
2.918098494410514832e-02
3.095331043004989624e-02
3.280546888709068298e-02
3.381138294935226440e-02
3.346011042594909668e-02
3.157601878046989441e-02
2.844650670886039734e-02
2.603550627827644348e-02
2.552456595003604889e-02
2.477412298321723938e-02
2.474218793213367462e-02
2.415141277015209198e-02
2.439091727137565613e-02
2.370434068143367767e-02
2.479008957743644714e-02
2.608340792357921600e-02
2.744059264659881592e-02
2.752042748034000397e-02
2.975579351186752319e-02
3.176762163639068604e-02
3.392315283417701721e-02
3.481729701161384583e-02
3.604674711823463440e-02
3.438619151711463928e-02
3.379541635513305664e-02
3.494503349065780640e-02
3.668542578816413879e-02
3.642995283007621765e-02
3.349204733967781067e-02
3.272563591599464417e-02
3.210292756557464600e-02
3.085750900208950043e-02
2.986756153404712677e-02
2.839860692620277405e-02
2.820700407028198242e-02
2.783976495265960693e-02
2.756832912564277649e-02
2.807926945388317108e-02
2.913308329880237579e-02
2.876584604382514954e-02
2.598760649561882019e-02
2.367240749299526215e-02
2.332113496959209442e-02
3.021883219480514526e-02
3.676525875926017761e-02
3.735603392124176025e-02
3.387524932622909546e-02
2.712125517427921295e-02
2.095803432166576385e-02
1.734951697289943695e-02
1.410823874175548553e-02
1.278298627585172653e-02
1.252751611173152924e-02
1.246364880353212357e-02
1.374099962413311005e-02
1.607216522097587585e-02
1.461917906999588013e-02
1.168127078562974930e-02
9.014800190925598145e-03
7.370209787040948868e-03
6.699600256979465485e-03
7.178606931120157242e-03
8.056785911321640015e-03
9.509772993624210358e-03
1.005264744162559509e-02
9.845077991485595703e-03
7.929051294922828674e-03
3.873460227623581886e-03
-1.954455394297838211e-03
-6.377284415066242218e-03
-9.315192699432373047e-03
-6.041979417204856873e-03
-4.173853434622287750e-03
1.851081760833039880e-04
1.079254201613366604e-03
-2.593131037428975105e-03
-4.221753682941198349e-03
-3.615012159571051598e-03
-9.964418131858110428e-04
-5.439519736682996154e-05
2.516274340450763702e-03
4.895341582596302032e-03
4.623904358595609665e-03
6.188659928739070892e-03
6.683633662760257721e-03
6.316395010799169540e-03
5.645785480737686157e-03
5.134845152497291565e-03
7.599163218401372433e-04
-5.131866782903671265e-03
-8.500880561769008636e-03
-7.319331169128417969e-03
-1.127912010997533798e-02
-1.311531290411949158e-02
-6.840324029326438904e-03
-3.662912873551249504e-03
1.334724482148885727e-03
3.825559513643383980e-03
1.685996074229478836e-03
2.196936635300517082e-03
3.825559513643383980e-03
5.821421276777982712e-03
2.053234493359923363e-03
2.276771003380417824e-03
1.222956227138638496e-03
-1.156110665760934353e-03
-6.611371063627302647e-04
4.368434194475412369e-03
9.589607827365398407e-03
3.234784584492444992e-03
-3.918383270502090454e-03
-3.646946046501398087e-03
3.937327768653631210e-03
9.573641233146190643e-03
1.064342260360717773e-02
5.741586908698081970e-03
3.809592686593532562e-03
3.586056176573038101e-03
1.026021782308816910e-02
1.878653839230537415e-02
2.073449827730655670e-02
1.771675609052181244e-02
1.851510070264339447e-02
2.038322761654853821e-02
2.643467858433723450e-02
3.270966932177543640e-02
4.152339324355125427e-02
4.567478597164154053e-02
4.589832201600074768e-02
4.806981980800628662e-02
4.334361851215362549e-02
3.826614469289779663e-02
3.267773240804672241e-02
3.223066031932830811e-02
3.435425832867622375e-02
3.805857524275779724e-02
4.268897697329521179e-02
4.288057982921600342e-02
4.254527390003204346e-02
4.481257125735282898e-02
4.446129873394966125e-02
4.308814927935600281e-02
4.098051786422729492e-02
4.075698181986808777e-02
5.033711716532707214e-02
5.782558768987655640e-02
6.191311404109001160e-02
6.418041139841079712e-02
6.443588435649871826e-02
5.477591231465339661e-02
5.346662923693656921e-02
5.573392659425735474e-02
6.053996086120605469e-02
6.547372788190841675e-02
6.794860213994979858e-02
6.716622412204742432e-02
6.429217755794525146e-02
6.405267864465713501e-02
6.502665579319000244e-02
6.550566107034683228e-02
6.526616215705871582e-02
6.204085052013397217e-02
5.991725251078605652e-02
5.828863009810447693e-02
6.060382723808288574e-02
6.117863580584526062e-02
5.985338613390922546e-02
6.451571732759475708e-02
6.673511862754821777e-02
6.512246280908584595e-02
6.392494589090347290e-02
6.224841997027397156e-02
5.841636285185813904e-02
5.177413672208786011e-02
4.628152772784233093e-02
4.262510687112808228e-02
4.203433170914649963e-02
4.206626489758491516e-02
4.288057982921600342e-02
4.343941807746887207e-02
4.420582950115203857e-02
4.530754685401916504e-02
4.524367675185203552e-02
4.601008817553520203e-02
4.687230288982391357e-02
4.676053300499916077e-02
4.618572443723678589e-02
4.422179609537124634e-02
4.374279081821441650e-02
