1.383572578430175781e+00
1.106004118919372559e+00
1.793666243553161621e+00
-8.193475604057312012e-01
-2.708634361624717712e-02
6.257200241088867188e-01
5.299346446990966797e-01
-6.977596879005432129e-01
-4.021965265274047852e-01
3.109701164066791534e-02
-1.015399619936943054e-01
9.292506575584411621e-01
5.632096529006958008e-01
-5.034266114234924316e-01
8.506296873092651367e-01
1.774841308593750000e+00
2.043867588043212891e+00
-1.219126582145690918e+00
1.625279426574707031e+00
-1.072311043739318848e+00
4.856479167938232422e-02
1.176785349845886230e+00
1.488209068775177002e-01
-3.591178655624389648e-01
-5.730262994766235352e-01
1.035867035388946533e-01
1.426284074783325195e+00
-6.051836609840393066e-01
7.159968614578247070e-01
6.190937757492065430e-01
-2.411933183670043945e+00
-3.927441239356994629e-01
1.185678958892822266e+00
1.792692303657531738e+00
1.197207093238830566e+00
9.941720366477966309e-01
2.823201119899749756e-01
1.200645342469215393e-01
-2.295625060796737671e-01
-4.730735719203948975e-01
-1.386252045631408691e+00
-1.978240609169006348e+00
-1.182402729988098145e+00
1.964144825935363770e+00
-1.983844995498657227e+00
-9.835351109504699707e-01
1.340515315532684326e-01
1.377664923667907715e+00
-6.137099862098693848e-01
-1.749690413475036621e+00
-1.973578214645385742e+00
-1.005920648574829102e+00
1.060227036476135254e+00
-9.346285462379455566e-01
1.081053316593170166e-01
6.434113979339599609e-01
6.761275529861450195e-01
-8.420524597167968750e-01
-1.619975447654724121e+00
-2.200340032577514648e+00
-5.105159282684326172e-01
-2.846280574798583984e+00
2.219173312187194824e-01
-1.227716803550720215e+00
-8.430743813514709473e-01
3.692598342895507812e-01
-2.156234085559844971e-01
-2.563427209854125977e+00
8.117343187332153320e-01
-5.802433490753173828e-01
-3.129453420639038086e+00
-2.716837167739868164e+00
1.224047422409057617e+00
-4.061243832111358643e-01
-1.592283546924591064e-01
-9.181666374206542969e-01
-1.794717073440551758e+00
3.374697566032409668e-01
5.017174243927001953e+00
-5.045922398567199707e-01
-3.270668908953666687e-02
1.531426072120666504e+00
1.956368923187255859e+00
-3.526033759117126465e-01
-4.535141289234161377e-01
8.374889492988586426e-01
-3.288446366786956787e-01
-1.711556166410446167e-01
-1.512518286705017090e+00
-2.370036125183105469e+00
9.001430273056030273e-01
-1.899731397628784180e+00
-4.666868150234222412e-01
1.269984126091003418e+00
-3.970072865486145020e-01
-1.441577315330505371e+00
-2.750734806060791016e+00
1.013348340988159180e+00
1.751737236976623535e+00
-1.119477272033691406e+00
-7.744167447090148926e-01
-5.586880445480346680e-01
-1.213229447603225708e-01
-1.211127161979675293e+00
1.573951244354248047e-01
9.462927281856536865e-02
1.017547607421875000e+00
2.749913036823272705e-01
-9.838225245475769043e-01
-2.146276235580444336e+00
-6.424822807312011719e-01
1.292135715484619141e-01
-2.774791419506072998e-01
2.600143253803253174e-01
-1.133767604827880859e+00
-2.282441854476928711e+00
-2.204619169235229492e+00
2.683197736740112305e+00
-2.597718834877014160e-01
-6.082173585891723633e-01
6.323623061180114746e-01
1.216207623481750488e+00
-1.602810978889465332e+00
-1.888746142387390137e+00
1.656670331954956055e+00
1.391987204551696777e+00
1.379634141921997070e-01
-1.668126285076141357e-01
-3.625188171863555908e-01
-7.350423932075500488e-01
7.679052352905273438e-01
1.896217279136180878e-02
1.651081919670104980e+00
1.174246668815612793e+00
6.878472566604614258e-01
-1.435797333717346191e+00
9.797177277505397797e-03
-1.275500357151031494e-01
-2.228085100650787354e-01
-5.720523595809936523e-01
-1.279992461204528809e+00
-4.327890872955322266e-01
4.808524549007415771e-01
-1.123676538467407227e+00
3.246004283428192139e-01
-8.908951878547668457e-01
-7.996124625205993652e-01
-1.257223606109619141e+00
-1.717517137527465820e+00
6.624279618263244629e-01
-1.022701859474182129e+00
4.359695017337799072e-01
-1.592762470245361328e-01
-1.071273207664489746e+00
-1.249463677406311035e+00
-5.177010297775268555e-01
6.853883266448974609e-01
1.191395163536071777e+00
1.196249008178710938e+00
-3.495856225490570068e-01
-4.868849217891693115e-01
-1.177942603826522827e-01
8.603215813636779785e-01
-4.552810266613960266e-02
-7.846993803977966309e-01
-1.630753040313720703e+00
-1.732350468635559082e+00
-1.641243338584899902e+00
-6.451168060302734375e-01
1.054388657212257385e-01
-5.594065785408020020e-01
-5.440144538879394531e-01
3.240256309509277344e-01
1.872532069683074951e-01
-1.299770027399063110e-01
-9.803417325019836426e-01
-8.576521277427673340e-01
-9.463322758674621582e-01
-1.032872796058654785e+00
-3.335027217864990234e+00
-1.654911041259765625e+00
-3.530184924602508545e-01
1.077694892883300781e+00
9.963435530662536621e-01
-2.055588550865650177e-02
1.772260069847106934e-01
1.377696752548217773e+00
1.104599118232727051e+00
6.570790410041809082e-01
-2.366942912340164185e-02
1.242265582084655762e+00
7.136337757110595703e-01
7.781559824943542480e-01
-2.706772387027740479e-01
8.563991636037826538e-02
-9.588183760643005371e-01
-7.658584713935852051e-01
-2.461521178483963013e-01
-1.819066643714904785e+00
-1.428963541984558105e+00
2.447659522294998169e-01
-5.315123796463012695e-01
1.776571124792098999e-01
-7.043220996856689453e-01
1.335246115922927856e-01
5.035308375954627991e-02
9.970674663782119751e-02
-1.847115159034729004e-01
3.424993157386779785e-01
2.998677194118499756e-01
-5.399055778980255127e-02
1.722178235650062561e-02
-3.535454273223876953e-01
-7.377567291259765625e-01
-1.050739765167236328e+00
3.376294076442718506e-01
-1.000683546066284180e+00
-6.256052851676940918e-01
-1.102169156074523926e+00
1.602052897214889526e-01
1.899410784244537354e-02
-2.123342305421829224e-01
-1.950420886278152466e-01
-1.234135508537292480e+00
-1.153199315071105957e+00
-9.564712047576904297e-01
-1.469120264053344727e+00
-4.399262964725494385e-01
-1.066483139991760254e+00
-6.692747473716735840e-01
-2.235908955335617065e-01
1.432415366172790527e+00
8.760489821434020996e-01
-1.303282678127288818e-01
-6.369577646255493164e-01
-5.356478095054626465e-01
1.714938879013061523e-01
5.342414602637290955e-03
4.278583228588104248e-01
-1.163039170205593109e-02
6.898644566535949707e-02
-2.304406911134719849e-01
-2.986671924591064453e-01
-5.732019543647766113e-01
-9.455817937850952148e-01
-1.283164471387863159e-01
-7.366869449615478516e-01
2.041728019714355469e+00
-3.272798657417297363e-01
4.240581989288330078e-01
7.524971961975097656e-01
5.516176819801330566e-01
-1.770953088998794556e-01
4.770044088363647461e-01
7.929253578186035156e-01
3.256223201751708984e-01
-4.261468648910522461e-01
1.507848352193832397e-01
-9.426918029785156250e-01
-7.189158201217651367e-01
1.768183112144470215e+00
2.835952997207641602e+00
1.399108409881591797e+00
1.029480248689651489e-01
8.242523670196533203e-01
6.952718496322631836e-01
-2.145376652479171753e-01
6.606450676918029785e-02
-2.788363397121429443e-01
-4.217559695243835449e-01
1.165518164634704590e-01
-5.476549267768859863e-01
4.935461282730102539e-01
-7.693497836589813232e-02
-4.814082980155944824e-01
9.001484513282775879e-02
-8.336963504552841187e-02
-6.682687997817993164e-01
-5.285690724849700928e-02
-3.447795808315277100e-01
-1.342518806457519531e+00
-1.230191707611083984e+00
4.118914306163787842e-01
-1.674278855323791504e+00
-1.513236761093139648e+00
5.613734722137451172e-01
1.838644981384277344e+00
2.775459885597229004e-01
-2.963360249996185303e-01
1.745861411094665527e+00
-9.708520025014877319e-02
1.164560168981552124e-01
5.921736359596252441e-01
-2.299936115741729736e-01
2.682213485240936279e-01
1.215010166168212891e+00
1.975518614053726196e-01
-6.818566322326660156e-01
1.220923289656639099e-01
3.211356103420257568e-01
-5.886419415473937988e-01
1.201613903045654297e+00
2.915968596935272217e-01
-1.408929284662008286e-02
3.450220823287963867e-01
1.494436115026473999e-01
2.320882380008697510e-01
4.447193741798400879e-01
5.864415168762207031e-01
1.821278333663940430e-01
-2.379451245069503784e-01
5.892835855484008789e-01
3.654756844043731689e-01
-5.784550309181213379e-01
4.211522340774536133e-01
-5.240558385848999023e-01
1.166119575500488281e+00
-6.881476044654846191e-01
-5.633663535118103027e-01
8.010365366935729980e-01
-3.582556545734405518e-01
-9.613091945648193359e-01
-7.402954697608947754e-01
-3.860220611095428467e-01
1.488209068775177002e-01
6.491488963365554810e-02
4.377258718013763428e-01
-9.864995628595352173e-02
-4.978861212730407715e-01
-9.195982664823532104e-02
-3.108978569507598877e-01
-7.135509252548217773e-01
2.811704874038696289e-01
2.117144912481307983e-01
1.266902565956115723e+00
1.172841548919677734e+00
1.361889600753784180e+00
1.129443526268005371e+00
6.172096729278564453e-01
1.751034736633300781e+00
-3.023076653480529785e-01
5.555615425109863281e-01
-1.229249596595764160e+00
1.384583860635757446e-01
-5.916756391525268555e-01
-9.381412267684936523e-01
-4.129103124141693115e-01
-1.147115945816040039e+00
-2.358959428966045380e-02
-3.767772316932678223e-01
-8.637993931770324707e-01
-7.678064107894897461e-01
-9.411535412073135376e-02
7.159329652786254883e-01
-6.105644702911376953e-01
-7.204965353012084961e-01
-1.282371520996093750e+00
-8.973138928413391113e-01
2.523182928562164307e-01
-1.553010344505310059e+00
-2.034396171569824219e+00
-1.294660568237304688e-01
-6.324551105499267578e-01
-5.537063479423522949e-01
-6.337803602218627930e-01
-6.525254845619201660e-01
9.954708069562911987e-02
1.164714455604553223e+00
8.133310079574584961e-01
-7.620104551315307617e-01
-1.677823543548583984e+00
8.465421795845031738e-01
1.331573724746704102e-01
4.570937156677246094e-01
-1.452434897422790527e+00
-4.344496428966522217e-01
-5.907205581665039062e+00
-8.986231684684753418e-01
-1.035491347312927246e+00
-3.333472907543182373e-01
-1.586161926388740540e-02
3.831031322479248047e-01
3.260693848133087158e-01
-1.499515920877456665e-01
1.003496766090393066e+00
9.540312886238098145e-01
9.790194630622863770e-01
-6.037731468677520752e-02
3.936732113361358643e-01
-4.553024172782897949e-01
1.949652135372161865e-01
-9.905286431312561035e-01
-1.121201634407043457e+00
-9.869520068168640137e-01
-1.646730601787567139e-01
-1.152001738548278809e+00
-1.004228234291076660e+00
8.916007280349731445e-01
-3.857985436916351318e-01
3.658109903335571289e-01
2.746400237083435059e-01
1.591249741613864899e-02
-3.116642534732818604e-01
-1.267995834350585938e-01
-7.050032168626785278e-02
5.293439030647277832e-01
1.481023877859115601e-01
-9.375025629997253418e-01
-9.959573745727539062e-01
2.346110194921493530e-01
3.701380193233489990e-01
-3.202544450759887695e-01
1.749322004616260529e-02
2.770350575447082520e-01
6.069270372390747070e-01
4.479766190052032471e-01
-7.046893239021301270e-01
-5.322628617286682129e-01
-3.689055740833282471e-01
-1.819652020931243896e-01
2.696583569049835205e-01
-4.270196333527565002e-02
-7.330465316772460938e-01
-1.041654586791992188e+00
-1.133432269096374512e+00
-2.846003770828247070e-01
2.935927212238311768e-01
-6.646443605422973633e-01
-5.849376320838928223e-01
9.528391808271408081e-02
-6.321676969528198242e-01
2.311781346797943115e-01
7.444712519645690918e-02
1.009042635560035706e-01
-1.305837333202362061e-01
-4.876832664012908936e-01
1.138800144195556641e+00
6.683516502380371094e-01
-2.547422945499420166e-01
-5.867099165916442871e-01
2.117102034389972687e-03
9.543187022209167480e-01
-1.498877257108688354e-01
-3.104028701782226562e-01
-8.621547818183898926e-01
-7.572683095932006836e-01
-8.916137218475341797e-01
-2.453697323799133301e-01
6.211375594139099121e-01
-2.819817960262298584e-01
-3.768251538276672363e-01
-7.214865088462829590e-01
7.003493309020996094e-01
3.400244414806365967e-01
1.818404346704483032e-01
2.815910428762435913e-02
4.077294841408729553e-02
7.531198859214782715e-01
1.437397003173828125e+00
-3.178913295269012451e-01
1.110490918159484863e+00
-6.593114137649536133e-01
-2.175713777542114258e-01
1.099457740783691406e+00
8.195581436157226562e-01
2.450054585933685303e-01
-2.564826905727386475e-01
8.415445089340209961e-01
5.594255328178405762e-01
-1.136945009231567383e+00
-1.546336174011230469e+00
-9.845569729804992676e-01
4.634325504302978516e-01
-2.440923899412155151e-01
-9.491369873285293579e-02
-6.481345891952514648e-01
-9.881336092948913574e-01
-2.625820338726043701e-01
-5.867258906364440918e-01
-2.374820858240127563e-01
3.708884418010711670e-01
7.907218933105468750e-01
7.765113711357116699e-01
4.469866752624511719e-01
-6.170256435871124268e-02
4.181664288043975830e-01
-6.171853467822074890e-02
-4.208618402481079102e-01
1.948908157646656036e-02
-3.171249330043792725e-01
9.798232465982437134e-02
7.216810584068298340e-01
-5.695774555206298828e-01
-9.846208691596984863e-01
-1.969889879226684570e+00
9.030170440673828125e-01
-7.702972888946533203e-01
5.565195679664611816e-01
1.187898397445678711e+00
1.793655604124069214e-01
3.531332612037658691e-01
1.558569788932800293e+00
-5.370050072669982910e-01
-9.401955455541610718e-02
-2.326920181512832642e-01
2.827512025833129883e-01
-4.272645413875579834e-01
-8.376456499099731445e-01
-2.144578248262405396e-01
-1.461993604898452759e-01
2.743845582008361816e-01
-3.692194819450378418e-02
-1.817681826651096344e-02
1.063580155372619629e+00
3.019434213638305664e-01
6.052664518356323242e-01
7.110790610313415527e-01
1.044148445129394531e+00
2.275376766920089722e-01
2.833100557327270508e-01
3.785206377506256104e-01
2.355051636695861816e-01
6.859152317047119141e-01
1.386861801147460938e+00
8.562394976615905762e-02
9.031821787357330322e-02
-4.999458491802215576e-01
-1.625148653984069824e+00
-1.279673099517822266e+00
6.726787090301513672e-01
-9.878302216529846191e-01
-2.467109560966491699e-01
2.705519437789916992e+00
3.882444798946380615e-01
-1.288273781538009644e-01
-7.628886103630065918e-01
-8.782494068145751953e-01
8.543819189071655273e-01
7.114739622920751572e-03
-7.228861749172210693e-02
-2.665897309780120850e-01
-5.545951053500175476e-02
-7.024220228195190430e-01
-4.266099035739898682e-01
7.747550010681152344e-01
-3.121592402458190918e-01
1.155459061264991760e-01
-7.611641883850097656e-01
-7.407690584659576416e-02
-2.113123536109924316e-01
8.306924253702163696e-02
-2.999285757541656494e-01
3.603024184703826904e-01
1.757889837026596069e-01
-5.408689975738525391e-01
-8.904481530189514160e-01
-1.165493845939636230e+00
-1.739535570144653320e+00
-1.603258132934570312e+00
7.030796408653259277e-01
1.785890460014343262e+00
2.191098213195800781e+00
1.013060927391052246e+00
8.901637196540832520e-01
3.277938067913055420e-01
-1.736145168542861938e-01
1.336757659912109375e+00
4.830558598041534424e-01
-1.239574775099754333e-01
9.452814459800720215e-01
1.480544954538345337e-01
-3.767932057380676270e-01
1.624246984720230103e-01
-5.461380481719970703e-01
-1.996405571699142456e-01
-7.295178174972534180e-01
2.175903022289276123e-01
8.278130292892456055e-01
1.299650669097900391e+00
4.868400394916534424e-01
-1.406588554382324219e-01
7.470843791961669922e-01
-7.380601167678833008e-01
4.737950861454010010e-01
-3.749675676226615906e-02
3.068612217903137207e-01
-9.124824404716491699e-01
-7.597112059593200684e-01
-1.612151622772216797e+00
-3.835317850112915039e+00
-1.116172075271606445e+00
4.314668476581573486e-01
-6.600618362426757812e-01
-9.460288882255554199e-01
-3.039149008691310883e-02
7.875444889068603516e-01
-1.804536700248718262e+00
-8.823529481887817383e-01
-2.110733747482299805e+00
-2.034651517868041992e+00
-1.384671330451965332e+00
1.794480562210083008e+00
2.389295339584350586e+00
-8.734593391418457031e-01
8.137940764427185059e-01
-7.380281686782836914e-01
-7.251748442649841309e-01
1.542315483093261719e+00
-6.048483252525329590e-01
-1.683124542236328125e+00
-2.259050369262695312e+00
-1.538384675979614258e+00
-3.349110126495361328e+00
-3.200788199901580811e-01
1.430243849754333496e+00
3.194425821304321289e+00
-8.325245231389999390e-03
-2.682364463806152344e+00
5.115248560905456543e-01
-7.533084750175476074e-01
-3.573812007904052734e+00
-1.510218977928161621e+00
1.746563911437988281e+00
1.111869439482688904e-01
2.018975019454956055e+00
6.302227377891540527e-01
-1.080454111099243164e+00
-3.618471622467041016e+00
5.012001037597656250e+00
2.849317312240600586e+00
-2.093697071075439453e+00
6.696289777755737305e-01
-5.057098865509033203e-01
5.755415186285972595e-02
-4.103875458240509033e-01
-1.122558832168579102e+00
4.974420368671417236e-01
2.261975288391113281e+00
2.508072853088378906e+00
1.832577586174011230e+00
7.761121988296508789e-01
1.060594320297241211e+00
1.286318302154541016e+00
6.980341076850891113e-01
1.515554904937744141e+00
3.141671180725097656e+00
-1.009465336799621582e+00
-3.000265359878540039e+00
1.264028549194335938e+00
5.827531218528747559e-01
2.162810266017913818e-01
2.708079814910888672e-01
-1.412820935249328613e+00
-1.634649038314819336e+00
2.710953652858734131e-01
4.334467351436614990e-01
-2.425776481628417969e+00
-2.520156860351562500e+00
1.960153102874755859e+00
-6.653468608856201172e-01
1.385488629341125488e+00
1.983113408088684082e+00
7.877041697502136230e-01
-7.292463779449462891e-01
-1.639263391494750977e+00
1.035558223724365234e+00
-1.025575995445251465e+00
-1.485422492027282715e+00
3.745927810668945312e-01
-4.579529166221618652e-01
-1.532407701015472412e-01
-1.031818985939025879e+00
-3.591497838497161865e-01
6.977466940879821777e-01
-4.721794128417968750e-01
-1.426728129386901855e+00
-6.018784642219543457e-01
7.591394186019897461e-01
4.545709490776062012e-01
-2.558599710464477539e-01
-8.761897087097167969e-01
6.086834073066711426e-01
-8.768123984336853027e-01
-1.214831471443176270e+00
2.560284614562988281e+00
2.727240025997161865e-01
1.536200165748596191e+00
6.267898082733154297e-01
3.957169651985168457e-01
-3.127020895481109619e-01
-2.370818614959716797e+00
-2.363537549972534180e+00
-3.221263170242309570e+00
1.956129431724548340e+00
-5.116814970970153809e-01
-2.724756717681884766e+00
-1.054092764854431152e+00
4.379014968872070312e-01
2.206777572631835938e+00
-9.409194588661193848e-01
-3.152408301830291748e-01
1.564669132232666016e+00
2.017777681350708008e+00
3.982876539230346680e-01
6.512032151222229004e-01
-2.479563653469085693e-01
9.735428094863891602e-01
1.297063946723937988e+00
9.539993405342102051e-01
6.147028803825378418e-01
6.926373243331909180e-01
-3.125104904174804688e-01
-2.435600571334362030e-02
1.374844014644622803e-01
-6.137418746948242188e-01
-1.751313805580139160e-01
-1.264728069305419922e+00
-1.062682986259460449e+00
-8.725172877311706543e-01
1.036356568336486816e+00
1.101118326187133789e+00
-6.562617421150207520e-01
-1.218791246414184570e+00
-4.261947870254516602e-01
3.230356872081756592e-01
-5.804030299186706543e-01
2.948221862316131592e-01
-5.289576649665832520e-01
4.337820410728454590e-01
-6.180689334869384766e-01
1.098356008529663086e+00
-4.597571790218353271e-01
-8.623943328857421875e-01
5.214137583971023560e-02
7.626042366027832031e-01
8.461110591888427734e-01
-1.092360019683837891e-01
-3.795874118804931641e-01
-1.593709945678710938e+00
-3.196881771087646484e+00
-2.516532421112060547e+00
1.397479772567749023e+00
1.871009945869445801e+00
-4.816264286637306213e-02
2.034127712249755859e+00
1.697976708412170410e+00
5.798950791358947754e-01
-1.443951129913330078e-01
-1.166914820671081543e+00
-2.680049419403076172e+00
-4.156246781349182129e-01
-1.340283393859863281e+00
-1.815649747848510742e+00
3.984632790088653564e-01
-9.948077201843261719e-01
-6.201286315917968750e-01
-1.321426510810852051e+00
-3.071110486984252930e+00
-3.722431898117065430e+00
9.453347325325012207e-02
-8.670406937599182129e-01
3.069250881671905518e-01
2.552397012710571289e+00
-1.009529232978820801e+00
1.233962893486022949e+00
-4.884921759366989136e-02
5.644550919532775879e-01
6.232292056083679199e-01
-1.308269739151000977e+00
-2.173563480377197266e+00
-3.200554132461547852e+00
-5.493056297302246094e+00
-3.753439664840698242e+00
6.125473380088806152e-01
5.131082057952880859e+00
3.118838548660278320e+00
1.000239491462707520e+00
-1.530736446380615234e+00
-2.611758947372436523e+00
3.948574066162109375e+00
-1.970193266868591309e+00
-1.017943739891052246e+00
2.863943099975585938e+00
-2.514057636260986328e+00
1.911549806594848633e+00
1.169201135635375977e+00
9.253228306770324707e-01
7.951127886772155762e-01
-5.202662944793701172e-02
-1.857323288917541504e+00
-7.789353728294372559e-01
1.234058618545532227e+00
-1.351124882698059082e+00
1.475754827260971069e-01
-5.889239162206649780e-02
-7.904634475708007812e-01
-2.501890659332275391e+00
-3.131289720535278320e+00
2.153389751911163330e-01
-7.669442296028137207e-01
6.323463320732116699e-01
1.156252026557922363e+00
2.600143253803253174e-01
-5.094780921936035156e-01
4.078891500830650330e-02
2.646936893463134766e+00
3.080108463764190674e-01
1.215334907174110413e-01
-1.154396772384643555e+00
-7.011127471923828125e-01
-5.990204215049743652e-01
5.503403544425964355e-01
9.084298610687255859e-01
2.041516080498695374e-02
1.253314733505249023e+00
5.248731374740600586e-01
-1.839451044797897339e-01
4.132007062435150146e-01
1.567814588546752930e+00
8.166840672492980957e-01
3.082663118839263916e-01
1.248253226280212402e+00
3.608452677726745605e-01
-6.163923740386962891e-01
-9.004912972450256348e-01
-4.056240245699882507e-02
-2.237984687089920044e-01
-1.203846335411071777e+00
-1.311542987823486328e+00
-7.593439817428588867e-01
1.055788278579711914e+00
1.545093655586242676e+00
1.452469825744628906e+00
2.320414066314697266e+00
1.649309635162353516e+00
8.259927630424499512e-01
-8.800057768821716309e-01
4.555289447307586670e-01
-7.247596979141235352e-01
-1.250911355018615723e-01
6.282322853803634644e-02
-1.037151932716369629e+00
-1.399137377738952637e+00
-1.201387405395507812e+00
-6.297247409820556641e-01
-9.622672200202941895e-01
-5.332527756690979004e-01
-1.573575615882873535e+00
-1.501660823822021484e+00
-1.929605364799499512e+00
-1.247563600540161133e+00
-1.540779709815979004e+00
-1.161422252655029297e+00
-2.766382217407226562e+00
-3.188323497772216797e+00
1.636392354965209961e+00
9.975464642047882080e-02
5.062397718429565430e-01
-1.912898719310760498e-01
-1.065924286842346191e+00
1.616976618766784668e+00
-1.558822274208068848e+00
-2.097257852554321289e+00
-3.581758141517639160e-01
-3.060779809951782227e+00
-2.416771173477172852e+00
-2.865712404251098633e+00
-2.410107702016830444e-01
1.244006037712097168e+00
1.049162030220031738e+00
-2.373703271150588989e-01
1.965150713920593262e+00
-2.425169944763183594e+00
-3.066027462482452393e-01
3.737200051546096802e-02
-5.539777874946594238e-01
4.954695701599121094e+00
-2.005288600921630859e+00
6.529915332794189453e-01
-5.903006553649902344e+00
4.691327512264251709e-01
2.162868738174438477e+00
-1.336866497993469238e+00
-2.341375589370727539e+00
1.671008586883544922e+00
-2.789640724658966064e-01
-2.739222764968872070e+00
4.793834984302520752e-01
-3.728972971439361572e-01
-7.026135921478271484e-01
-7.384113669395446777e-01
-1.302324682474136353e-01
2.398092985153198242e+00
1.322259783744812012e+00
-1.805718302726745605e+00
-6.305230855941772461e-01
-4.439445585012435913e-02
-2.128552913665771484e+00
1.691813468933105469e+00
6.340547800064086914e-01
5.627306699752807617e-01
-1.941160112619400024e-01
-2.727209925651550293e-01
3.438495635986328125e+00
8.870556205511093140e-02
5.141114592552185059e-01
1.306899666786193848e+00
-1.140761137008666992e+00
-1.066802501678466797e+00
-2.184176146984100342e-01
2.138914167881011963e-02
7.652866840362548828e-01
1.391795635223388672e+00
1.491285324096679688e+00
8.584534525871276855e-01
-3.567653149366378784e-02
2.582100927829742432e-01
-9.911299496889114380e-02
3.401841223239898682e-01
-3.079759180545806885e-01
-4.392237663269042969e-01
1.475142717361450195e+00
2.557171106338500977e+00
9.153913855552673340e-01
-1.928386539220809937e-01
8.051400184631347656e-01
-8.667478710412979126e-02
-1.755784451961517334e-01
9.711158871650695801e-01
1.417316049337387085e-01
8.862039446830749512e-01
1.832295507192611694e-01
1.197829723358154297e+00
1.082293391227722168e+00
9.648143500089645386e-02
-1.270364403724670410e+00
-1.985202074050903320e+00
-1.229537010192871094e+00
1.459628194570541382e-01
-5.434077382087707520e-01
-3.288286626338958740e-01
-1.031675338745117188e+00
-1.500894308090209961e+00
-1.819801092147827148e+00
-2.686532020568847656e+00
-1.602044582366943359e+00
-3.768251538276672363e-01
1.198580265045166016e+00
-1.590883731842041016e+00
-1.511879563331604004e+00
-1.132170915603637695e+00
-1.211313381791114807e-01
8.780288696289062500e-01
-1.382180571556091309e+00
-1.927417993545532227e+00
6.648229956626892090e-01
3.029631376266479492e+00
-4.322621822357177734e-01
1.502813339233398438e+00
1.372768431901931763e-01
8.273180127143859863e-01
1.076225876808166504e+00
1.626173615455627441e+00
1.752503633499145508e+00
9.138426184654235840e-01
-5.285690724849700928e-02
1.122407615184783936e-01
-1.648683905601501465e+00
-1.003270149230957031e+00
-1.986985057592391968e-01
4.645023345947265625e-01
2.492366880178451538e-01
-6.997341662645339966e-02
4.095602631568908691e-01
-9.779946208000183105e-01
-7.859288454055786133e-01
-3.402769267559051514e-01
-5.200800895690917969e-01
4.053609669208526611e-01
-7.360003590583801270e-01
-4.464992508292198181e-02
5.270925760269165039e-01
-5.551593899726867676e-01
-1.468721032142639160e+00
-2.675019741058349609e+00
-1.642600536346435547e+00
1.415682077407836914e+00
5.622357130050659180e-01
7.798644304275512695e-01
1.264832317829132080e-01
-3.720031380653381348e-01
6.634657979011535645e-01
7.856284976005554199e-01
7.222239375114440918e-01
8.732388019561767578e-01
4.767808914184570312e-01
-6.498110890388488770e-01
1.472683906555175781e+00
-2.439327090978622437e-01
1.403866529464721680e+00
2.367984801530838013e-01
-2.610811591148376465e-01
-6.502368301153182983e-02
-7.370701432228088379e-01
-1.381302356719970703e+00
-6.617543101310729980e-01
3.430208921432495117e+00
7.596663236618041992e-01
1.300438493490219116e-01
1.214084029197692871e+00
-2.537842988967895508e-01
1.132684826850891113e+00
3.507701754570007324e-01
1.064538121223449707e+00
4.963243603706359863e-01
2.596790194511413574e-01
-1.061064898967742920e-01
-2.836583256721496582e-01
1.755973845720291138e-01
6.449761390686035156e-01
1.715737283229827881e-01
-2.949309647083282471e-01
3.971540033817291260e-01
1.916600763797760010e-01
-5.193935036659240723e-01
2.321680784225463867e-01
-1.047929644584655762e+00
-2.783892452716827393e-01
-5.883545279502868652e-01
-8.586421012878417969e-01
-6.321038007736206055e-01
2.517329528927803040e-02
2.613130770623683929e-02
9.038153886795043945e-01
2.066370099782943726e-01
-1.097379088401794434e+00
-2.528619289398193359e+00
-2.472815036773681641e+00
1.461315393447875977e+00
3.025959014892578125e+00
3.736517667770385742e+00
2.848630905151367188e+00
-3.233999311923980713e-01
-1.456554293632507324e+00
-2.103224098682403564e-01
-6.997341662645339966e-02
2.947103977203369141e-01
-1.593406558036804199e+00
2.412213087081909180e-01
2.026452869176864624e-01
-3.954265713691711426e-01
-8.315143585205078125e-01
6.703475117683410645e-01
-6.361753940582275391e-01
5.824816823005676270e-01
1.562295407056808472e-01
1.899356544017791748e-01
1.612271815538406372e-01
1.017515659332275391e+00
1.304776072502136230e+00
9.855020642280578613e-01
-5.642126202583312988e-01
3.315939307212829590e-01
-2.271994054317474365e-01
-3.038404881954193115e-01
-5.008878707885742188e-01
-8.346118927001953125e-01
5.354646220803260803e-02
8.794339895248413086e-01
-1.681378781795501709e-01
-1.216172695159912109e+00
-1.415790796279907227e+00
-8.920288681983947754e-01
-2.453058660030364990e-01
-6.656183004379272461e-01
-5.857838392257690430e-01
-2.182393312454223633e+00
-1.159809589385986328e+00
8.337526917457580566e-01
8.468455672264099121e-01
-4.909724593162536621e-01
-1.592161059379577637e+00
2.312953211367130280e-02
-4.475105702877044678e-01
9.210436940193176270e-01
2.418770074844360352e+00
-1.627675816416740417e-02
3.361285328865051270e-01
1.200448393821716309e+00
1.901751458644866943e-01
-1.975169628858566284e-01
6.963576078414916992e-01
1.286706924438476562e-01
1.911491304636001587e-01
-1.208748102188110352e+00
-1.348426461219787598e+00
-3.027227818965911865e-01
-7.691795825958251953e-01
4.934982061386108398e-01
7.883588075637817383e-01
1.026616811752319336e+00
6.750737428665161133e-01
9.972813539206981659e-03
1.941439867019653320e+00
3.222532868385314941e-01
5.136484503746032715e-01
4.611493051052093506e-01
4.628897011280059814e-01
2.070256508886814117e-02
8.635842800140380859e-02
-3.162946403026580811e-01
2.488375157117843628e-01
1.617381125688552856e-01
5.450447648763656616e-02
-4.962415397167205811e-01
-8.364002108573913574e-01
4.096879959106445312e-01
-1.505742967128753662e-01
4.616282880306243896e-01
9.318213462829589844e-01
1.018601417541503906e+00
1.390970647335052490e-01
-5.195531845092773438e-01
-5.287820696830749512e-01
1.833413243293762207e-01
9.378089308738708496e-01
-2.008540332317352295e-01
7.109673023223876953e-01
1.546009182929992676e-01
5.089595913887023926e-02
3.987880423665046692e-02
5.752167701721191406e-01
2.520468533039093018e-01
2.696423828601837158e-01
-5.610511302947998047e-01
-7.137849926948547363e-02
2.358335494995117188e+00
5.981771349906921387e-01
2.408380955457687378e-01
9.745487570762634277e-01
1.125946879386901855e+00
5.264219641685485840e-01
3.109966516494750977e-01
-2.488824576139450073e-01
1.051301598548889160e+00
1.613432049751281738e+00
3.648050725460052490e-01
-3.005672693252563477e-01
3.280652463436126709e-01
7.573351263999938965e-01
3.989103436470031738e-01
-2.968150377273559570e-01
1.759167164564132690e-01
5.082197189331054688e-01
-1.848552078008651733e-01
5.683135823346674442e-04
-6.300281286239624023e-01
-3.875229656696319580e-01
-3.393987417221069336e-01
7.717746496200561523e-02
-7.157224416732788086e-01
-7.720641791820526123e-02
4.782019257545471191e-01
1.134861782193183899e-01
1.283513456583023071e-01
1.297048091888427734e+00
5.428094044327735901e-02
-4.669901728630065918e-01
4.549381732940673828e-01
-9.623310565948486328e-01
4.988471269607543945e-01
-6.192345023155212402e-01
8.702530264854431152e-01
1.305031538009643555e+00
1.458122014999389648e+00
6.501068919897079468e-02
-1.069048345088958740e-01
-1.349427103996276855e-01
2.196936635300517082e-03
1.064969301223754883e+00
-5.911327600479125977e-01
-5.633983016014099121e-01
-2.323407530784606934e-01
-1.221521615982055664e+00
-1.471483349800109863e+00
-9.810166433453559875e-03
-7.598549127578735352e-01
5.082675814628601074e-01
-8.091607093811035156e-01
5.099121928215026855e-01
1.532511830329895020e+00
-6.714727729558944702e-02
1.247853994369506836e+00
3.082183897495269775e-01
-2.016523778438568115e-01
2.328067570924758911e-01
-1.234465390443801880e-01
3.313905954360961914e+00
1.663583993911743164e+00
-7.514084577560424805e-01
-7.272345423698425293e-01
2.136507511138916016e+00
3.676897287368774414e+00
9.770236015319824219e-01
-2.473336607217788696e-01
6.043723225593566895e-01
1.593074202537536621e+00
-6.459470987319946289e-01
-6.065407991409301758e-01
-8.396733999252319336e-01
1.849678158760070801e+00
1.661460399627685547e+00
8.639620542526245117e-01
-1.170597821474075317e-01
-3.125264644622802734e-01
6.945533156394958496e-01
-6.231144666671752930e-01
-1.349746435880661011e-01
-8.131364583969116211e-01
1.298043429851531982e-01
3.694194853305816650e-01
1.389054656028747559e-01
1.357919126749038696e-01
-2.125258445739746094e-01
-2.306168556213378906e+00
-5.436964988708496094e+00
-2.570340871810913086e+00
5.457419157028198242e-01
-1.220547676086425781e+00
-1.569296479225158691e+00
-2.018120586872100830e-01
3.130542278289794922e+00
-7.342280745506286621e-01
5.086827278137207031e-01
-3.847287595272064209e-01
5.160754323005676270e-01
-8.773393034934997559e-01
4.380665719509124756e-02
1.822694063186645508e+00
-1.678781509399414062e+00
2.429137974977493286e-01
-5.995153784751892090e-01
5.392433404922485352e-01
-1.357032656669616699e+00
1.708179593086242676e+00
7.185835242271423340e-01
8.315013647079467773e-01
3.253508806228637695e-01
9.583902359008789062e-01
1.385329008102416992e+00
8.742926120758056641e-01
5.678241252899169922e-01
4.576525390148162842e-01
-5.228902697563171387e-01
-3.587985336780548096e-01
1.491652488708496094e+00
3.167287409305572510e-01
-2.912468975409865379e-03
-2.184740304946899414e+00
-1.581974267959594727e+00
-8.184374570846557617e-01
1.211912512779235840e+00
2.915372371673583984e+00
-7.922996282577514648e-01
6.333042979240417480e-01
2.257456541061401367e+00
1.202060937881469727e+00
-1.367874145507812500e+00
-4.761397838592529297e+00
1.802112817764282227e+00
2.964278936386108398e+00
1.341244339942932129e+00
-7.584977149963378906e-01
-8.044025301933288574e-01
-1.345312952995300293e+00
5.660198330879211426e-01
2.104940891265869141e+00
1.527966558933258057e-01
-7.512168288230895996e-01
7.217130064964294434e-01
1.067507982254028320e+00
1.067108869552612305e+00
9.251312017440795898e-01
6.023924350738525391e-01
-4.709285870194435120e-02
-1.969378948211669922e+00
-8.950785398483276367e-01
-5.917555093765258789e-01
3.098310530185699463e-01
2.054437637329101562e+00
-9.121471643447875977e-01
-1.527942299842834473e+00
-1.131851553916931152e+00
1.226969361305236816e+00
-1.112036705017089844e+00
-3.471905887126922607e-01
-2.562117815017700195e+00
-2.833954334259033203e+00
-2.075574636459350586e+00
-1.481925725936889648e+00
2.355844497680664062e+00
1.254496216773986816e+00
-7.365592122077941895e-01
7.221441268920898438e-01
-3.715720474720001221e-01
7.829779982566833496e-01
-4.656808972358703613e-01
9.306238293647766113e-01
-1.487540751695632935e-01
3.263887166976928711e-01
5.717094615101814270e-02
1.125739216804504395e+00
-6.516951918601989746e-01
7.928295731544494629e-01
2.182859182357788086e+00
-5.614608898758888245e-02
-1.446702718734741211e+00
-4.409886360168457031e+00
2.381396889686584473e-01
-4.930481612682342529e-01
1.026728510856628418e+00
-9.525593519210815430e-01
7.091630101203918457e-01
5.203188419342041016e+00
4.142539978027343750e+00
1.984039545059204102e+00
-1.293228983879089355e+00
9.121181964874267578e-01
3.726155281066894531e+00
1.315857052803039551e+00
4.849239885807037354e-01
6.206744909286499023e-01
-9.365231543779373169e-02
-1.163306355476379395e+00
-3.263537883758544922e-01
-2.389244318008422852e+00
-1.710507750511169434e+00
1.127575397491455078e+00
-1.212644100189208984e+00
-1.816298961639404297e-01
2.855097293853759766e+00
1.756639122962951660e+00
1.650592237710952759e-01
-8.198584914207458496e-01
-1.038349509239196777e+00
-4.150444641709327698e-02
9.488899707794189453e-01
-7.606372833251953125e-01
-1.226758837699890137e+00
-7.041144967079162598e-01
-6.483740806579589844e-01
2.472088932991027832e-01
1.717972606420516968e-01
7.529336959123611450e-02
-4.921699762344360352e-01
2.360160946846008301e-01
1.054867655038833618e-01
1.789435029029846191e+00
1.002570629119873047e+00
-1.319845795631408691e+00
-1.174594998359680176e+00
6.618052124977111816e-01
-1.555400043725967407e-01
-2.135402679443359375e+00
-2.134678810834884644e-01
-2.610971331596374512e-01
-1.454877734184265137e+00
2.638304531574249268e-01
2.426423579454421997e-01
1.077455401420593262e+00
5.088424086570739746e-01
-4.831167459487915039e-01
-8.375817537307739258e-01
-4.941977560520172119e-01
8.366746306419372559e-01
1.046671152114868164e+00
3.614999353885650635e-01
2.530171155929565430e+00
-2.938985999207943678e-04
-1.479626417160034180e+00
-1.398658394813537598e+00
-2.785808444023132324e-01
-3.797268867492675781e+00
-2.919377088546752930e+00
-2.049894630908966064e-01
-3.046250104904174805e+00
-1.497333765029907227e+00
4.420049786567687988e-01
3.381882607936859131e-01
-6.385382175445556641e+00
-3.757064104080200195e+00
6.198165416717529297e+00
-3.015833139419555664e+00
-3.422829151153564453e+00
1.568405389785766602e+00
6.300161838531494141e+00
1.695645570755004883e+00
2.871862649917602539e+00
5.434932231903076172e+00
-4.914195239543914795e-01
-7.340044975280761719e-01
-6.280801892280578613e-01
1.263054490089416504e+00
2.665666103363037109e+00
3.183264970779418945e+00
-4.415389597415924072e-01
-6.794456243515014648e-01
-2.968571186065673828e+00
8.633712530136108398e-01
4.980328083038330078e-01
-6.296449303627014160e-01
-1.693662643432617188e+00
1.442059397697448730e+00
2.419360876083374023e+00
1.651033997535705566e+00
-1.844949007034301758e+00
-2.196380138397216797e+00
2.955726087093353271e-01
-7.765403389930725098e-01
-2.430806159973144531e+00
-1.367027878761291504e+00
-3.299596786499023438e+00
-2.585461378097534180e+00
-2.929340362548828125e+00
6.887951374053955078e+00
-4.267541408538818359e+00
-1.969730257987976074e+00
1.281639933586120605e+00
-1.016059637069702148e+00
1.889052510261535645e+00
3.150772333145141602e+00
5.432350635528564453e-01
-4.437423944473266602e-01
1.452629446983337402e+00
1.511180043220520020e+00
-2.811994254589080811e-01
1.461379289627075195e+00
7.050914764404296875e-01
1.261505722999572754e+00
5.026791691780090332e-01
-1.405955195426940918e+00
-4.655138015747070312e+00
-6.330663681030273438e+00
-2.507016181945800781e+00
-1.601134538650512695e+00
8.125805854797363281e-01
7.916958928108215332e-01
-6.405503153800964355e-01
2.464722871780395508e+00
4.333535671234130859e+00
3.294825553894042969e+00
1.176290392875671387e+00
2.434768915176391602e+00
1.472795605659484863e+00
1.379660725593566895e+00
9.840969443321228027e-01
-5.092066526412963867e-01
-1.077372550964355469e+00
-6.258128881454467773e-01
1.070355549454689026e-01
5.420056581497192383e-01
-1.346718072891235352e+00
-8.066538572311401367e-01
1.176513910293579102e+00
-4.838352501392364502e-01
9.151838421821594238e-01
-4.008712768554687500e-01
4.517607688903808594e-01
-6.975201964378356934e-01
-1.618948280811309814e-01
1.111187972128391266e-03
3.513172864913940430e+00
1.834717154502868652e+00
1.729271769523620605e+00
3.849393129348754883e-01
-8.122901916503906250e-01
-1.502906203269958496e+00
-3.052774965763092041e-01
6.276999711990356445e-01
-8.840134739875793457e-01
-2.356459051370620728e-01
-1.799395442008972168e+00
-3.299144208431243896e-01
4.202101826667785645e-01
2.237056195735931396e-01
-1.358613371849060059e+00
-1.359012603759765625e+00
-5.630949139595031738e-01
2.361528873443603516e+00
1.171745285391807556e-01
1.999399662017822266e+00
-7.263723611831665039e-01
1.296233773231506348e+00
-3.191229343414306641e+00
-2.250508069992065430e+00
-3.220448732376098633e+00
-3.022283792495727539e+00
-1.581223845481872559e+00
4.445118010044097900e-01
2.177302837371826172e+00
3.191040754318237305e+00
1.382742404937744141e+00
1.355901956558227539e+00
2.948838949203491211e+00
-1.693742513656616211e+00
-3.194678306579589844e+00
-4.628185749053955078e+00
-2.064366102218627930e+00
-2.089913129806518555e+00
-2.573246717453002930e+00
-5.929530262947082520e-01
1.844441056251525879e+00
1.791191458702087402e+00
1.821336865425109863e+00
-2.675291299819946289e+00
-6.179593086242675781e+00
-8.214333534240722656e+00
-5.495866775512695312e+00
3.624909162521362305e+00
7.085094451904296875e+00
2.992364645004272461e+00
3.811051130294799805e+00
9.358769059181213379e-01
-9.277148842811584473e-01
-1.354046821594238281e+00
-2.002318620681762695e+00
-1.768723011016845703e+00
-7.815539240837097168e-01
8.249389529228210449e-01
1.188884023576974869e-02
-5.616205558180809021e-02
4.968247562646865845e-02
-3.983644843101501465e-01
-5.133740305900573730e-01
-1.210887670516967773e+00
-1.832414984703063965e+00
-2.177315711975097656e+00
-2.086560010910034180e+00
-1.397748231887817383e+00
7.825468778610229492e-01
1.256603956222534180e+00
2.416662454605102539e+00
-1.357112526893615723e+00
-2.289435386657714844e+00
-3.208760976791381836e+00
-3.901612520217895508e+00
1.818478822708129883e+00
1.763009905815124512e+00
-1.343955755233764648e+00
1.045202255249023438e+00
4.737817287445068359e+00
3.166356086730957031e+00
1.955203294754028320e+00
-4.869008958339691162e-01
-7.782168388366699219e-01
-1.771948337554931641e+00
-2.648594617843627930e+00
-2.504365682601928711e+00
-3.232136487960815430e+00
-3.981399059295654297e+00
-2.817252874374389648e+00
-1.274946808815002441e+00
-2.700550794601440430e+00
-3.051817119121551514e-01
1.299682617187500000e+00
1.810383677482604980e+00
1.955506682395935059e+00
2.211935043334960938e+00
2.245960474014282227e+00
3.520948648452758789e+00
1.375094175338745117e+00
-1.069676518440246582e+00
-2.991882801055908203e+00
-4.475430488586425781e+00
-3.585308313369750977e+00
-4.472093582153320312e+00
-2.865323722362518311e-01
-3.072707176208496094e+00
-4.920268058776855469e+00
-4.089941978454589844e+00
-2.088268518447875977e+00
1.688907504081726074e+00
-2.698570966720581055e+00
-2.307733297348022461e+00
5.107913970947265625e+00
5.951668739318847656e+00
7.425524711608886719e+00
4.087885379791259766e+00
3.635862350463867188e+00
2.690510749816894531e+00
1.077886462211608887e+00
-4.506342411041259766e+00
-2.443100690841674805e+00
5.083953142166137695e-01
2.930205583572387695e+00
2.932776212692260742e+00
4.408117294311523438e+00
3.907315492630004883e+00
4.688352108001708984e+00
4.527996540069580078e+00
3.603992462158203125e+00
3.151379108428955078e+00
1.563567399978637695e+00
3.763166427612304688e+00
2.775678157806396484e+00
1.596187710762023926e+00
2.079505681991577148e+00
1.836952567100524902e+00
1.678912281990051270e+00
1.923269510269165039e+00
3.205905914306640625e+00
5.642794370651245117e-01
-3.744885697960853577e-02
1.048220038414001465e+00
3.187208652496337891e+00
-9.639277458190917969e-01
5.152131915092468262e-01
5.276572227478027344e+00
5.650612831115722656e+00
5.515309333801269531e+00
2.544573307037353516e+00
2.705455780029296875e+00
3.704296588897705078e+00
2.670557498931884766e-01
-3.154484033584594727e-01
-1.979422092437744141e+00
-2.410735845565795898e+00
-7.344196438789367676e-01
2.143170982599258423e-01
-5.396075844764709473e-01
-1.829540848731994629e+00
-2.541344881057739258e+00
-1.640812277793884277e+00
-1.916336894035339355e+00
-1.675731778144836426e+00
-1.823803484439849854e-01
-1.834314942359924316e+00
3.644021511077880859e+00
-1.341321229934692383e+00
-2.191701889038085938e+00
-2.929563999176025391e+00
-3.113039493560791016e+00
-1.121089935302734375e+00
7.986734509468078613e-01
4.947079658508300781e+00
7.552669048309326172e+00
7.332213878631591797e+00
2.038747519254684448e-01
2.239451259374618530e-01
-1.663022160530090332e+00
-1.423039793968200684e+00
-1.171784758567810059e+00
-1.422161579132080078e+00
-2.829483509063720703e+00
-4.157204926013946533e-01
-8.135675191879272461e-01
-1.355388045310974121e+00
-2.243897676467895508e+00
-1.378923296928405762e+00
1.401535391807556152e+00
