1.380554914474487305e+00
1.606630086898803711e+00
1.219097614288330078e+00
-3.312077224254608154e-01
3.356814682483673096e-01
1.009101152420043945e+00
8.579584956169128418e-01
-3.660315275192260742e-01
-1.543424874544143677e-01
3.542403876781463623e-02
4.500363469123840332e-01
8.817651271820068359e-01
2.918523252010345459e-01
-5.295484662055969238e-01
7.448809742927551270e-01
1.575814008712768555e+00
1.930119395256042480e+00
5.480784550309181213e-02
1.538355708122253418e+00
-9.244735836982727051e-01
-1.099225804209709167e-01
1.139470815658569336e+00
4.543527960777282715e-02
-4.682835042476654053e-01
-1.106735706329345703e+00
-7.248021662235260010e-02
8.150873780250549316e-01
-8.229401111602783203e-01
6.650784611701965332e-01
3.108050525188446045e-01
-2.398089885711669922e+00
-3.933029770851135254e-01
1.267126083374023438e+00
1.830422043800354004e+00
1.219768285751342773e+00
4.023591876029968262e-01
2.499871253967285156e-01
3.192729130387306213e-02
-7.173031568527221680e-01
-2.955376803874969482e-01
-1.659509420394897461e+00
-1.643319010734558105e+00
-1.420325398445129395e+00
1.702926397323608398e+00
-2.209121942520141602e+00
-4.250930547714233398e-01
1.535151600837707520e-01
1.334522366523742676e+00
-6.985260844230651855e-01
-1.965978026390075684e+00
-2.030021190643310547e+00
-8.121944069862365723e-01
2.463333606719970703e+00
-1.969442844390869141e+00
5.780962109565734863e-02
1.212359666824340820e+00
1.597129821777343750e+00
-8.678869009017944336e-01
-1.679994940757751465e+00
-1.155051469802856445e+00
1.963857412338256836e+00
-1.219350099563598633e+00
4.358896613121032715e-01
-1.368161559104919434e+00
-9.490625858306884766e-01
7.531198859214782715e-01
-1.834501326084136963e-01
-6.645804643630981445e-01
5.554976463317871094e-01
-6.965142488479614258e-01
-3.486089944839477539e+00
-3.080770492553710938e+00
7.091789841651916504e-01
-9.235954284667968750e-01
-3.526991605758666992e-01
-9.144463539123535156e-01
-1.481063485145568848e+00
5.222705602645874023e-01
5.223562240600585938e+00
-4.286696314811706543e-01
3.783609569072723389e-01
1.321253895759582520e+00
2.325044393539428711e+00
-4.519493579864501953e-01
-4.292763769626617432e-01
7.839200496673583984e-01
-7.237856984138488770e-01
-6.021978259086608887e-01
-1.908129930496215820e+00
-2.706027507781982422e+00
1.028021812438964844e+00
-2.055248975753784180e+00
-6.841079592704772949e-01
1.486894369125366211e+00
-3.153845369815826416e-01
-1.658184170722961426e+00
-7.892339825630187988e-01
1.359207153320312500e+00
1.925728440284729004e+00
-8.731240630149841309e-01
-5.169346332550048828e-01
-6.055508852005004883e-01
1.674702316522598267e-01
-1.115246057510375977e+00
3.866318166255950928e-01
-4.891043305397033691e-01
1.402493357658386230e+00
1.147613883018493652e+00
-7.281765937805175781e-01
-8.240418434143066406e-01
-2.391586154699325562e-01
2.373732775449752808e-01
-1.039770483970642090e+00
-3.117440938949584961e-01
-9.603990912437438965e-01
-2.493508100509643555e+00
-1.786302566528320312e+00
2.355445384979248047e+00
-7.640222907066345215e-01
-5.386176705360412598e-01
1.293413043022155762e-01
-2.477488070726394653e-01
-2.140927314758300781e+00
-1.632365703582763672e+00
1.216079950332641602e+00
7.918076515197753906e-01
-6.647081971168518066e-01
-5.107075572013854980e-01
-5.100688338279724121e-01
-1.468061059713363647e-01
1.260595679283142090e+00
1.007605642080307007e-01
1.506374001502990723e+00
1.187579035758972168e+00
8.497355580329895020e-01
-1.462573766708374023e+00
5.939034372568130493e-02
-2.984277009963989258e-01
-7.741453051567077637e-01
-1.509388685226440430e+00
-1.363195896148681641e+00
-3.459292054176330566e-01
7.534392476081848145e-01
-1.020578265190124512e+00
7.009720206260681152e-01
-7.483428120613098145e-01
-4.633497297763824463e-01
-1.387880682945251465e+00
-1.266228914260864258e+00
-8.085741661489009857e-03
-6.155301928520202637e-01
8.284357190132141113e-01
7.385634630918502808e-02
8.286113739013671875e-01
-9.059998989105224609e-01
1.028841584920883179e-01
7.584528326988220215e-01
1.640719413757324219e+00
1.504553794860839844e+00
-5.834409967064857483e-03
4.785212874412536621e-01
2.904153168201446533e-01
1.220726251602172852e+00
6.379507184028625488e-01
-8.918532133102416992e-01
-1.473910331726074219e+00
-1.478748321533203125e+00
-5.729464888572692871e-01
-1.986186802387237549e-01
-3.785176277160644531e-01
-7.675190567970275879e-01
-4.333639144897460938e-01
4.898897111415863037e-01
-1.773348003625869751e-01
1.129108309745788574e+00
-8.307798504829406738e-01
-7.155467867851257324e-01
-1.249799013137817383e+00
-1.127316951751708984e+00
-3.423372030258178711e+00
-1.520214319229125977e+00
-3.406760990619659424e-01
1.203466057777404785e+00
3.393378853797912598e-01
3.537559807300567627e-01
7.215213775634765625e-01
1.091186881065368652e+00
1.728521347045898438e+00
1.176785349845886230e+00
-9.574397653341293335e-02
9.453452825546264648e-01
7.776290774345397949e-01
1.081766486167907715e+00
-2.636038959026336670e-01
3.397530019283294678e-01
-1.215965151786804199e+00
-8.757585883140563965e-01
-4.005359709262847900e-01
-1.836278915405273438e+00
-5.867738127708435059e-01
5.377105474472045898e-01
-6.759808659553527832e-01
1.029320582747459412e-01
-4.249972701072692871e-01
-5.052032414823770523e-03
2.687641978263854980e-01
3.001126274466514587e-02
-7.055994272232055664e-01
3.847796618938446045e-01
2.512485086917877197e-01
-5.455313324928283691e-01
-1.498877257108688354e-01
-7.337171435356140137e-01
-7.314498424530029297e-01
-7.674551606178283691e-01
2.199374437332153320e-01
-5.039056539535522461e-01
-3.349439799785614014e-01
-4.860706329345703125e-01
1.874927133321762085e-01
8.054912686347961426e-01
1.572514176368713379e-01
-2.141704261302947998e-01
-1.135380268096923828e+00
-9.846847057342529297e-01
-1.094185709953308105e+00
-8.157550096511840820e-01
-1.424311846494674683e-01
-5.765070915222167969e-01
-5.700405240058898926e-01
6.683676242828369141e-01
2.098250627517700195e+00
1.637733578681945801e+00
2.005376666784286499e-01
-5.111705660820007324e-01
-1.487860083580017090e-01
4.439369738101959229e-01
3.277353569865226746e-02
7.706834673881530762e-01
-2.358534634113311768e-01
4.427235126495361328e-01
-2.446777373552322388e-02
-1.964791119098663330e-01
-4.522207975387573242e-01
-1.212931513786315918e+00
2.667044699192047119e-01
-6.543456912040710449e-01
1.018617391586303711e+00
-7.334137558937072754e-01
3.432497680187225342e-01
7.329377532005310059e-01
6.270293593406677246e-01
3.551984205842018127e-02
2.952532768249511719e-01
6.709542870521545410e-01
2.310024946928024292e-01
-3.838346004486083984e-01
-3.176837861537933350e-01
3.301888406276702881e-01
6.612623333930969238e-01
1.588874936103820801e+00
2.900171995162963867e+00
1.295451402664184570e+00
3.069889545440673828e-01
5.387963056564331055e-01
7.084285616874694824e-01
-8.268679976463317871e-01
-1.291946172714233398e-01
-1.242289170622825623e-01
-1.586269378662109375e+00
-2.978369295597076416e-01
-6.638460159301757812e-01
6.360560655593872070e-02
1.723880320787429810e-01
-6.440949440002441406e-01
2.138859927654266357e-01
7.120849490165710449e-01
-7.174947857856750488e-01
-3.191846609115600586e-01
-3.167896270751953125e-01
-1.722067713737487793e+00
-1.947632074356079102e+00
7.134740948677062988e-01
-1.379050970077514648e+00
-1.772443294525146484e+00
8.449135422706604004e-01
1.106978178024291992e+00
4.180386960506439209e-01
1.377398818731307983e-01
2.430841207504272461e+00
-3.933029770851135254e-01
-8.899850845336914062e-01
4.632728993892669678e-01
-6.740967631340026855e-01
-6.442546248435974121e-01
8.109838962554931641e-01
-2.628374993801116943e-01
-1.011269569396972656e+00
-1.070166081190109253e-01
6.938667297363281250e-01
-3.475737869739532471e-01
6.235166192054748535e-01
1.183560788631439209e-01
4.784733653068542480e-01
9.344878196716308594e-01
6.223191022872924805e-01
4.415738880634307861e-01
4.774195551872253418e-01
6.314042806625366211e-01
1.430887877941131592e-01
-1.309030801057815552e-01
9.535363316535949707e-01
-9.395026601850986481e-03
-8.364321589469909668e-01
-2.150166779756546021e-01
-5.359991192817687988e-01
8.547012805938720703e-01
-6.508808732032775879e-01
-6.934007406234741211e-01
5.247933268547058105e-01
-6.333811879158020020e-01
-1.387864708900451660e+00
-1.205522775650024414e+00
1.086412787437438965e+00
-1.154311597347259521e-01
7.130589485168457031e-01
5.699530988931655884e-02
2.510409355163574219e-01
-4.455147087574005127e-01
-8.059832453727722168e-01
1.199527680873870850e-01
-4.348807632923126221e-01
4.798944294452667236e-01
-4.458605870604515076e-02
2.042813777923583984e+00
1.247614502906799316e+00
1.143270850181579590e+00
7.615982890129089355e-01
2.181970477104187012e-01
2.664101362228393555e+00
2.069244235754013062e-01
1.640671491622924805e+00
-9.722889959812164307e-02
8.920957446098327637e-01
-8.124338984489440918e-01
-2.560196518898010254e-01
-7.527442276477813721e-02
-9.871382266283035278e-02
3.754390180110931396e-01
-2.909711599349975586e-01
-1.063944339752197266e+00
1.498427838087081909e-01
5.737478137016296387e-01
2.431974649429321289e+00
5.951115489006042480e-01
-7.009211182594299316e-01
-3.737275600433349609e-01
-1.044778674840927124e-01
7.251618504524230957e-01
-9.694842696189880371e-01
-3.079918622970581055e-01
5.241227149963378906e-01
-9.398816227912902832e-01
-6.431369185447692871e-01
-7.105172276496887207e-01
-3.711888194084167480e-01
6.612304449081420898e-01
1.602398872375488281e+00
1.658985495567321777e+00
-2.508942782878875732e-01
-9.606331586837768555e-02
1.170701980590820312e+00
2.769073247909545898e-01
7.574468851089477539e-01
-1.266899585723876953e+00
5.572380423545837402e-01
-5.280848503112792969e+00
-9.173044562339782715e-01
-8.959726691246032715e-01
3.986708521842956543e-01
4.315201565623283386e-02
7.727751135826110840e-01
3.952858746051788330e-01
-2.729391306638717651e-02
1.047277927398681641e+00
1.238689064979553223e+00
1.027910113334655762e+00
5.568602681159973145e-02
7.247467041015625000e-01
-6.309701800346374512e-01
2.363354414701461792e-01
-1.279034376144409180e+00
-1.046332955360412598e+00
-5.656336545944213867e-01
1.209586784243583679e-01
-1.251715064048767090e+00
-9.504836201667785645e-01
-5.696040019392967224e-02
4.911308642476797104e-03
3.702976703643798828e-01
2.789351344108581543e-01
1.859493553638458252e-02
-4.063319563865661621e-01
-9.516917169094085693e-02
5.056065320968627930e-02
6.421499848365783691e-01
-1.113915368914604187e-01
-6.313853263854980469e-01
-9.734919667243957520e-01
1.004571914672851562e-01
4.669133424758911133e-01
-3.362692296504974365e-01
-1.171022653579711914e-02
7.091311216354370117e-01
8.476917743682861328e-01
-9.286993741989135742e-02
-6.927461028099060059e-01
-4.888328909873962402e-01
-1.970698833465576172e-01
-2.272632867097854614e-01
4.332391619682312012e-01
2.929380834102630615e-01
-8.251914381980895996e-01
-1.242693781852722168e+00
-1.106831431388854980e+00
-2.370829135179519653e-01
-1.150000542402267456e-01
-9.226533770561218262e-01
-6.148595809936523438e-01
3.427442163228988647e-02
-5.511516928672790527e-01
3.943118751049041748e-01
4.593290686607360840e-01
8.504381179809570312e-01
8.234859704971313477e-01
9.729360938072204590e-01
3.728262901306152344e+00
9.818136692047119141e-01
-5.630575492978096008e-02
-8.000116348266601562e-01
-4.278393685817718506e-01
2.130397409200668335e-01
3.905394114553928375e-03
1.864708364009857178e-01
-8.412700891494750977e-01
-5.517743825912475586e-01
-5.769541859626770020e-01
4.484450444579124451e-02
6.646952629089355469e-01
1.823992729187011719e-01
-8.354527503252029419e-02
-8.768069744110107422e-02
8.285474777221679688e-01
6.639927029609680176e-01
4.656679332256317139e-01
2.351538836956024170e-01
-7.972918450832366943e-02
7.191902399063110352e-01
5.396904349327087402e-01
-3.036648333072662354e-01
1.214227795600891113e+00
-4.410599470138549805e-01
-2.930468618869781494e-01
1.026999950408935547e+00
7.946018576622009277e-01
1.915163695812225342e-01
2.962591946125030518e-01
1.591764926910400391e+00
4.452781975269317627e-01
-5.697690844535827637e-01
-1.478109598159790039e+00
-5.213095545768737793e-01
2.016234099864959717e-01
-9.109761565923690796e-02
-1.412815600633621216e-01
-1.044257164001464844e+00
-1.080054998397827148e+00
-7.517756819725036621e-01
-4.394632577896118164e-01
-1.782608926296234131e-01
4.944881796836853027e-01
7.160926461219787598e-01
8.515877127647399902e-01
4.718471169471740723e-01
-5.635738968849182129e-01
2.447499930858612061e-01
-3.590006753802299500e-02
-5.918033719062805176e-01
-2.328676581382751465e-01
-3.558286726474761963e-01
-4.821054264903068542e-02
-1.066972687840461731e-01
-1.006080389022827148e+00
-6.461227536201477051e-01
-6.903031468391418457e-01
-3.035211265087127686e-01
3.597914576530456543e-01
7.933245301246643066e-01
9.818456172943115234e-01
3.734431564807891846e-01
6.995669007301330566e-01
1.042008876800537109e+00
-5.622646212577819824e-01
-6.364468336105346680e-01
-3.400000929832458496e-02
4.224934577941894531e-01
-6.856887340545654297e-01
-5.885940194129943848e-01
-3.148097395896911621e-01
-1.491692066192626953e-01
2.857210636138916016e-01
-2.104820758104324341e-01
-1.209716722369194031e-01
1.334985375404357910e+00
2.387304753065109253e-01
7.674261927604675293e-01
8.279886245727539062e-01
7.913126945495605469e-01
2.721651494503021240e-01
9.895630180835723877e-02
-8.325786888599395752e-02
5.853354930877685547e-03
3.579127788543701172e-02
1.230018973350524902e+00
4.304449558258056641e-01
-1.063140630722045898e-01
-7.046414017677307129e-01
-1.217018961906433105e+00
-7.333179712295532227e-01
7.877520918846130371e-01
-4.896791279315948486e-01
-4.660960435867309570e-01
3.202201604843139648e+00
1.006769895553588867e+00
-2.114124363288283348e-03
-4.548713266849517822e-01
-7.021984457969665527e-01
3.173195421695709229e-01
1.392247974872589111e-01
-4.059487581253051758e-01
3.975691199302673340e-01
-7.243924736976623535e-01
-1.236307024955749512e+00
-6.307147145271301270e-01
1.640352129936218262e+00
-9.836255013942718506e-02
5.123072266578674316e-01
-1.140361905097961426e+00
1.485015600919723511e-01
-2.033927738666534424e-01
1.730905771255493164e-01
-5.609074234962463379e-01
1.740480542182922363e+00
4.311315417289733887e-01
-4.391119778156280518e-01
-8.073723912239074707e-01
-9.588822126388549805e-01
-1.423119664192199707e+00
-6.001859903335571289e-01
1.792724251747131348e+00
2.294356107711791992e+00
2.862426280975341797e+00
2.390125513076782227e+00
1.715955376625061035e+00
7.306065559387207031e-01
-2.774631679058074951e-01
1.417645931243896484e+00
6.106951832771301270e-01
-1.274542212486267090e-01
1.128134250640869141e+00
-7.461978495121002197e-02
-6.086484789848327637e-01
-2.282318286597728729e-02
9.087705612182617188e-02
7.827703952789306641e-01
-7.934597879648208618e-02
1.356700301170349121e+00
1.441963553428649902e+00
1.499013304710388184e+00
9.080466628074645996e-01
-1.068409681320190430e-01
1.329412937164306641e+00
-2.338895350694656372e-01
8.812222480773925781e-01
9.097710847854614258e-01
1.091091036796569824e+00
3.047430329024791718e-02
9.808556437492370605e-01
-8.644061088562011719e-01
-1.043666481971740723e+00
1.445417702198028564e-01
1.593106150627136230e+00
-6.208791136741638184e-01
-5.751923844218254089e-02
9.906807541847229004e-02
1.424878954887390137e+00
-1.743383526802062988e+00
-1.075823783874511719e+00
-1.692768454551696777e+00
-2.102926015853881836e+00
-8.698827624320983887e-01
2.942132949829101562e+00
2.754250526428222656e+00
-1.050846129655838013e-01
1.113716125488281250e+00
-5.256685018539428711e-01
-6.061895489692687988e-01
1.767049431800842285e+00
5.618099868297576904e-02
-1.124395012855529785e+00
-1.346207141876220703e+00
-1.725787997245788574e+00
-1.171688914299011230e+00
9.546859264373779297e-01
1.756271839141845703e+00
2.159404039382934570e+00
4.899216294288635254e-01
-2.012489557266235352e+00
8.896847367286682129e-01
-1.889512538909912109e+00
-2.149038314819335938e+00
-2.385359108448028564e-01
2.663175344467163086e+00
1.465658426284790039e+00
2.525460958480834961e+00
1.471502304077148438e+00
-2.143406309187412262e-02
-4.414272010326385498e-01
5.575999736785888672e+00
2.379443645477294922e+00
-8.824487328529357910e-01
1.434379220008850098e+00
5.225739479064941406e-01
9.866836071014404297e-01
5.463166832923889160e-01
-6.924905776977539062e-01
1.198963403701782227e+00
2.283610343933105469e+00
2.772628307342529297e+00
1.588523626327514648e+00
7.032712697982788086e-01
5.672652721405029297e-01
8.807229809463024139e-03
-3.958736360073089600e-01
7.420548200607299805e-01
1.312855243682861328e+00
-7.311304807662963867e-01
-5.555744767189025879e-01
1.497975468635559082e+00
9.954972863197326660e-01
3.591527938842773438e-01
1.078498661518096924e-01
-1.398450732231140137e+00
-2.255936861038208008e+00
3.195708692073822021e-01
2.039066851139068604e-01
-2.971157789230346680e+00
-1.715217947959899902e+00
2.053735017776489258e+00
-6.672629117965698242e-01
1.412967681884765625e+00
2.144953966140747070e+00
1.877173185348510742e+00
-5.476868748664855957e-01
-1.167282104492187500e+00
9.305280447006225586e-01
-4.539611935615539551e-01
-1.056136608123779297e+00
7.703481912612915039e-01
-1.191408038139343262e+00
-7.773227095603942871e-01
-1.347867608070373535e+00
-4.797636866569519043e-01
1.158838629722595215e+00
3.369109034538269043e-01
-1.179209351539611816e+00
-5.307619571685791016e-01
8.952731490135192871e-01
5.345331430435180664e-01
-5.729624629020690918e-01
-4.413792788982391357e-01
3.377731144428253174e-01
-7.317851185798645020e-01
1.803714781999588013e-01
1.442777872085571289e+00
2.240568995475769043e-01
1.504426002502441406e+00
9.059230685234069824e-01
4.249044358730316162e-01
-3.346725404262542725e-01
-1.941596508026123047e+00
-2.278545856475830078e+00
-1.525627017021179199e+00
-9.194918870925903320e-01
-6.240724921226501465e-01
-1.470397591590881348e+00
-8.361287713050842285e-01
6.975285708904266357e-02
6.225107312202453613e-01
-1.219318270683288574e+00
-2.197109460830688477e-01
6.507561206817626953e-01
5.276992917060852051e-01
-6.133427023887634277e-01
3.953177928924560547e-01
3.898465633392333984e-02
4.852114021778106689e-01
9.739899039268493652e-01
6.408726572990417480e-01
-4.963213503360748291e-01
2.025175541639328003e-01
-4.319428503513336182e-01
-2.978848218917846680e-01
1.043531149625778198e-01
-4.540570080280303955e-01
-3.858464360237121582e-01
-8.487905263900756836e-01
-7.538992762565612793e-01
-5.275366306304931641e-01
1.934537850320339203e-02
4.045466482639312744e-01
-9.187574386596679688e-01
-4.613858163356781006e-01
-2.082946151494979858e-01
4.007784724235534668e-01
-4.402456283569335938e-01
7.048360109329223633e-01
-6.239766478538513184e-01
4.448630511760711670e-01
-5.609713196754455566e-01
2.360853925347328186e-02
-7.090482711791992188e-01
-5.318477153778076172e-01
4.085703194141387939e-01
8.766716718673706055e-01
1.256210207939147949e-01
-7.094739377498626709e-02
-1.159420982003211975e-01
-9.912471175193786621e-01
-3.219698429107666016e+00
-1.581559062004089355e+00
2.279411077499389648e+00
1.438418865203857422e+00
3.067334890365600586e-01
1.900580644607543945e+00
1.541676759719848633e+00
9.047893881797790527e-01
-1.842005699872970581e-01
-1.720071911811828613e+00
-3.135552883148193359e+00
-2.566253423690795898e+00
-6.602055430412292480e-01
1.653520576655864716e-02
3.184745460748672485e-02
-2.710923850536346436e-01
-8.760619759559631348e-01
-1.377534151077270508e+00
-2.161620378494262695e+00
-2.213656425476074219e+00
5.385727286338806152e-01
-3.155921101570129395e-01
1.341531753540039062e+00
1.258040904998779297e+00
-1.334694981575012207e+00
7.249063849449157715e-01
1.095263883471488953e-01
1.461954116821289062e+00
1.019719123840332031e+00
-4.450356960296630859e-01
-1.082002997398376465e+00
-2.105033636093139648e+00
-3.455545425415039062e+00
-2.577382326126098633e+00
1.722134590148925781e+00
5.693084716796875000e+00
3.227892398834228516e+00
5.792404413223266602e-01
-7.972653508186340332e-01
4.056537896394729614e-02
1.078125953674316406e+00
-2.539732217788696289e+00
-8.830714225769042969e-01
2.676667451858520508e+00
-2.121064424514770508e+00
2.463589191436767578e+00
1.765372991561889648e+00
1.505416035652160645e+00
1.095162630081176758e+00
-1.987783461809158325e-01
-1.129759907722473145e+00
-3.251403272151947021e-01
1.590280055999755859e+00
-1.971151232719421387e+00
-2.403666637837886810e-02
-2.334264963865280151e-01
4.416334908455610275e-03
-1.909918189048767090e+00
-2.851150512695312500e+00
1.462704539299011230e+00
-4.845537543296813965e-01
5.924609899520874023e-01
2.941515743732452393e-01
4.588021636009216309e-01
-7.817615270614624023e-01
-8.771796226501464844e-01
1.360165119171142578e+00
-9.246332645416259766e-01
7.443115860223770142e-02
-8.393061757087707520e-01
7.385580539703369141e-01
-4.742710888385772705e-01
1.292577266693115234e+00
1.817765682935714722e-01
-7.359790056943893433e-02
1.251223087310791016e+00
2.409977763891220093e-01
-4.267536103725433350e-01
6.429962515830993652e-01
2.367452621459960938e+00
1.127447724342346191e+00
7.970288395881652832e-01
1.461507081985473633e+00
3.798458874225616455e-01
-6.212623119354248047e-01
-6.508489251136779785e-01
-4.771556705236434937e-02
-7.034119367599487305e-01
-1.068670630455017090e+00
-8.503552675247192383e-01
-4.026595652103424072e-01
-5.555531382560729980e-02
1.781403660774230957e+00
-2.789640724658966064e-01
2.840695142745971680e+00
1.197350740432739258e+00
1.463619917631149292e-01
-9.313872456550598145e-01
6.218720078468322754e-01
-8.718786239624023438e-01
-4.863899648189544678e-01
-4.424810111522674561e-01
-1.194617390632629395e+00
-8.977130651473999023e-01
-2.829717397689819336e-01
4.124981760978698730e-01
-7.332540750503540039e-01
-2.685376703739166260e-01
-3.347310051321983337e-02
1.492999047040939331e-01
-2.450557231903076172e+00
-1.967494845390319824e+00
-1.137024879455566406e+00
-2.880535088479518890e-03
-2.664705276489257812e+00
-1.431885480880737305e+00
1.294062256813049316e+00
2.624413073062896729e-01
1.188345432281494141e+00
-4.227778613567352295e-01
-1.645239256322383881e-02
1.771360516548156738e+00
-1.054268479347229004e+00
-2.121052704751491547e-02
3.240894973278045654e-01
-2.439332485198974609e+00
-1.829908132553100586e+00
-8.686852455139160156e-01
9.180259704589843750e-01
1.913513779640197754e+00
1.558154582977294922e+00
-7.182771563529968262e-01
7.468289136886596680e-01
-2.260934352874755859e+00
-5.455951690673828125e-01
2.136938571929931641e+00
-9.577485918998718262e-01
1.617647290229797363e+00
-8.953180313110351562e-01
7.343907356262207031e-01
-1.873817086219787598e+00
8.826113939285278320e-01
2.531703948974609375e+00
-8.261175155639648438e-01
-2.699054218828678131e-02
1.814487099647521973e+00
-2.659989297389984131e-01
-2.047888040542602539e+00
-4.267057180404663086e-01
-3.466636836528778076e-01
-1.466145068407058716e-01
-5.431682467460632324e-01
-5.557128041982650757e-02
2.745436668395996094e+00
1.940912961959838867e+00
-1.770782709121704102e+00
1.216027792543172836e-02
6.016100645065307617e-01
-1.424365043640136719e+00
1.284673690795898438e+00
-3.989552557468414307e-01
-2.529805153608322144e-02
5.760205164551734924e-02
9.251152276992797852e-01
3.486811399459838867e+00
4.166176319122314453e-01
4.278902709484100342e-01
4.203059971332550049e-01
-9.059679508209228516e-01
-1.053374290466308594e+00
-4.768417477607727051e-01
-1.381839811801910400e-01
9.141938686370849609e-01
1.115217089653015137e+00
1.240285754203796387e+00
9.565860033035278320e-01
-2.747488021850585938e-01
1.082809716463088989e-01
-2.341929078102111816e-01
-4.761976748704910278e-02
-6.040499806404113770e-01
-6.995160579681396484e-01
8.523062467575073242e-01
2.272609233856201172e+00
9.925115108489990234e-01
3.495407104492187500e-01
1.115552425384521484e+00
1.036346033215522766e-01
-1.144369602203369141e+00
-3.714762330055236816e-01
-8.758224844932556152e-01
2.081538736820220947e-01
4.239464402198791504e-01
1.436838150024414062e+00
1.179372072219848633e+00
-3.292757272720336914e-01
-2.293794155120849609e+00
-2.160965681076049805e+00
-1.049877524375915527e+00
1.100053936243057251e-01
-5.991321802139282227e-01
-3.924088180065155029e-01
-5.490759611129760742e-01
-1.339612722396850586e+00
-2.715208530426025391e+00
-3.683887958526611328e+00
-1.946338772773742676e+00
-2.170923650264739990e-01
9.540792107582092285e-01
-9.295670390129089355e-01
-1.492272257804870605e+00
-8.520158529281616211e-01
-1.321111433207988739e-02
6.062883734703063965e-01
-8.737467527389526367e-01
-1.308189988136291504e+00
5.544917583465576172e-01
2.116995811462402344e+00
-3.201107382774353027e-01
7.185515761375427246e-01
1.524640083312988281e+00
1.422787308692932129e+00
1.334921479225158691e+00
1.736265301704406738e+00
1.840369462966918945e+00
1.063915491104125977e+00
4.235367104411125183e-02
-2.282532304525375366e-01
-7.712073922157287598e-01
-8.668969869613647461e-01
7.242038249969482422e-01
4.922368228435516357e-01
2.823839783668518066e-01
-2.567221820354461670e-01
3.384916186332702637e-01
-1.003302097320556641e+00
-4.622160792350769043e-01
-3.333313167095184326e-01
-9.068620800971984863e-01
-2.246287465095520020e-01
-1.516941070556640625e+00
-4.117287695407867432e-01
6.263108253479003906e-01
-7.537395954132080078e-01
1.564690470695495605e-01
-2.562021970748901367e+00
-9.673766493797302246e-01
1.305111289024353027e+00
1.062270879745483398e+00
1.034568309783935547e+00
-3.117121458053588867e-01
-8.985273838043212891e-01
8.714026212692260742e-01
6.159163713455200195e-01
1.713022887706756592e-01
5.038926601409912109e-01
5.622037649154663086e-01
-2.996038459241390228e-02
1.595357537269592285e+00
1.276488155126571655e-01
1.211561322212219238e+00
-3.015198744833469391e-02
-2.757706940174102783e-01
-8.277461528778076172e-01
-7.440157532691955566e-01
-7.877810001373291016e-01
-5.827661156654357910e-01
6.629388928413391113e-01
6.476063746958971024e-03
-3.324956446886062622e-02
5.793522000312805176e-01
-2.084702402353286743e-01
1.105317592620849609e+00
8.995043635368347168e-01
1.268163919448852539e+00
4.088736772537231445e-01
-1.963833123445510864e-01
-8.335580825805664062e-01
-4.357110559940338135e-01
3.241693377494812012e-01
4.494136273860931396e-01
-2.310953289270401001e-01
3.353301882743835449e-01
4.465715289115905762e-01
2.380279302597045898e-01
-8.791595697402954102e-01
-2.338735759258270264e-01
-1.299982905387878418e+00
-4.321823716163635254e-01
-5.283349752426147461e-01
-1.209370851516723633e+00
-9.726456999778747559e-01
3.128966987133026123e-01
5.895231366157531738e-01
8.569685816764831543e-01
2.265317589044570923e-01
3.872225880622863770e-01
-3.173522233963012695e+00
-2.187358856201171875e+00
1.912891030311584473e+00
3.099390745162963867e+00
3.865370512008666992e+00
2.078547477722167969e+00
-6.805473566055297852e-01
-1.189891219139099121e+00
6.794860213994979858e-02
4.505472779273986816e-01
4.278104305267333984e-01
-1.004164338111877441e+00
4.447034001350402832e-01
2.257174551486968994e-01
-2.467534318566322327e-02
-8.771477341651916504e-01
2.286873012781143188e-01
-5.257004499435424805e-01
6.650944352149963379e-01
-1.345116049051284790e-01
5.232924222946166992e-01
7.028720974922180176e-01
1.148875236511230469e+00
7.625083923339843750e-01
1.800042390823364258e-01
-2.108972221612930298e-01
9.731171280145645142e-02
-4.603798985481262207e-01
-3.295152485370635986e-01
-4.311764538288116455e-01
-7.919164299964904785e-01
-8.407218009233474731e-02
7.677615284919738770e-01
-1.173604965209960938e+00
-2.413561820983886719e+00
-1.562159299850463867e+00
-8.125137090682983398e-01
-5.313048362731933594e-01
-1.289173364639282227e+00
-1.400015473365783691e+00
-1.619049310684204102e+00
-7.450376749038696289e-01
1.365993022918701172e+00
5.454225540161132812e-01
-1.440044522285461426e+00
-2.589405298233032227e+00
6.729182004928588867e-01
9.468621611595153809e-01
1.562385797500610352e+00
1.979137659072875977e+00
4.798305630683898926e-01
6.706029772758483887e-01
9.229118227958679199e-01
6.067833304405212402e-01
-1.257617324590682983e-01
3.016240894794464111e-01
-3.847766518592834473e-01
-3.004075884819030762e-01
-4.926968812942504883e-01
-4.410759210586547852e-01
-1.321005970239639282e-01
-7.700418233871459961e-01
1.031582474708557129e+00
5.517613887786865234e-01
1.232254385948181152e+00
5.387803316116333008e-01
-4.441575407981872559e-01
1.732848405838012695e+00
5.754882097244262695e-01
3.621705174446105957e-01
3.160102367401123047e-01
1.015269756317138672e-01
-2.009284496307373047e-02
-1.164530366659164429e-01
-5.373882055282592773e-01
2.100698947906494141e-01
6.817478537559509277e-01
-5.367655158042907715e-01
-2.353425323963165283e-01
-3.283975720405578613e-01
4.234993755817413330e-01
5.238087847828865051e-02
6.078051924705505371e-01
1.169456601142883301e+00
1.186892390251159668e+00
5.599684119224548340e-01
2.991546131670475006e-02
-6.273776292800903320e-01
2.659434825181961060e-02
3.199061751365661621e-01
-3.231763839721679688e-01
-2.554927468299865723e-01
4.221421778202056885e-01
1.726968213915824890e-02
-1.401479095220565796e-01
1.632847785949707031e+00
1.808824241161346436e-01
3.566354140639305115e-02
-8.463635444641113281e-01
3.237861096858978271e-01
1.516337394714355469e+00
-1.728321462869644165e-01
4.937217533588409424e-01
1.124573707580566406e+00
9.454889893531799316e-01
4.668335020542144775e-01
1.324229091405868530e-01
-2.328676581382751465e-01
1.179611563682556152e+00
1.098324060440063477e+00
4.342131614685058594e-01
7.034905254840850830e-03
4.354266226291656494e-01
6.801671385765075684e-01
1.070195809006690979e-01
-5.681883692741394043e-01
1.088238433003425598e-01
3.674236238002777100e-01
3.044236823916435242e-02
-1.253466010093688965e-01
-5.463616251945495605e-01
-2.717629969120025635e-01
-3.099398314952850342e-01
-5.238323211669921875e-01
-7.421156764030456543e-01
-4.088068306446075439e-01
4.313231408596038818e-01
-7.750979065895080566e-02
-6.758371591567993164e-01
1.423697471618652344e+00
-9.917686134576797485e-02
-9.909756779670715332e-01
7.674900889396667480e-01
-5.406773686408996582e-01
3.329830467700958252e-01
-4.960818588733673096e-01
-4.667771980166435242e-02
1.907499581575393677e-01
-6.048908084630966187e-02
1.509445011615753174e-01
-2.160704880952835083e-01
-3.465998172760009766e-01
7.731583118438720703e-01
8.870501518249511719e-01
-7.763966321945190430e-01
-3.159433901309967041e-01
-6.074190139770507812e-01
-3.841699063777923584e-01
-2.210467308759689331e-02
2.937364280223846436e-01
-6.800364255905151367e-01
2.803561687469482422e-01
-5.656176805496215820e-01
2.872059643268585205e-01
1.324574947357177734e+00
1.148593276739120483e-01
1.325501084327697754e+00
-1.596115529537200928e-01
-1.155642271041870117e+00
-1.363158673048019409e-01
-5.922769755125045776e-02
1.964432239532470703e+00
1.037474274635314941e+00
-3.307287395000457764e-01
2.884673476219177246e-01
2.417397022247314453e+00
1.798408508300781250e+00
7.850536704063415527e-01
5.966178327798843384e-02
6.033185124397277832e-01
4.899056553840637207e-01
-4.696247279644012451e-01
-4.065820202231407166e-02
5.655887126922607422e-01
1.902368903160095215e+00
9.823246002197265625e-01
6.091943383216857910e-01
-2.302810251712799072e-01
-4.110421836376190186e-01
-3.456577658653259277e-01
-4.612580835819244385e-01
2.764816209673881531e-02
-6.752463579177856445e-01
3.968186974525451660e-01
-1.361881196498870850e-01
-5.781197547912597656e-01
1.665281802415847778e-01
-5.501137971878051758e-01
-2.690523624420166016e+00
-3.262745141983032227e+00
-1.926954865455627441e+00
8.893494009971618652e-01
-1.137551784515380859e+00
-1.918763875961303711e+00
1.561497002840042114e-01
2.333810329437255859e+00
-8.446550965309143066e-01
1.306324839591979980e+00
-5.658774171024560928e-03
9.439082741737365723e-01
-6.492203474044799805e-01
-5.732763931155204773e-02
2.153160810470581055e+00
-9.928438067436218262e-01
4.871593713760375977e-01
-1.342295169830322266e+00
4.037323594093322754e-01
-3.308564722537994385e-01
1.856176614761352539e+00
5.849725604057312012e-01
7.281476855278015137e-01
9.955452084541320801e-01
1.291060447692871094e+00
1.299411177635192871e+00
1.058502674102783203e+00
3.485028743743896484e-01
2.732882462441921234e-02
-4.618328809738159180e-01
-5.150824785232543945e-01
1.475589871406555176e+00
4.292634129524230957e-01
2.604454457759857178e-01
-1.574501752853393555e+00
-1.739407777786254883e+00
-1.237105369567871094e+00
1.978451132774353027e+00
4.649951934814453125e+00
-1.327254414558410645e+00
7.899395227432250977e-01
2.447829961776733398e+00
1.448142766952514648e+00
3.306997716426849365e-01
4.985811188817024231e-02
1.928714275360107422e+00
2.651742935180664062e+00
1.413702130317687988e+00
-4.860227108001708984e-01
-1.916991591453552246e+00
-1.444323658943176270e+00
1.088292617350816727e-02
2.406092405319213867e+00
3.158346116542816162e-01
-6.307785511016845703e-01
5.453427433967590332e-01
9.428544640541076660e-01
1.054718494415283203e+00
5.470192432403564453e-01
5.221108794212341309e-01
-3.757553696632385254e-01
-2.039793014526367188e+00
-1.567604064941406250e+00
-5.537542700767517090e-01
5.018329620361328125e-01
1.322994232177734375e+00
-6.036508083343505859e-01
-1.280551195144653320e+00
-1.453371495008468628e-01
1.250791907310485840e+00
-7.536278367042541504e-01
-2.820776104927062988e-01
-2.937036514282226562e+00
-2.758893966674804688e+00
-1.594093084335327148e+00
2.429297566413879395e-01
2.202338933944702148e+00
1.207473754882812500e+00
-4.355034828186035156e-01
8.876409530639648438e-01
-2.863407731056213379e-01
7.988809943199157715e-01
2.686205208301544189e-01
1.614741325378417969e+00
-1.263205856084823608e-01
7.812376022338867188e-01
6.108868122100830078e-01
6.557378172874450684e-01
-3.090137541294097900e-01
1.506565570831298828e+00
2.399705648422241211e+00
9.977965354919433594e-01
-7.365272641181945801e-01
-3.115689992904663086e+00
1.404223144054412842e-01
-4.842823147773742676e-01
3.209759593009948730e-01
-4.551267921924591064e-01
1.286909103393554688e+00
5.333829879760742188e+00
3.511512279510498047e+00
1.777380108833312988e+00
-1.590803980827331543e+00
1.392913222312927246e+00
4.057420253753662109e+00
1.959258913993835449e+00
6.719921231269836426e-01
8.222246170043945312e-01
-4.503846168518066406e-01
-9.446397423744201660e-01
-1.081683635711669922e+00
-2.246883630752563477e+00
-1.360226035118103027e+00
6.185349225997924805e-01
-1.125464797019958496e+00
-5.220226570963859558e-02
3.013281345367431641e+00
1.598918080329895020e+00
-9.805917739868164062e-02
-1.038094043731689453e+00
-1.285245537757873535e+00
-4.214047193527221680e-01
-1.890385448932647705e-01
-6.326946020126342773e-01
-1.627479910850524902e+00
-9.972027540206909180e-01
-6.832777261734008789e-01
1.804832518100738525e-01
8.163222670555114746e-02
-1.247707366943359375e+00
-2.079183340072631836e+00
3.430900871753692627e-01
2.645489573478698730e-01
1.282773613929748535e+00
8.578361570835113525e-02
-1.703801631927490234e+00
-5.161841511726379395e-01
2.726761102676391602e-01
-4.413313865661621094e-01
-2.179295778274536133e+00
2.190752327442169189e-01
1.034909039735794067e-01
-1.743463397026062012e+00
6.692617535591125488e-01
4.805490672588348389e-01
1.044276118278503418e+00
6.092741489410400391e-01
-8.646296858787536621e-01
-2.574247419834136963e-01
-2.550776004791259766e-01
1.121476054191589355e+00
1.398102521896362305e+00
7.579419016838073730e-01
2.393015623092651367e+00
1.291017979383468628e-01
-1.367554783821105957e+00
-1.438208341598510742e+00
-1.052867621183395386e-02
-2.921772241592407227e+00
-2.452664852142333984e+00
-2.438528835773468018e-01
-2.840979576110839844e+00
-1.047099351882934570e+00
8.924949169158935547e-01
6.643439531326293945e-01
-6.267754077911376953e+00
-4.084065914154052734e+00
1.800595879554748535e+00
-3.299916028976440430e+00
-4.219066143035888672e+00
2.288640022277832031e+00
6.035271167755126953e+00
1.896572947502136230e+00
2.844383716583251953e+00
5.885389804840087891e+00
-5.855283737182617188e-01
1.378037482500076294e-01
-6.662729382514953613e-01
1.679646730422973633e+00
3.020195007324218750e+00
3.646863698959350586e+00
-3.658718466758728027e-01
-3.524756431579589844e-01
-2.716214418411254883e+00
1.264012575149536133e+00
6.276520490646362305e-01
2.895744889974594116e-02
-1.451732277870178223e+00
2.044330596923828125e+00
2.996755599975585938e+00
1.732736587524414062e+00
-1.632860779762268066e+00
-1.364537119865417480e+00
1.881633251905441284e-01
-1.074275016784667969e+00
-2.620429039001464844e+00
-2.321768283843994141e+00
-3.600221395492553711e+00
-2.678819894790649414e+00
-2.430854082107543945e+00
-4.445407390594482422e-01
-4.721288681030273438e+00
-2.144360065460205078e+00
1.916068434715270996e+00
7.776929140090942383e-01
1.758443355560302734e+00
2.936704158782958984e+00
-3.942769467830657959e-01
-2.580415964126586914e+00
1.260978817939758301e+00
2.631784439086914062e+00
-2.347996532917022705e-01
1.361538290977478027e+00
1.266439557075500488e+00
1.341867089271545410e+00
4.980807304382324219e-01
-4.468559324741363525e-01
-4.212072849273681641e+00
-7.317481517791748047e+00
-6.502422094345092773e-01
-2.259050369262695312e+00
9.714032411575317383e-01
4.175756573677062988e-01
-1.477678537368774414e+00
2.680834770202636719e+00
3.943496465682983398e+00
7.167659282684326172e+00
5.287531018257141113e-01
5.202406406402587891e+00
1.426220178604125977e+00
1.030161380767822266e+00
1.563264012336730957e+00
-8.059513568878173828e-01
-1.409914970397949219e+00
-1.112898826599121094e+00
-1.219206452369689941e+00
1.002953886985778809e+00
-1.313874125480651855e+00
1.060131311416625977e+00
1.181128382682800293e+00
-1.548853516578674316e-01
1.499763727188110352e+00
-5.074023604393005371e-01
4.288322925567626953e-01
-5.237045884132385254e-01
-3.025631308555603027e-01
2.943271994590759277e-01
3.009369611740112305e+00
1.557468056678771973e+00
1.036180973052978516e+00
2.618984580039978027e-01
-9.251921176910400391e-01
-1.893727779388427734e+00
-6.442386507987976074e-01
-1.598935388028621674e-02
-9.920454621315002441e-01
-4.226661026477813721e-01
-1.333194136619567871e+00
-6.252061128616333008e-01
-1.479876637458801270e-01
8.923671245574951172e-01
-1.240394473075866699e+00
-8.017839789390563965e-01
4.374065399169921875e-01
1.909793496131896973e+00
-4.027394056320190430e-01
2.110130071640014648e+00
-5.934958457946777344e-01
1.423410058021545410e+00
-1.902254104614257812e+00
-3.317186832427978516e-01
-3.048389673233032227e+00
-4.030018329620361328e+00
-5.005467414855957031e+00
-5.447766304016113281e+00
-3.663594007492065430e+00
-1.539614081382751465e+00
-3.356944322586059570e-01
1.331185221672058105e+00
1.085119485855102539e+00
2.870489358901977539e+00
5.795278549194335938e-01
1.496506452560424805e+00
-7.226041555404663086e-01
-2.393395662307739258e+00
-4.834046840667724609e+00
-6.155730247497558594e+00
-4.749741554260253906e+00
-1.489765405654907227e+00
-1.056392073631286621e+00
-6.571173191070556641e+00
-1.095398139953613281e+01
-1.413405990600585938e+01
-1.406439590454101562e+01
-1.045944690704345703e+01
6.189431667327880859e+00
1.093600463867187500e+01
1.505434513092041016e+01
1.038487529754638672e+01
8.707824707031250000e+00
5.385227203369140625e+00
1.550554394721984863e+00
-1.284431219100952148e+00
-2.814203262329101562e+00
-2.000865697860717773e+00
-1.907698869705200195e+00
-3.905747890472412109e+00
-4.173001766204833984e+00
-4.167141914367675781e+00
-3.823997259140014648e+00
-3.890834808349609375e+00
-3.769837617874145508e+00
-3.796454429626464844e+00
-4.064666271209716797e+00
-3.032598257064819336e+00
-2.562213659286499023e+00
-3.457317590713500977e+00
-2.431971788406372070e+00
-3.443522214889526367e+00
-3.442708015441894531e+00
-3.384061574935913086e+00
-3.591295957565307617e+00
2.875135898590087891e+00
2.098490238189697266e+00
-1.966935992240905762e+00
1.806908100843429565e-01
4.624516487121582031e+00
6.188473701477050781e+00
1.276706218719482422e+00
1.321142077445983887e+00
1.704874396324157715e+00
-4.110044002532958984e+00
-7.449200630187988281e+00
-9.169673919677734375e+00
-1.030951786041259766e+01
-8.526080131530761719e+00
-2.808023929595947266e+00
-8.025025129318237305e-01
-5.489998817443847656e+00
2.356467247009277344e+00
4.837706565856933594e+00
2.705248117446899414e+00
2.458655357360839844e+00
1.663631916046142578e+00
6.750476360321044922e+00
8.798213958740234375e+00
1.020138454437255859e+01
8.097347259521484375e+00
2.826277256011962891e+00
1.386893749237060547e+00
9.063381552696228027e-01
-3.632155179977416992e+00
-2.897183179855346680e+00
-6.345480918884277344e+00
-1.401592826843261719e+01
-1.999571990966796875e+01
-1.869945526123046875e+01
-9.437110900878906250e+00
-1.794996261596679688e+01
-1.291651248931884766e+01
7.669802188873291016e+00
2.364833450317382812e+01
2.824769401550292969e+01
2.389871215820312500e+01
1.148868274688720703e+01
1.149077415466308594e+01
7.523656845092773438e+00
8.116385340690612793e-01
-1.459252715110778809e+00
1.563253402709960938e-01
-1.512182950973510742e+00
-9.646622538566589355e-01
1.516401171684265137e+00
2.791746258735656738e-01
4.722074031829833984e+00
5.652560710906982422e+00
3.759669780731201172e+00
3.653905153274536133e+00
2.049264192581176758e+00
1.588028669357299805e+00
-2.593045711517333984e+00
-6.842809677124023438e+00
-5.510013580322265625e+00
-1.748119735717773438e+01
-1.400896739959716797e+01
-7.125610113143920898e-01
-6.320080161094665527e-01
3.030062675476074219e+00
5.626742362976074219e+00
9.919089317321777344e+00
4.815416812896728516e+00
4.648866176605224609e+00
4.874717712402343750e+00
-4.729543685913085938e+00
6.267796993255615234e+00
-3.511860609054565430e+00
-1.282355546951293945e+00
3.166946649551391602e+00
-3.069540262222290039e-01
-1.236434698104858398e+00
1.064642906188964844e+01
1.341004848480224609e+00
3.120994091033935547e+00
2.450512409210205078e+00
5.362889289855957031e+00
5.459057807922363281e+00
4.561835825443267822e-01
-9.718793034553527832e-01
-3.360270977020263672e+00
-3.746749401092529297e+00
-7.016154289245605469e+00
-4.134809017181396484e+00
-8.202167510986328125e+00
-3.637903213500976562e+00
-3.473364353179931641e+00
-7.345327854156494141e+00
-8.565014839172363281e+00
-8.515533447265625000e+00
-8.191764831542968750e+00
-6.572849750518798828e+00
-3.615820884704589844e+00
-6.462504863739013672e-01
2.935267210006713867e+00
4.452089786529541016e+00
4.557886600494384766e+00
1.749773263931274414e+00
3.788442134857177734e+00
1.210704520344734192e-01
-2.579676210880279541e-01
2.140137255191802979e-01
1.066358327865600586e+00
4.623627662658691406e-01
-5.736490488052368164e-01
-9.570662863552570343e-03
1.236730515956878662e-01
1.678694039583206177e-01
