-6.590944671630859375e+01
-3.759911727905273438e+01
-1.960538482666015625e+01
-8.515533447265625000e+00
-2.354244947433471680e+00
1.032189249992370605e+00
2.336684226989746094e+00
2.592442035675048828e+00
2.360954046249389648e+00
1.909745573997497559e+00
1.428806781768798828e+00
6.564882397651672363e-01
2.419877201318740845e-01
-5.256950482726097107e-02
-3.195838332176208496e-01
-3.184342086315155029e-01
-5.385537743568420410e-01
-4.088228046894073486e-01
-3.262580037117004395e-01
-1.351023763418197632e-01
-6.566289663314819336e-01
-5.782155394554138184e-01
-8.088253736495971680e-01
-1.039227604866027832e+00
-1.075025439262390137e+00
-1.076638102531433105e+00
-8.590252995491027832e-01
-8.972021341323852539e-01
-8.731878995895385742e-01
-6.071156263351440430e-01
-7.118105292320251465e-01
-6.120973229408264160e-01
-4.918027222156524658e-01
-2.917056381702423096e-01
-4.021965265274047852e-01
-4.396868050098419189e-01
-6.351534724235534668e-01
-7.788236141204833984e-01
-8.921566009521484375e-01
-9.909118413925170898e-01
-6.367501616477966309e-01
-7.646609544754028320e-01
-7.076910734176635742e-01
-7.579867839813232422e-01
-6.116662025451660156e-01
-9.034292101860046387e-01
-8.842689394950866699e-01
-7.041783928871154785e-01
-9.127059578895568848e-01
-1.062491416931152344e+00
-8.648212552070617676e-01
-7.986704111099243164e-01
-6.624090075492858887e-01
-6.760127544403076172e-01
-9.619318842887878418e-01
-9.080277085304260254e-01
-1.070858001708984375e+00
-9.838863611221313477e-01
-1.025416254997253418e+00
-9.254954457283020020e-01
-7.568531632423400879e-01
-6.315768957138061523e-01
-7.990855574607849121e-01
-6.141729950904846191e-01
-7.686207294464111328e-01
-4.564520418643951416e-01
-7.013202905654907227e-01
-8.430743813514709473e-01
-1.078442335128784180e+00
-9.088100790977478027e-01
-1.194537639617919922e+00
-9.082831740379333496e-01
-6.011599898338317871e-01
-3.443005979061126709e-01
-9.013695120811462402e-01
-9.046107530593872070e-01
-1.231836199760437012e+00
-1.025240659713745117e+00
-5.380108952522277832e-01
-7.308750152587890625e-01
-9.887403249740600586e-01
-1.066786527633666992e+00
-1.391968250274658203e+00
-1.234822034835815430e+00
-1.218727469444274902e+00
-1.076574206352233887e+00
-8.976811170578002930e-01
-1.192014813423156738e+00
-1.008028268814086914e+00
-1.080981016159057617e+00
-5.425934195518493652e-01
-2.085925638675689697e-02
-4.119363427162170410e-01
-5.930328369140625000e-01
-6.534515619277954102e-01
-1.116076231002807617e+00
-1.065924286842346191e+00
-8.066059947013854980e-01
-5.883705019950866699e-01
-8.007141947746276855e-01
-1.071927785873413086e+00
-1.083855152130126953e+00
-1.082338213920593262e+00
-1.218280315399169922e+00
-1.413268089294433594e+00
-1.107757568359375000e+00
-1.081284403800964355e+00
-6.339080929756164551e-01
-6.049760580062866211e-01
-7.538992762565612793e-01
-6.257330179214477539e-01
-7.218537330627441406e-01
-7.123055458068847656e-01
-1.001705408096313477e+00
-7.682854533195495605e-01
-1.031675338745117188e+00
-7.759495377540588379e-01
-6.122250556945800781e-01
-5.003609657287597656e-01
-9.182145595550537109e-01
-1.008076190948486328e+00
-9.521601796150207520e-01
-8.738904595375061035e-01
-4.509115219116210938e-01
-1.379444897174835205e-01
-1.845039427280426025e-01
-7.520790696144104004e-01
-1.230750560760498047e+00
-1.455292940139770508e+00
-1.475570917129516602e+00
-1.389589190483093262e+00
-1.002216339111328125e+00
-1.065253615379333496e+00
-6.264196038246154785e-01
-6.227152943611145020e-01
-5.988607406616210938e-01
-6.394965052604675293e-01
-6.264036297798156738e-01
-8.275704979896545410e-01
-9.672009944915771484e-01
-9.665942192077636719e-01
-9.504995942115783691e-01
-9.438573718070983887e-01
-8.619152903556823730e-01
-9.670732617378234863e-01
-6.983664035797119141e-01
-6.010322570800781250e-01
-6.667999029159545898e-01
-6.089518070220947266e-01
-5.541853904724121094e-01
-3.653609156608581543e-01
-6.410452723503112793e-01
-4.915632307529449463e-01
-6.806272268295288086e-01
-6.302037835121154785e-01
-6.341156363487243652e-01
-6.378518939018249512e-01
-6.014792919158935547e-01
-5.662084817886352539e-01
-4.805141389369964600e-01
-5.115697383880615234e-01
-6.181806921958923340e-01
-5.242314934730529785e-01
-7.336053252220153809e-01
-6.560062766075134277e-01
-7.970737218856811523e-01
-7.046893239021301270e-01
-6.703285574913024902e-01
-6.986058950424194336e-01
-4.683633446693420410e-01
-6.660015583038330078e-01
-7.253983616828918457e-01
-6.507850885391235352e-01
-6.470967531204223633e-01
-8.403120636940002441e-01
-7.797017693519592285e-01
-7.370861172676086426e-01
-7.225562334060668945e-01
-7.508655786514282227e-01
-6.576348543167114258e-01
-4.567394256591796875e-01
-2.596441507339477539e-01
-3.558925390243530273e-01
-4.248695075511932373e-01
-6.154822707176208496e-01
-3.210048973560333252e-01
-2.861491739749908447e-01
-4.081362187862396240e-01
-5.270576477050781250e-01
-5.633503794670104980e-01
-8.146532773971557617e-01
-6.973764896392822266e-01
-9.419732689857482910e-01
-8.287360668182373047e-01
-8.680465817451477051e-01
-5.249340534210205078e-01
-8.470979928970336914e-01
-7.844279408454895020e-01
-6.076744794845581055e-01
-7.907029390335083008e-01
-4.061563313007354736e-01
-8.464699238538742065e-02
-4.984449744224548340e-01
-3.883213102817535400e-01
-6.136301159858703613e-01
-4.217559695243835449e-01
-6.853374242782592773e-01
-7.389861941337585449e-01
-7.043859362602233887e-01
-5.451002120971679688e-01
-6.726278066635131836e-01
-7.032682299613952637e-01
-4.856395125389099121e-01
-7.299329638481140137e-01
-7.011446356773376465e-01
-6.541061997413635254e-01
-4.903976619243621826e-01
-6.715420484542846680e-01
-6.182605028152465820e-01
-6.780565381050109863e-01
-5.979825854301452637e-01
-7.683492898941040039e-01
-6.140133142471313477e-01
-7.512168288230895996e-01
-6.133267283439636230e-01
-5.829577445983886719e-01
-4.546318054199218750e-01
-4.499854445457458496e-01
-4.980298280715942383e-01
-6.459470987319946289e-01
-6.587206125259399414e-01
-4.255720674991607666e-01
-5.524929165840148926e-01
-5.851611495018005371e-01
-6.857845187187194824e-01
-7.761092185974121094e-01
-7.254622578620910645e-01
-5.838997960090637207e-01
-8.231636285781860352e-01
-6.690352559089660645e-01
-7.752629518508911133e-01
-6.309861540794372559e-01
-7.543303966522216797e-01
-7.768756151199340820e-01
-7.236739397048950195e-01
-6.320878267288208008e-01
-4.426566362380981445e-01
-5.601729750633239746e-01
-1.838493049144744873e-01
-4.411557614803314209e-01
-3.651373684406280518e-01
-5.843787789344787598e-01
-5.822551846504211426e-01
-5.810736417770385742e-01
-4.445886313915252686e-01
-5.708228945732116699e-01
-5.620570778846740723e-01
-5.341469049453735352e-01
-4.453071355819702148e-01
-5.658891201019287109e-01
-6.499707698822021484e-01
-5.081528425216674805e-01
-2.029297351837158203e-01
-1.143613755702972412e-01
-2.113123536109924316e-01
-1.691118627786636353e-01
-3.414265513420104980e-01
-6.173823475837707520e-01
-5.164077281951904297e-01
-8.158348202705383301e-01
-9.329041242599487305e-01
-6.508489251136779785e-01
-6.934007406234741211e-01
-4.813284575939178467e-01
-6.732984185218811035e-01
-7.126727700233459473e-01
-5.016383528709411621e-01
-5.673900246620178223e-01
-6.467773914337158203e-01
-4.316394925117492676e-01
-5.609872937202453613e-01
-3.791563212871551514e-01
4.950683936476707458e-02
8.830638974905014038e-02
-4.944691956043243408e-01
-4.372757971286773682e-01
-3.968156874179840088e-01
-5.599973201751708984e-01
-6.016389727592468262e-01
-4.175886213779449463e-01
-1.040148288011550903e-01
-5.299476385116577148e-01
-7.043699622154235840e-01
-7.488058209419250488e-01
-1.086952686309814453e+00
-9.978095293045043945e-01
-7.953333854675292969e-01
-8.130406141281127930e-01
-7.182931303977966309e-01
-6.336526274681091309e-01
-4.945650100708007812e-01
-6.112350821495056152e-01
-4.402775764465332031e-01
-5.724674463272094727e-01
-5.856720805168151855e-01
-6.122729182243347168e-01
-5.217566490173339844e-01
-5.778642892837524414e-01
-6.066845059394836426e-01
-5.834846496582031250e-01
-4.814881086349487305e-01
-5.076419115066528320e-01
-2.622467279434204102e-01
-4.229215681552886963e-01
-5.541374683380126953e-01
-2.016843110322952271e-01
-3.850161731243133545e-01
-1.691437959671020508e-01
-6.748471856117248535e-01
-7.292144298553466797e-01
-6.424982547760009766e-01
-8.484392166137695312e-01
-8.151961565017700195e-01
-8.111565709114074707e-01
-6.291180253028869629e-01
-7.585616111755371094e-01
-6.342433691024780273e-01
-6.901115179061889648e-01
-6.367821097373962402e-01
-4.707743227481842041e-01
-4.489955008029937744e-01
-4.108825325965881348e-01
-6.809944510459899902e-01
-4.784384369850158691e-01
-6.521901488304138184e-01
-4.709659516811370850e-01
-5.019736289978027344e-01
-4.904774725437164307e-01
-4.345135390758514404e-01
-3.539445996284484863e-01
-1.589409410953521729e-01
-4.527636766433715820e-01
-2.458806782960891724e-01
-5.786786079406738281e-01
-4.283183813095092773e-01
-7.815539240837097168e-01
-6.696898937225341797e-01
-7.741612792015075684e-01
-8.088573217391967773e-01
-6.648998260498046875e-01
-8.738904595375061035e-01
-5.759322643280029297e-01
-6.011759638786315918e-01
-4.807696044445037842e-01
-5.431043505668640137e-01
-6.788389086723327637e-01
-7.130240201950073242e-01
-7.738099694252014160e-01
-8.211517930030822754e-01
-7.694190740585327148e-01
-7.879087328910827637e-01
-6.368938684463500977e-01
-4.989878237247467041e-01
-6.704403162002563477e-01
-6.509447693824768066e-01
-7.692275047302246094e-01
-7.337650060653686523e-01
-6.540742516517639160e-01
-7.990217208862304688e-01
-7.681257724761962891e-01
-7.832943201065063477e-01
-6.292936205863952637e-01
-5.814248919486999512e-01
-7.344036698341369629e-01
-7.116029858589172363e-01
-6.618341803550720215e-01
-4.040167629718780518e-01
-3.171887993812561035e-01
-3.178753852844238281e-01
-4.236879646778106689e-01
-5.031073093414306641e-01
-9.030460119247436523e-01
-9.698834419250488281e-01
-1.003206372261047363e+00
-1.019588351249694824e+00
-7.409501075744628906e-01
-7.830228805541992188e-01
-7.747679948806762695e-01
-7.656349539756774902e-01
-4.947087168693542480e-01
-6.728193759918212891e-01
-4.087589383125305176e-01
-6.211505532264709473e-01
-5.486129522323608398e-01
-5.782474875450134277e-01
-4.501451253890991211e-01
-6.789985895156860352e-01
-5.920748114585876465e-01
-4.054857194423675537e-01
-4.450356960296630859e-01
-3.472544550895690918e-01
-4.532746374607086182e-01
-5.803710818290710449e-01
-6.028524637222290039e-01
-5.378672480583190918e-01
-5.212137699127197266e-01
-6.273776292800903320e-01
-6.396402120590209961e-01
-5.930647850036621094e-01
-5.363982915878295898e-01
-4.541368484497070312e-01
-7.042582035064697266e-01
-6.739051342010498047e-01
-6.139335036277770996e-01
-4.616891741752624512e-01
-5.617536902427673340e-01
-6.125283837318420410e-01
-5.724834203720092773e-01
-5.959867238998413086e-01
-7.251269221305847168e-01
-8.282251358032226562e-01
-7.445586323738098145e-01
-9.023594260215759277e-01
-8.445752263069152832e-01
-6.626165509223937988e-01
-6.370535492897033691e-01
-6.068122386932373047e-01
-7.772428393363952637e-01
-6.997395753860473633e-01
-6.063172817230224609e-01
-6.158176064491271973e-01
-7.416526675224304199e-01
-6.582256555557250977e-01
-7.542665004730224609e-01
-7.687644362449645996e-01
-7.552564740180969238e-01
-5.996590852737426758e-01
-1.651201397180557251e-01
-2.801456153392791748e-01
-2.051331698894500732e-01
-5.351049304008483887e-01
-5.536105632781982422e-01
-6.569961905479431152e-01
-9.455817937850952148e-01
-9.588822126388549805e-01
-8.325042724609375000e-01
-7.445266842842102051e-01
-7.756780982017517090e-01
-7.807396054267883301e-01
-6.537070274353027344e-01
-8.011293411254882812e-01
-7.404072284698486328e-01
-6.171588301658630371e-01
-4.006956517696380615e-01
-4.656808972358703613e-01
-4.972474575042724609e-01
-5.414278507232666016e-01
-5.546643733978271484e-01
-6.123048663139343262e-01
-5.593107342720031738e-01
-5.463616251945495605e-01
-2.852709889411926270e-01
-4.081681668758392334e-01
-3.590699732303619385e-01
-3.546311557292938232e-01
-5.695614814758300781e-01
-5.969287753105163574e-01
-6.630316972732543945e-01
-6.233539581298828125e-01
-5.455153584480285645e-01
-7.068288922309875488e-01
-6.205118298530578613e-01
-6.768590211868286133e-01
-5.496987104415893555e-01
-7.935290932655334473e-01
-6.399914622306823730e-01
-6.906384229660034180e-01
-3.987157642841339111e-01
-5.183078050613403320e-01
-6.444621682167053223e-01
-6.420512199401855469e-01
-7.813144326210021973e-01
-6.150990724563598633e-01
-5.756767988204956055e-01
-6.443025469779968262e-01
-5.807542800903320312e-01
-4.901741147041320801e-01
-5.450682640075683594e-01
-5.321829915046691895e-01
-3.561480045318603516e-01
-6.304592490196228027e-01
-4.494106471538543701e-01
-6.167596578598022461e-01
-5.822232365608215332e-01
-4.971356689929962158e-01
-4.351681768894195557e-01
-3.275513052940368652e-01
-5.526685118675231934e-01
-4.777199327945709229e-01
-3.384566903114318848e-01
-3.474939763545989990e-01
-2.326600849628448486e-01
-3.695282638072967529e-01
-4.409162402153015137e-01
-4.609068036079406738e-01
-5.193456411361694336e-01
-4.291965365409851074e-01
-5.734254717826843262e-01
-4.924893081188201904e-01
-5.769541859626770020e-01
-6.048323512077331543e-01
-5.209103822708129883e-01
-6.270582675933837891e-01
-5.569157004356384277e-01
-4.760114848613739014e-01
-6.262120604515075684e-01
-4.924733340740203857e-01
-4.806578457355499268e-01
-4.701356589794158936e-01
-4.291326701641082764e-01
-4.891362488269805908e-01
-5.546963214874267578e-01
-6.154503226280212402e-01
-6.911334395408630371e-01
-4.358228147029876709e-01
-5.035543441772460938e-01
-5.768104791641235352e-01
-5.000097155570983887e-01
-4.077210724353790283e-01
-3.087423145771026611e-01
-2.654401063919067383e-01
-6.465059518814086914e-01
-3.138836622238159180e-01
-6.967004388570785522e-02
-3.151769638061523438e-01
-4.215164780616760254e-01
-5.209263563156127930e-01
-5.382025241851806641e-01
-4.449878036975860596e-01
-6.774178743362426758e-01
-6.806591153144836426e-01
-5.059174895286560059e-01
-5.439186692237854004e-01
-5.841552615165710449e-01
-4.190894961357116699e-01
-3.315749764442443848e-01
-6.109157800674438477e-01
-4.911800324916839600e-01
-7.462032437324523926e-01
-5.340670943260192871e-01
-6.827508211135864258e-01
-5.470960736274719238e-01
-6.566449403762817383e-01
-4.295797646045684814e-01
-4.696407020092010498e-01
-4.046554267406463623e-01
-3.898541331291198730e-01
-4.603798985481262207e-01
-4.499215781688690186e-01
-5.053426623344421387e-01
-3.914029300212860107e-01
-5.001534223556518555e-01
-4.045276939868927002e-01
-4.032503366470336914e-01
-3.973266184329986572e-01
-4.682036638259887695e-01
-5.817123055458068848e-01
-4.216122627258300781e-01
-5.726590752601623535e-01
-7.183090448379516602e-01
-5.218045115470886230e-01
-6.046088337898254395e-01
-6.648519039154052734e-01
-4.166305959224700928e-01
-6.290381550788879395e-01
-4.539611935615539551e-01
-6.321357488632202148e-01
-5.027559995651245117e-01
-5.438388586044311523e-01
-5.014946460723876953e-01
-5.256046652793884277e-01
-4.696885943412780762e-01
-3.404206335544586182e-01
-5.750541090965270996e-01
-4.775602519512176514e-01
-5.395916700363159180e-01
-4.845697283744812012e-01
-4.968163371086120605e-01
-3.959854245185852051e-01
-6.736017465591430664e-01
-5.599813461303710938e-01
-5.496348142623901367e-01
-4.541049003601074219e-01
-6.283994913101196289e-01
-6.100215911865234375e-01
-5.202078223228454590e-01
-4.088068306446075439e-01
-5.733296871185302734e-01
-5.114420056343078613e-01
-5.596300959587097168e-01
-5.384739637374877930e-01
-5.788063406944274902e-01
-5.398311614990234375e-01
-5.577779412269592285e-01
-4.114094376564025879e-01
-3.941651880741119385e-01
-6.588483452796936035e-01
-7.665131092071533203e-01
-6.922670602798461914e-01
-8.418768644332885742e-01
-7.413812279701232910e-01
-7.473847866058349609e-01
-6.815851926803588867e-01
-6.828466057777404785e-01
-6.188672780990600586e-01
-7.495881915092468262e-01
-6.691629886627197266e-01
-6.578584313392639160e-01
-6.149393916130065918e-01
-4.695448875427246094e-01
-6.933368444442749023e-01
-6.424663066864013672e-01
-6.786632537841796875e-01
-6.619299650192260742e-01
-8.764132261276245117e-01
-8.335900306701660156e-01
-7.996284365653991699e-01
-7.172233462333679199e-01
-6.071316003799438477e-01
-2.381048053503036499e-01
-3.782621622085571289e-01
-5.073864459991455078e-01
-4.413473606109619141e-01
-6.827827095985412598e-01
-7.125290632247924805e-01
-7.565817236900329590e-01
-8.277781009674072266e-01
-5.115857124328613281e-01
-6.733622550964355469e-01
-5.888494849205017090e-01
-5.633823275566101074e-01
-5.533550977706909180e-01
-5.132143497467041016e-01
-6.326946020126342773e-01
-7.152115106582641602e-01
-5.183078050613403320e-01
-5.702320933341979980e-01
-6.163763999938964844e-01
-4.630782902240753174e-01
-2.402443587779998779e-01
-5.659849047660827637e-01
-4.186264574527740479e-01
-6.206874847412109375e-01
-6.988614201545715332e-01
-5.525088310241699219e-01
-4.269452095031738281e-01
-4.695289134979248047e-01
-4.487879276275634766e-01
-3.889440000057220459e-01
-3.907642364501953125e-01
-6.086963415145874023e-01
-5.236088037490844727e-01
-6.543456912040710449e-01
-6.270742416381835938e-01
-5.974556803703308105e-01
-4.939582645893096924e-01
-4.573142528533935547e-01
-7.566615343093872070e-01
-6.732185482978820801e-01
-6.310021281242370605e-01
-7.312741875648498535e-01
-5.943740606307983398e-01
-6.843634843826293945e-01
-6.336366534233093262e-01
-6.102291941642761230e-01
-7.323120236396789551e-01
-7.317371964454650879e-01
-6.282717585563659668e-01
-5.923462510108947754e-01
-7.633676528930664062e-01
-6.521741747856140137e-01
-6.529246568679809570e-01
-6.238329410552978516e-01
-7.550967931747436523e-01
-6.430251598358154297e-01
-5.518063306808471680e-01
-7.358886003494262695e-01
-5.996271371841430664e-01
-6.261481642723083496e-01
-6.741605997085571289e-01
-5.056141018867492676e-01
-3.141551017761230469e-01
-2.996411919593811035e-01
-3.611297011375427246e-01
-4.365413188934326172e-01
-7.061263322830200195e-01
-7.458838820457458496e-01
-7.291026711463928223e-01
-6.843793988227844238e-01
-7.616272568702697754e-01
-7.169519066810607910e-01
-6.625846028327941895e-01
-5.990523695945739746e-01
-7.456443905830383301e-01
-6.968016624450683594e-01
-5.711262822151184082e-01
-6.886904835700988770e-01
-6.660334467887878418e-01
-6.115863323211669922e-01
-7.534202933311462402e-01
-6.193462610244750977e-01
-5.034425854682922363e-01
-6.992126703262329102e-01
-6.641334295272827148e-01
-6.670234203338623047e-01
-8.134078979492187500e-01
-6.765716075897216797e-01
-7.603498697280883789e-01
-6.674545407295227051e-01
-6.512321829795837402e-01
-5.945177674293518066e-01
-5.372924208641052246e-01
-6.431528925895690918e-01
-6.010801196098327637e-01
-6.888821125030517578e-01
-6.675822734832763672e-01
-7.578111886978149414e-01
-6.700571179389953613e-01
-6.065567731857299805e-01
-5.968648791313171387e-01
-6.572197675704956055e-01
-5.437909364700317383e-01
-6.523498296737670898e-01
-5.950606465339660645e-01
-6.373569369316101074e-01
-5.699127912521362305e-01
-6.463143229484558105e-01
-7.029489278793334961e-01
-7.087768316268920898e-01
-7.143492698669433594e-01
-7.151795625686645508e-01
-6.763321161270141602e-01
-6.459950208663940430e-01
-7.832463979721069336e-01
-7.793025970458984375e-01
-7.390500903129577637e-01
-8.390187621116638184e-01
-8.010814189910888672e-01
-7.075633406639099121e-01
-6.340677738189697266e-01
-3.553975820541381836e-01
-4.167104363441467285e-01
-6.315290331840515137e-01
-7.694031000137329102e-01
-7.491890192031860352e-01
-8.999165296554565430e-01
-8.557041883468627930e-01
-8.483114838600158691e-01
-7.672156691551208496e-01
-5.663362145423889160e-01
-3.512940704822540283e-01
-5.822072625160217285e-01
-5.837879776954650879e-01
-7.531807422637939453e-01
-5.944698452949523926e-01
-4.207979738712310791e-01
-6.403906345367431641e-01
-5.898554325103759766e-01
-8.098153471946716309e-01
-8.704735636711120605e-01
-8.064622879028320312e-01
-7.599986195564270020e-01
-5.835644602775573730e-01
-3.851598501205444336e-01
-1.806080192327499390e-01
-2.753874659538269043e-01
-3.016370534896850586e-01
-4.152255058288574219e-01
-5.180363655090332031e-01
-6.370216012001037598e-01
-4.779594242572784424e-01
-7.270908355712890625e-01
-6.320719122886657715e-01
-5.124000310897827148e-01
-5.489961504936218262e-01
-2.311591953039169312e-01
-3.592934906482696533e-01
-2.942124307155609131e-01
-4.232249259948730469e-01
-4.520132243633270264e-01
-4.722273349761962891e-01
-3.387760519981384277e-01
-3.175400793552398682e-01
-6.370854973793029785e-01
-5.197767019271850586e-01
-6.213421225547790527e-01
-5.982220768928527832e-01
-5.374521017074584961e-01
-5.067636966705322266e-01
-3.359339237213134766e-01
-4.834999442100524902e-01
-3.576010167598724365e-01
-5.077376961708068848e-01
-5.585123896598815918e-01
-5.654579997062683105e-01
-5.283828973770141602e-01
-4.634934365749359131e-01
-7.482789158821105957e-01
-6.711748242378234863e-01
-7.631281614303588867e-01
-6.385864019393920898e-01
-7.642617821693420410e-01
-6.159133911132812500e-01
-6.660494208335876465e-01
-6.348661184310913086e-01
-5.026921629905700684e-01
-5.756767988204956055e-01
-5.021812319755554199e-01
-4.302024543285369873e-01
-2.211479544639587402e-01
-3.517092168331146240e-01
-5.182119607925415039e-01
-4.996424913406372070e-01
-6.303315162658691406e-01
-6.347064375877380371e-01
-5.600452423095703125e-01
-4.458180963993072510e-01
-6.152907013893127441e-01
-5.393680930137634277e-01
-5.564047694206237793e-01
-6.297087669372558594e-01
-6.279523968696594238e-01
-5.237365365028381348e-01
-6.717815399169921875e-01
-4.823822677135467529e-01
-5.269777774810791016e-01
-5.226667523384094238e-01
-4.602521657943725586e-01
-3.635087609291076660e-01
-5.964177846908569336e-01
-6.456596851348876953e-01
-5.849376320838928223e-01
-7.269312143325805664e-01
-6.246472597122192383e-01
-6.395124793052673340e-01
-4.931279718875885010e-01
-6.059340834617614746e-01
-6.123208403587341309e-01
-5.953799486160278320e-01
-5.532912611961364746e-01
-5.745112299919128418e-01
-4.555099904537200928e-01
-5.202876925468444824e-01
-4.414591193199157715e-01
-5.652344822883605957e-01
-3.834514021873474121e-01
-4.246938824653625488e-01
-6.021658778190612793e-01
-5.729145407676696777e-01
-7.440956234931945801e-01
-7.088087797164916992e-01
-6.218690276145935059e-01
-7.156425714492797852e-01
-5.737288594245910645e-01
-4.154650270938873291e-01
-4.946288764476776123e-01
-3.310799896717071533e-01
-3.459451794624328613e-01
-1.826837211847305298e-01
-2.487706840038299561e-01
-3.066506385803222656e-01
-3.702787160873413086e-01
-2.082307487726211548e-01
-3.533378541469573975e-01
-3.905726373195648193e-01
-3.040799796581268311e-01
-5.109630227088928223e-01
-3.424005210399627686e-01
-5.005685687065124512e-01
-4.020528197288513184e-01
-2.435016036033630371e-01
-5.732763931155204773e-02
-1.495364457368850708e-01
-3.918340206146240234e-01
-4.548074305057525635e-01
-2.766488492488861084e-01
-4.017015695571899414e-01
-4.351522028446197510e-01
-2.064424455165863037e-01
-3.835951089859008789e-01
-3.081515431404113770e-01
-3.595170378684997559e-01
-2.347357869148254395e-01
-3.116323351860046387e-01
-3.612414598464965820e-01
-3.267849087715148926e-01
-3.166140019893646240e-01
-2.967831194400787354e-01
-4.754366576671600342e-01
-3.094448447227478027e-01
-4.652498066425323486e-01
-4.777039587497711182e-01
-4.146986007690429688e-01
-5.585443377494812012e-01
-2.821893692016601562e-01
-4.901741147041320801e-01
-4.038251638412475586e-01
-4.881942272186279297e-01
-4.724987745285034180e-01
-4.404053092002868652e-01
-4.299469888210296631e-01
-5.410286784172058105e-01
-5.826703310012817383e-01
-5.986052751541137695e-01
-5.322947502136230469e-01
-5.028358697891235352e-01
-5.460262894630432129e-01
-2.439646422863006592e-01
-5.805945992469787598e-01
-3.237511813640594482e-01
-5.510877966880798340e-01
-4.744147956371307373e-01
-5.538660287857055664e-01
-4.359345734119415283e-01
-4.383296072483062744e-01
-3.865010738372802734e-01
-1.834022253751754761e-01
-3.681551218032836914e-01
-4.184508323669433594e-01
-3.996737599372863770e-01
-5.257642865180969238e-01
-4.725147187709808350e-01
-6.318643093109130859e-01
-6.941032409667968750e-01
-6.378678679466247559e-01
-6.473362445831298828e-01
-5.767306089401245117e-01
-4.347690045833587646e-01
-5.656656026840209961e-01
-5.865502953529357910e-01
-7.798614501953125000e-01
-7.249193787574768066e-01
-7.813782691955566406e-01
-7.480394244194030762e-01
-4.903178215026855469e-01
-3.516293764114379883e-01
-4.430079162120819092e-01
-6.595828533172607422e-01
-5.951085090637207031e-01
-6.728353500366210938e-01
-6.302676200866699219e-01
-6.381872296333312988e-01
-5.667672753334045410e-01
-6.550961136817932129e-01
-5.435514450073242188e-01
-3.881776034832000732e-01
-2.916417717933654785e-01
-4.160877168178558350e-01
-3.204460442066192627e-01
-1.675471067428588867e-01
-4.097169339656829834e-01
-3.487553596496582031e-01
-4.475105702877044678e-01
-4.947246611118316650e-01
-5.061410069465637207e-01
-3.807530105113983154e-01
-4.163432121276855469e-01
-3.931273519992828369e-01
-5.287980437278747559e-01
-6.302516460418701172e-01
-5.577140450477600098e-01
-7.079784870147705078e-01
-7.194427251815795898e-01
-6.233539581298828125e-01
-4.396708309650421143e-01
-5.276803374290466309e-01
-4.652657508850097656e-01
-4.317193329334259033e-01
-5.710304379463195801e-01
-4.859907925128936768e-01
-4.760434031486511230e-01
-4.785342514514923096e-01
-4.412515461444854736e-01
-6.301718354225158691e-01
-5.543769598007202148e-01
-5.696732401847839355e-01
-3.937500417232513428e-01
-3.555412888526916504e-01
-5.040014386177062988e-01
-5.312728881835937500e-01
-4.959381520748138428e-01
-5.237525105476379395e-01
-4.306974411010742188e-01
-6.203522086143493652e-01
-6.732824444770812988e-01
-6.594551205635070801e-01
-6.625686287879943848e-01
-6.361114978790283203e-01
-4.395750164985656738e-01
-6.266590952873229980e-01
-4.553183913230895996e-01
-6.251422762870788574e-01
-6.399914622306823730e-01
-6.000902056694030762e-01
-5.198885202407836914e-01
-5.347217321395874023e-01
-5.527324080467224121e-01
-3.008546829223632812e-01
-3.884170949459075928e-01
-4.438062608242034912e-01
-3.916903138160705566e-01
-5.226987004280090332e-01
-4.187541902065277100e-01
-5.574585795402526855e-01
-4.695448875427246094e-01
-4.408044815063476562e-01
-5.104839801788330078e-01
-5.146673321723937988e-01
-5.060930848121643066e-01
-3.918819129467010498e-01
-5.568039417266845703e-01
-5.223953127861022949e-01
-4.401338696479797363e-01
-5.076737999916076660e-01
-4.336034059524536133e-01
-5.568199157714843750e-01
-4.121119678020477295e-01
-5.547122955322265625e-01
-4.653136730194091797e-01
-5.051829814910888672e-01
-5.867578387260437012e-01
-6.619459390640258789e-01
-4.745904207229614258e-01
-4.926968812942504883e-01
-4.883219599723815918e-01
-4.146187901496887207e-01
-4.043999612331390381e-01
-3.472065627574920654e-01
-2.599954009056091309e-01
-1.855577528476715088e-01
-3.373709619045257568e-01
-1.917369514703750610e-01
-1.937807053327560425e-01
-2.408990114927291870e-01
-3.069220781326293945e-01
-5.808181762695312500e-01
-7.456603646278381348e-01
-6.713983416557312012e-01
-7.603498697280883789e-01
-5.399269461631774902e-01
-6.503060460090637207e-01
-6.375804543495178223e-01
-5.464254617691040039e-01
-3.540723323822021484e-01
-5.479103922843933105e-01
-4.653296172618865967e-01
-6.308264732360839844e-01
-6.687318682670593262e-01
-6.283515691757202148e-01
-6.423705220222473145e-01
-5.637974739074707031e-01
-5.690984725952148438e-01
-5.842989683151245117e-01
-4.471752643585205078e-01
-7.379643321037292480e-01
-7.345154881477355957e-01
-8.083144426345825195e-01
-8.351547718048095703e-01
-8.481837511062622070e-01
-7.121937274932861328e-01
-7.854818105697631836e-01
-4.388405382633209229e-01
-3.270882666110992432e-01
-4.170617163181304932e-01
-5.622167587280273438e-01
-6.455798745155334473e-01
-6.534036397933959961e-01
-7.634953856468200684e-01
-7.172392606735229492e-01
-6.715101003646850586e-01
-7.617549896240234375e-01
-6.555272340774536133e-01
-4.161356389522552490e-01
-4.183869659900665283e-01
-5.723716616630554199e-01
-5.159606337547302246e-01
-6.005532145500183105e-01
-6.448932886123657227e-01
-5.647075772285461426e-01
-7.134391665458679199e-01
-7.454527616500854492e-01
-6.850181221961975098e-01
-5.889613032341003418e-01
-7.359524965286254883e-01
-6.442546248435974121e-01
-6.841558814048767090e-01
-7.075633406639099121e-01
-6.227791309356689453e-01
-7.021026611328125000e-01
-5.804349780082702637e-01
-6.363669633865356445e-01
-5.677093267440795898e-01
-4.899186491966247559e-01
-4.686826765537261963e-01
-3.069061338901519775e-01
-4.326454102993011475e-01
-4.528115689754486084e-01
-4.689062237739562988e-01
-5.174934864044189453e-01
-6.030440926551818848e-01
-7.083776593208312988e-01
-6.857046484947204590e-01
-5.682841539382934570e-01
-6.928099393844604492e-01
-7.419400811195373535e-01
-6.245035529136657715e-01
-6.493161320686340332e-01
-4.369883835315704346e-01
-6.466816067695617676e-01
-5.387933254241943359e-01
-6.167436838150024414e-01
-6.052954196929931641e-01
-5.638453364372253418e-01
-5.763474106788635254e-01
-5.397512912750244141e-01
-5.179724693298339844e-01
-4.723071455955505371e-01
-7.193149924278259277e-01
-6.805473566055297852e-01
-6.194739937782287598e-01
-7.751511931419372559e-01
-7.220134139060974121e-01
-5.987649559974670410e-01
-6.960991024971008301e-01
-6.856248378753662109e-01
-6.035071015357971191e-01
-5.506566762924194336e-01
-2.366198748350143433e-01
-4.188819229602813721e-01
-2.940687537193298340e-01
-5.298039317131042480e-01
-5.800517201423645020e-01
-6.092711687088012695e-01
-6.275691986083984375e-01
-6.610518097877502441e-01
-5.246146917343139648e-01
-6.374846696853637695e-01
-6.389057040214538574e-01
-6.761724352836608887e-01
-4.678364396095275879e-01
-6.430890560150146484e-01
-7.138862609863281250e-01
-6.896325349807739258e-01
-5.259878635406494141e-01
-7.112038135528564453e-01
-6.738891601562500000e-01
-7.621222138404846191e-01
-6.776893138885498047e-01
-3.894230127334594727e-01
-6.266431212425231934e-01
-4.597571790218353271e-01
-6.242800354957580566e-01
-6.122729182243347168e-01
-4.087908565998077393e-01
-5.345620512962341309e-01
-5.774012207984924316e-01
-4.230173528194427490e-01
-4.690818488597869873e-01
-3.836430013179779053e-01
-2.431184053421020508e-01
-4.775123596191406250e-01
-3.035850226879119873e-01
-5.675337314605712891e-01
-5.591670274734497070e-01
-5.105478763580322266e-01
-6.408696174621582031e-01
-6.450050473213195801e-01
-5.372444987297058105e-01
-5.191380381584167480e-01
-3.983325362205505371e-01
-5.612267851829528809e-01
-5.962581634521484375e-01
-5.344343185424804688e-01
-6.163763999938964844e-01
-6.844273209571838379e-01
-7.033321261405944824e-01
-6.680612564086914062e-01
-7.300926446914672852e-01
-6.523977518081665039e-01
-7.072440385818481445e-01
-6.433445215225219727e-01
-5.487726330757141113e-01
-6.553037166595458984e-01
-5.740801095962524414e-01
-7.221730351448059082e-01
-5.409647822380065918e-01
-4.985727071762084961e-01
-6.273137331008911133e-01
-4.883698523044586182e-01
-6.962428092956542969e-01
-5.028678178787231445e-01
-3.574892282485961914e-01
-3.140273690223693848e-01
-4.875715076923370361e-01
-4.655052721500396729e-01
-4.895513951778411865e-01
-2.992100715637207031e-01
-4.800670742988586426e-01
-5.784231424331665039e-01
-6.116662025451660156e-01
-5.926656126976013184e-01
-4.953793287277221680e-01
-5.885142087936401367e-01
-6.515674591064453125e-01
-5.928571820259094238e-01
-6.263078451156616211e-01
-5.935597419738769531e-01
-7.197301387786865234e-01
-6.041457653045654297e-01
-6.938158273696899414e-01
-6.173344254493713379e-01
-7.028850317001342773e-01
-6.536750793457031250e-01
-4.510712027549743652e-01
-4.672456681728363037e-01
-5.423699021339416504e-01
-4.506720304489135742e-01
-2.765530645847320557e-01
-2.106098085641860962e-01
-4.409481883049011230e-01
-3.315909504890441895e-01
-3.437736630439758301e-01
-2.900450825691223145e-01
-4.865017235279083252e-01
-3.598044216632843018e-01
-5.489642024040222168e-01
-3.719552457332611084e-01
-4.693692624568939209e-01
-4.986525177955627441e-01
-4.490114748477935791e-01
-5.938311815261840820e-01
-4.794283807277679443e-01
-6.198731660842895508e-01
-4.541527926921844482e-01
-5.553988814353942871e-01
-4.171255826950073242e-01
-5.593586564064025879e-01
-5.156732201576232910e-01
-5.643243789672851562e-01
-5.506566762924194336e-01
-5.831652879714965820e-01
-6.234497427940368652e-01
-6.870778203010559082e-01
-7.226520776748657227e-01
-7.090163230895996094e-01
-6.516792178153991699e-01
-5.081847906112670898e-01
-7.059187889099121094e-01
-6.760606765747070312e-01
-6.613711118698120117e-01
-5.208305716514587402e-01
-5.809139609336853027e-01
-3.958097696304321289e-01
-3.865649402141571045e-01
-2.345601469278335571e-01
-1.390940994024276733e-01
-3.700551688671112061e-01
-4.450836181640625000e-01
-4.751332998275756836e-01
-4.992273449897766113e-01
-4.469996392726898193e-01
-6.500505805015563965e-01
-7.294539809226989746e-01
-7.297413349151611328e-01
-6.890896558761596680e-01
-7.780092954635620117e-01
-8.431541919708251953e-01
-7.826077342033386230e-01
-8.713038563728332520e-01
-8.152121305465698242e-01
-6.637821197509765625e-01
-7.485982775688171387e-01
-7.086970210075378418e-01
-6.975840330123901367e-01
-6.776413917541503906e-01
-7.358886003494262695e-01
-6.917880773544311523e-01
-6.952847838401794434e-01
-7.789513468742370605e-01
-8.077875375747680664e-01
-7.087289094924926758e-01
-8.196349740028381348e-01
-5.281434059143066406e-01
-5.748944282531738281e-01
-3.992107212543487549e-01
-6.051037907600402832e-01
-5.334444046020507812e-01
-5.680286884307861328e-01
-5.276324152946472168e-01
-5.749263763427734375e-01
-5.913403630256652832e-01
-5.847300291061401367e-01
-6.989412307739257812e-01
-6.621534824371337891e-01
-5.741280317306518555e-01
-7.589607834815979004e-01
-6.754698753356933594e-01
-7.404551506042480469e-01
-5.855443477630615234e-01
-6.930015683174133301e-01
-5.859275460243225098e-01
-6.858483552932739258e-01
-6.842356920242309570e-01
-6.229867339134216309e-01
-4.754686057567596436e-01
-6.440470814704895020e-01
-6.914367675781250000e-01
-6.359837651252746582e-01
-5.456590652465820312e-01
-3.972148597240447998e-01
-6.070038676261901855e-01
-4.869008958339691162e-01
-6.201925277709960938e-01
-5.469204187393188477e-01
-5.930647850036621094e-01
-4.189777374267578125e-01
-4.712054431438446045e-01
-3.795395195484161377e-01
-3.856548368930816650e-01
-4.681876897811889648e-01
-2.966394126415252686e-01
-4.683313965797424316e-01
-5.997708439826965332e-01
-7.235941290855407715e-01
-7.344675660133361816e-01
-8.394179344177246094e-01
-9.366244077682495117e-01
-9.645504951477050781e-01
-8.125296831130981445e-01
-9.077083468437194824e-01
-8.235947489738464355e-01
-7.597431540489196777e-01
-7.976804971694946289e-01
-7.591364383697509766e-01
-6.911334395408630371e-01
-6.413806080818176270e-01
-6.718294620513916016e-01
-5.917714238166809082e-01
-7.446385025978088379e-01
-7.092239260673522949e-01
-7.127845287322998047e-01
-7.085213661193847656e-01
-5.667513012886047363e-01
-6.432487368583679199e-01
-5.811534523963928223e-01
-5.212456583976745605e-01
-3.894549608230590820e-01
-5.711262822151184082e-01
-3.860380351543426514e-01
-4.987802803516387939e-01
-6.119216680526733398e-01
-5.310653448104858398e-01
-4.782149195671081543e-01
-6.342433691024780273e-01
-6.333652138710021973e-01
-4.614017605781555176e-01
-5.453078150749206543e-01
-5.400706529617309570e-01
-2.829717397689819336e-01
-5.259718894958496094e-01
-3.885927498340606689e-01
-5.669269561767578125e-01
-5.443817377090454102e-01
-5.885461568832397461e-01
-6.391133069992065430e-01
-5.875721573829650879e-01
-6.815692782402038574e-01
-5.883864760398864746e-01
-4.441894590854644775e-01
-6.089518070220947266e-01
-5.218524336814880371e-01
-5.162799954414367676e-01
-4.899186491966247559e-01
-5.534508824348449707e-01
-5.388731360435485840e-01
-4.536099135875701904e-01
-5.685715675354003906e-01
-4.831007719039916992e-01
-3.930954039096832275e-01
-4.941658377647399902e-01
-2.721142768859863281e-01
2.499765902757644653e-02
9.070142358541488647e-02
-1.018752679228782654e-01
-1.760414838790893555e-01
-2.303075231611728668e-02
-1.194548159837722778e-01
-2.927115559577941895e-01
-3.243100345134735107e-01
-3.743183314800262451e-01
-4.962734580039978027e-01
-5.408689975738525391e-01
-6.926981806755065918e-01
-6.139973402023315430e-01
-7.447183132171630859e-01
-7.091919779777526855e-01
-6.885627508163452148e-01
-5.903184413909912109e-01
-6.628720164299011230e-01
-4.951398074626922607e-01
-6.409654617309570312e-01
-6.623930335044860840e-01
-5.860872268676757812e-01
-5.037779211997985840e-01
-6.148276329040527344e-01
-5.786945819854736328e-01
-5.614024400711059570e-01
-5.187388658523559570e-01
-4.501770436763763428e-01
-6.166478395462036133e-01
-6.348980069160461426e-01
-7.339246869087219238e-01
-6.844432950019836426e-01
-6.411410570144653320e-01
-5.939109921455383301e-01
-4.887530505657196045e-01
-5.451161861419677734e-01
-4.088068306446075439e-01
-2.231757491827011108e-01
-3.574892282485961914e-01
-2.679628729820251465e-01
-3.178274631500244141e-01
-3.062514662742614746e-01
-3.353271782398223877e-01
-2.956494688987731934e-01
-4.471752643585205078e-01
-5.501297712326049805e-01
-4.350084960460662842e-01
-6.012238264083862305e-01
-6.222043633460998535e-01
-6.785514950752258301e-01
-6.979033946990966797e-01
-6.497632265090942383e-01
-5.557661056518554688e-01
-5.488524436950683594e-01
-5.790777802467346191e-01
-4.400859773159027100e-01
-4.739038348197937012e-01
-4.218038916587829590e-01
-1.792987287044525146e-01
-2.756429612636566162e-01
-1.098108142614364624e-01
1.754111982882022858e-02
-1.606653779745101929e-01
-2.296742796897888184e-01
-4.218837022781372070e-01
-5.939429402351379395e-01
-7.952215671539306641e-01
-8.856899738311767578e-01
-8.498603105545043945e-01
-9.612134099006652832e-01
-8.520956635475158691e-01
-1.037439346313476562e+00
-9.686220288276672363e-01
-8.644220829010009766e-01
-9.148934483528137207e-01
-7.536278367042541504e-01
-7.965947389602661133e-01
-6.609081029891967773e-01
-7.427862882614135742e-01
-7.030287384986877441e-01
-7.833102941513061523e-01
-8.674398660659790039e-01
-8.845563530921936035e-01
-7.579229474067687988e-01
-6.811062097549438477e-01
-5.955236554145812988e-01
-5.976791977882385254e-01
-6.159772276878356934e-01
-5.219482183456420898e-01
-7.102617621421813965e-01
-5.742078423500061035e-01
-4.218517839908599854e-01
-5.415236353874206543e-01
-6.073551177978515625e-01
-4.820948541164398193e-01
-5.925378799438476562e-01
-5.664000511169433594e-01
-5.967211723327636719e-01
-5.620889663696289062e-01
-6.367022991180419922e-01
-5.163119435310363770e-01
-6.183722615242004395e-01
-3.781982958316802979e-01
-6.432965993881225586e-01
-6.522220969200134277e-01
-7.919324040412902832e-01
-8.052967190742492676e-01
-7.601902484893798828e-01
-7.373895049095153809e-01
-7.821925878524780273e-01
-9.400732517242431641e-01
-8.980004787445068359e-01
-8.278898596763610840e-01
-8.945196866989135742e-01
-8.023108839988708496e-01
-8.748165369033813477e-01
-7.834699749946594238e-01
-8.881489038467407227e-01
-8.905439376831054688e-01
-8.467307686805725098e-01
-7.292304039001464844e-01
-7.845078110694885254e-01
-8.062387704849243164e-01
-9.329041242599487305e-01
-5.072107911109924316e-01
-3.616246581077575684e-01
-3.086624741554260254e-01
-5.647554397583007812e-01
-4.936868250370025635e-01
-6.686360836029052734e-01
-7.932896018028259277e-01
-6.907342672348022461e-01
-8.350589871406555176e-01
-8.527503013610839844e-01
-8.142860531806945801e-01
-8.295184969902038574e-01
-8.233392834663391113e-01
-8.200501203536987305e-01
-7.486780881881713867e-01
-9.029342532157897949e-01
-9.381092786788940430e-01
-9.328562021255493164e-01
-8.897615671157836914e-01
-8.804688453674316406e-01
-8.268200755119323730e-01
-7.847153544425964355e-01
-8.925877213478088379e-01
-9.765416383743286133e-01
-8.457248806953430176e-01
-8.441760540008544922e-01
-9.094487428665161133e-01
-7.120341062545776367e-01
-8.744652867317199707e-01
-5.118092298507690430e-01
-5.319754481315612793e-01
-4.751652181148529053e-01
-4.261468648910522461e-01
-5.208305716514587402e-01
-5.111227035522460938e-01
-2.924081981182098389e-01
-3.161190152168273926e-01
-6.029642224311828613e-01
-7.578750252723693848e-01
-6.745917201042175293e-01
-8.800856471061706543e-01
-9.144783020019531250e-01
-8.446550965309143066e-01
-8.863286972045898438e-01
-9.047384858131408691e-01
-8.194114565849304199e-01
-8.510099053382873535e-01
-7.252067923545837402e-01
-9.170809388160705566e-01
-7.571564912796020508e-01
-4.413313865661621094e-01
-5.171262025833129883e-01
-4.494585394859313965e-01
-5.898554325103759766e-01
-5.617377161979675293e-01
-4.891522228717803955e-01
-5.609233975410461426e-01
-6.268826723098754883e-01
-5.993397831916809082e-01
-5.365738868713378906e-01
-6.724202036857604980e-01
-5.590074062347412109e-01
-4.989399313926696777e-01
-5.954438447952270508e-01
-6.733622550964355469e-01
-4.864857494831085205e-01
-5.814195051789283752e-02
1.161740347743034363e-02
-2.718747556209564209e-01
-5.019097924232482910e-01
-5.394160151481628418e-01
-6.085686087608337402e-01
-6.429134011268615723e-01
-5.819358229637145996e-01
-4.161036908626556396e-01
-4.691137671470642090e-01
-4.211971461772918701e-01
-3.703425824642181396e-01
-4.200315475463867188e-01
-5.100848078727722168e-01
-4.687784612178802490e-01
-5.813929438591003418e-01
-4.073378741741180420e-01
-4.885295331478118896e-01
-4.566755592823028564e-01
-5.948051810264587402e-01
-6.094627380371093750e-01
-4.787577688694000244e-01
-3.517251908779144287e-01
-9.813901036977767944e-02
-2.036322802305221558e-01
-4.741219803690910339e-02
-1.071124076843261719e-01
-2.056760340929031372e-01
-2.811036109924316406e-01
-1.236062049865722656e-01
-3.329002261161804199e-01
-2.562272250652313232e-01
-1.442354470491409302e-01
-2.202697843313217163e-01
-8.720169216394424438e-02
-1.960000991821289062e-01
-1.223713345825672150e-02
-9.425906091928482056e-02
-9.247076511383056641e-02
-2.759463191032409668e-01
1.688114553689956665e-01
3.247016295790672302e-02
-1.250857114791870117e-02
-3.347204625606536865e-01
-4.271527826786041260e-01
-6.151150465011596680e-01
-6.264835000038146973e-01
-6.415721774101257324e-01
-8.071648478507995605e-01
-8.035243749618530273e-01
-7.853061556816101074e-01
-7.228755950927734375e-01
-6.165360808372497559e-01
-8.124019503593444824e-01
-6.659057140350341797e-01
-8.275704979896545410e-01
-8.117313385009765625e-01
-5.402781963348388672e-01
-4.554461240768432617e-01
-5.994515419006347656e-01
-4.926489889621734619e-01
-4.578730762004852295e-01
-4.984768927097320557e-01
-5.452758669853210449e-01
-5.786306858062744141e-01
-7.324397563934326172e-01
-5.785349011421203613e-01
-7.585296630859375000e-01
-5.994675159454345703e-01
-6.469370722770690918e-01
-4.539771676063537598e-01
-5.665277838706970215e-01
-5.426413416862487793e-01
-4.865655899047851562e-01
-6.061895489692687988e-01
-5.872049331665039062e-01
-6.028684377670288086e-01
-6.141250729560852051e-01
-5.507844090461730957e-01
