-6.247724533081054688e+01
-3.296583557128906250e+01
-1.358920574188232422e+01
-3.029356956481933594e+00
9.382081031799316406e-01
2.998512029647827148e+00
3.166627407073974609e+00
2.852255344390869141e+00
2.402531862258911133e+00
1.594782710075378418e+00
9.916652441024780273e-01
-6.283621490001678467e-02
-6.373409628868103027e-01
-3.668458461761474609e-01
-1.119663417339324951e-01
2.446062862873077393e-01
-6.551865488290786743e-02
3.091082442551851273e-03
-1.487381011247634888e-01
2.018469423055648804e-01
-3.668298721313476562e-01
-1.874897480010986328e-01
-3.916104733943939209e-01
-6.566768884658813477e-01
-7.297892570495605469e-01
-7.758377790451049805e-01
-3.570581376552581787e-01
-1.288912445306777954e-01
-3.218511343002319336e-01
-7.588490247726440430e-01
-1.327414035797119141e+00
-1.156424641609191895e+00
-6.367182731628417969e-01
2.046571224927902222e-01
4.319991543889045715e-02
-1.086771637201309204e-01
1.486612260341644287e-01
-7.388530671596527100e-02
-3.519487380981445312e-01
-6.717336177825927734e-01
-4.358547329902648926e-01
-5.927613973617553711e-01
-3.220267593860626221e-01
-9.265971779823303223e-01
-6.022776365280151367e-01
-1.156424641609191895e+00
-1.189332365989685059e+00
-6.846029758453369141e-01
-8.864883184432983398e-01
-9.052335023880004883e-01
-5.159925818443298340e-01
-3.621675372123718262e-01
-1.626771986484527588e-01
2.176382094621658325e-01
-1.564022153615951538e-01
1.338279843330383301e-01
-3.242940604686737061e-01
-6.878761649131774902e-01
-9.694043993949890137e-01
-1.021232962608337402e+00
-9.482322931289672852e-01
-6.667999029159545898e-01
-9.875268340110778809e-01
-6.685402393341064453e-01
-6.703605055809020996e-01
-2.299616783857345581e-01
-2.912106812000274658e-01
-9.811400771141052246e-01
-1.383218407630920410e+00
-1.071305155754089355e+00
-7.521269321441650391e-01
-4.230971932411193848e-01
6.746958941221237183e-02
6.599690318107604980e-01
-6.024692654609680176e-01
-1.185963392257690430e+00
-9.510584473609924316e-01
-2.481362782418727875e-03
9.539674520492553711e-01
1.126473784446716309e+00
8.911057710647583008e-01
1.029027819633483887e+00
4.469707012176513672e-01
-1.845199018716812134e-01
-3.485637307167053223e-01
-3.752603828907012939e-01
4.794792830944061279e-01
4.592811763286590576e-01
-2.819498777389526367e-01
-1.350198864936828613e+00
-8.678709268569946289e-01
6.695491671562194824e-01
5.405740439891815186e-02
-6.394326090812683105e-01
1.501461565494537354e-01
-7.839809060096740723e-01
-3.968476355075836182e-01
-8.228443264961242676e-01
-3.279664516448974609e-01
-1.100141286849975586e+00
-1.969378948211669922e+00
-1.971342921257019043e+00
-1.709869027137756348e+00
-1.567540168762207031e+00
-1.482133269309997559e+00
-1.173397421836853027e+00
-9.942967891693115234e-01
-4.463290274143218994e-01
-1.444056537002325058e-02
-2.849197089672088623e-01
-1.160059645771980286e-01
-3.901894390583038330e-01
-6.248548626899719238e-01
-4.183071255683898926e-01
-3.473183214664459229e-01
-4.914674162864685059e-01
-3.342573940753936768e-01
-2.024028301239013672e-01
2.328706234693527222e-01
1.679652035236358643e-01
-9.392375499010086060e-02
-1.301366686820983887e-01
-3.910356760025024414e-01
-4.300587475299835205e-01
-1.367309987545013428e-01
7.130164653062820435e-02
-2.214673012495040894e-01
-7.430418133735656738e-01
-1.089076280593872070e+00
-1.250725030899047852e+00
-9.151329398155212402e-01
-7.773067355155944824e-01
-1.956807672977447510e-01
1.982384324073791504e-01
-1.422236114740371704e-01
1.647718250751495361e-01
-5.020640417933464050e-02
8.871098048985004425e-03
2.777589857578277588e-02
-1.134831979870796204e-01
-1.055795848369598389e-01
-3.820622861385345459e-01
-7.096549868583679199e-01
-4.010628759860992432e-01
-4.620085060596466064e-01
-3.996577858924865723e-01
-3.156879246234893799e-01
4.462096840143203735e-02
8.693323284387588501e-02
2.265636920928955078e-01
2.226677834987640381e-01
-2.644182145595550537e-01
-1.488179415464401245e-01
-5.705035328865051270e-01
-3.945164680480957031e-01
6.357367336750030518e-02
4.002250358462333679e-02
1.109049562364816666e-02
-4.484206736087799072e-01
-3.299782872200012207e-01
-2.800977230072021484e-01
-4.673893451690673828e-01
-2.940687537193298340e-01
-3.067304790019989014e-01
-3.789966404438018799e-01
-2.613206505775451660e-01
-4.232568740844726562e-01
-5.005366206169128418e-01
-2.625980079174041748e-01
1.400550752878189087e-01
3.442077636718750000e-01
3.356176018714904785e-01
5.941215753555297852e-01
9.007871150970458984e-02
-2.050054371356964111e-01
-1.721934676170349121e-01
9.486877918243408203e-02
1.477830559015274048e-01
2.601953968405723572e-02
2.419557869434356689e-01
1.519344449043273926e-01
3.732675313949584961e-01
2.570923864841461182e-01
3.549534976482391357e-01
1.280958801507949829e-01
4.327282309532165527e-01
5.680476427078247070e-01
3.839014768600463867e-01
2.194584310054779053e-01
-1.990497857332229614e-01
-3.268487751483917236e-01
-4.315915703773498535e-01
-3.253319263458251953e-01
-2.633963525295257568e-01
-1.191195100545883179e-01
1.335565447807312012e-01
-5.381492152810096741e-02
-9.730331599712371826e-03
-2.216854132711887360e-02
4.934716969728469849e-02
1.622171252965927124e-01
5.761108994483947754e-01
1.610994338989257812e-01
-5.122828483581542969e-02
-3.527470827102661133e-01
-1.875536143779754639e-01
-8.357720822095870972e-02
-2.554129064083099365e-01
-2.317978739738464355e-01
-8.086283504962921143e-02
1.505612879991531372e-01
2.876211106777191162e-01
1.717812865972518921e-01
2.543780207633972168e-01
-7.795686274766921997e-02
1.119214221835136414e-01
3.555177524685859680e-02
-7.016875147819519043e-01
-1.004579424858093262e+00
-6.267389655113220215e-01
-1.305837333202362061e-01
-2.023708969354629517e-01
-3.474939763545989990e-01
-6.689873337745666504e-01
-2.781497538089752197e-01
-4.846495687961578369e-01
-5.871090888977050781e-01
-5.153219699859619141e-01
-5.007866770029067993e-02
1.406777799129486084e-01
4.943923652172088623e-01
8.128679990768432617e-01
4.713361859321594238e-01
-2.463437169790267944e-01
-4.415868520736694336e-01
-2.112165540456771851e-01
6.216858327388763428e-02
1.960669308900833130e-01
1.809622496366500854e-01
1.806748509407043457e-01
3.011610209941864014e-01
1.757570505142211914e-01
-5.189889296889305115e-02
-2.858457863330841064e-01
-3.370196819305419922e-01
-4.244649410247802734e-02
-9.069844335317611694e-02
3.148021548986434937e-02
2.883715629577636719e-01
2.078824341297149658e-01
3.033060021698474884e-02
-2.009284496307373047e-02
-2.918812632560729980e-01
-2.505589723587036133e-01
-2.650409340858459473e-01
-4.106110930442810059e-01
-7.000534981489181519e-02
5.450447648763656616e-02
1.785512566566467285e-01
-2.437197230756282806e-02
2.909422218799591064e-01
4.048819541931152344e-01
3.441758453845977783e-01
1.196813285350799561e-01
2.222047299146652222e-01
1.342750638723373413e-01
2.484862357378005981e-01
1.007765308022499084e-01
3.154949983581900597e-03
-3.877784311771392822e-01
-5.151463150978088379e-01
-5.627117156982421875e-01
-4.261788129806518555e-01
-6.655649840831756592e-02
-6.167063117027282715e-02
-1.237499117851257324e-01
4.166709259152412415e-02
-1.168202757835388184e-01
-2.843449115753173828e-01
-1.145210489630699158e-01
-3.013602085411548615e-02
-6.224543973803520203e-02
1.587523072957992554e-01
3.446708023548126221e-01
1.924584209918975830e-01
2.246317118406295776e-01
4.538524150848388672e-01
3.815224170684814453e-01
1.417635381221771240e-01
3.207683861255645752e-01
2.419557869434356689e-01
1.352650076150894165e-01
-3.140752613544464111e-01
-5.530676841735839844e-01
-9.435859322547912598e-01
-7.018471956253051758e-01
-2.266884744167327881e-01
-1.384234875440597534e-01
-1.844560354948043823e-01
-1.626079156994819641e-02
1.965299695730209351e-01
1.731384843587875366e-01
5.092789232730865479e-02
-4.562390595674514771e-02
-4.110527411103248596e-02
-9.845834970474243164e-02
-2.046381980180740356e-01
-3.112331628799438477e-01
1.508221868425607681e-02
2.090320438146591187e-01
2.875891625881195068e-01
3.034921884536743164e-01
2.594395279884338379e-01
1.182443127036094666e-01
3.915975093841552734e-01
6.117489933967590332e-01
4.822575151920318604e-01
4.634804725646972656e-01
-4.955176264047622681e-02
-2.539385296404361725e-02
-4.039369225502014160e-01
-8.658590912818908691e-01
-6.367341876029968262e-01
-4.223307967185974121e-01
-9.967183321714401245e-02
-1.325636357069015503e-01
-6.473085843026638031e-03
-4.476223289966583252e-01
-4.152893722057342529e-01
-4.953579232096672058e-02
-1.587493419647216797e-01
2.994685471057891846e-01
2.082017660140991211e-01
3.058872222900390625e-01
3.808038830757141113e-01
4.786490201950073242e-01
1.862472891807556152e-01
2.060622125864028931e-01
3.538837134838104248e-01
3.467359393835067749e-02
-3.998759388923645020e-02
-2.839616835117340088e-01
2.969617545604705811e-01
-2.071555331349372864e-02
1.724678725004196167e-01
-3.445400893688201904e-01
-3.377541601657867432e-01
-5.435194969177246094e-01
-5.005685687065124512e-01
-3.229209184646606445e-01
-5.972959995269775391e-01
-2.910829186439514160e-01
-1.957765668630599976e-01
2.011603713035583496e-01
-2.970491349697113037e-02
-3.318569809198379517e-02
-2.260817289352416992e-01
-2.110249549150466919e-01
6.829986721277236938e-02
7.214789092540740967e-02
-2.401166260242462158e-01
-3.014773726463317871e-01
-6.911120563745498657e-02
-2.820456624031066895e-01
-2.449970692396163940e-02
-1.679303050041198730e-01
-8.664285391569137573e-02
-4.139268025755882263e-02
-4.682835042476654053e-01
-1.334258466958999634e-01
-5.477293580770492554e-02
-7.955355197191238403e-02
6.921263337135314941e-01
5.984485745429992676e-01
2.238014191389083862e-01
-1.623099595308303833e-01
-2.070332318544387817e-01
-4.983811080455780029e-01
-3.700871169567108154e-01
-3.945643603801727295e-01
3.165052235126495361e-01
6.304676085710525513e-02
-3.494898378849029541e-01
-3.919937014579772949e-01
-3.369398415088653564e-01
4.086446715518832207e-04
1.948534548282623291e-01
-1.643696874380111694e-01
-9.141695499420166016e-02
1.138693839311599731e-01
5.242877826094627380e-02
3.874515369534492493e-02
-6.157483160495758057e-02
1.146677285432815552e-01
5.613309890031814575e-02
3.151215240359306335e-02
-1.307434141635894775e-01
-6.780191510915756226e-02
2.249670028686523438e-01
5.394988059997558594e-01
6.184870600700378418e-01
4.307962357997894287e-01
2.190273255109786987e-01
4.423882067203521729e-01
3.885691985487937927e-02
-2.993058860301971436e-01
-3.743023872375488281e-01
-3.621036708354949951e-01
-1.743649691343307495e-01
1.995157897472381592e-01
7.806148529052734375e-01
5.030304789543151855e-01
8.039265275001525879e-01
7.174498438835144043e-01
6.723433732986450195e-01
8.423482626676559448e-02
-4.270196333527565002e-02
2.453088313341140747e-01
2.675986289978027344e-01
-2.105619162321090698e-01
-1.228717267513275146e-01
-1.575358659029006958e-01
-3.714762330055236816e-01
-5.173497796058654785e-01
-4.136767387390136719e-01
8.024310320615768433e-02
4.690369367599487305e-01
8.559466600418090820e-01
5.109021067619323730e-01
2.496997267007827759e-01
1.647558659315109253e-01
-2.759143710136413574e-01
1.461917906999588013e-02
-1.410526037216186523e-02
-3.257151246070861816e-01
-1.683135181665420532e-01
2.396884858608245850e-01
4.676318466663360596e-01
2.978558838367462158e-01
2.728357613086700439e-01
2.655867934226989746e-01
1.006328240036964417e-01
-2.207966893911361694e-01
-1.298492550849914551e-01
-4.988164640963077545e-03
2.252544164657592773e-01
-1.499036848545074463e-01
-1.303602010011672974e-01
-3.966719806194305420e-01
-9.306154400110244751e-02
-1.756103783845901489e-01
3.083142042160034180e-01
2.590084373950958252e-01
4.958613216876983643e-01
3.981279730796813965e-01
1.530521214008331299e-01
3.005383312702178955e-01
6.451836824417114258e-01
3.002828657627105713e-01
4.148133695125579834e-01
5.757915973663330078e-01
6.651422977447509766e-01
4.010179936885833740e-01
2.693070769309997559e-01
2.520308792591094971e-01
1.479427218437194824e-01
3.745129406452178955e-01
3.918849229812622070e-01
-9.089004248380661011e-02
-8.635544776916503906e-02
-3.217234015464782715e-01
-2.303075231611728668e-02
-2.598836421966552734e-01
-1.428782492876052856e-01
4.371085762977600098e-02
-8.584450930356979370e-02
-2.727369666099548340e-01
-1.281886994838714600e-01
-1.196623817086219788e-01
-4.719399213790893555e-01
-2.186251878738403320e-01
-3.664306998252868652e-01
-8.396041393280029297e-02
2.931413473561406136e-03
-3.604377061128616333e-02
-1.297853887081146240e-01
-9.093794226646423340e-02
-8.102250844240188599e-02
5.913487449288368225e-02
4.441924691200256348e-01
1.060456037521362305e-01
9.817392379045486450e-02
-2.290994673967361450e-01
1.902230530977249146e-01
-1.197102889418601990e-01
-2.750202417373657227e-01
-1.186724379658699036e-01
-1.207002326846122742e-01
-1.123176142573356628e-01
2.229925431311130524e-02
5.654823780059814453e-02
7.011635899543762207e-01
3.886595964431762695e-01
2.222526371479034424e-01
2.489757607690989971e-04
-2.024666965007781982e-01
-2.242455333471298218e-01
-1.515642404556274414e-01
-1.499196588993072510e-01
-1.972135901451110840e-01
-2.583508193492889404e-01
-1.368427723646163940e-01
-1.360444277524948120e-01
1.160568445920944214e-01
-6.990955024957656860e-02
-8.437555283308029175e-02
-2.181726880371570587e-02
-1.127327531576156616e-01
7.973216474056243896e-02
2.598706483840942383e-01
1.291656643152236938e-01
2.923792302608489990e-01
3.314661979675292969e-01
9.723187983036041260e-02
-1.840728372335433960e-01
-2.848601434379816055e-03
9.972271323204040527e-02
7.712956517934799194e-02
2.007292658090591431e-01
2.351059913635253906e-01
3.924012556672096252e-02
8.823197335004806519e-03
-2.430226057767868042e-01
1.157215386629104614e-01
4.814965277910232544e-02
5.005555748939514160e-01
3.993414640426635742e-01
1.993720829486846924e-01
1.070728991180658340e-02
-2.149208784103393555e-01
-2.834827005863189697e-01
-2.618954479694366455e-01
7.918500923551619053e-04
-4.069013521075248718e-02
-3.711355105042457581e-02
-5.066944286227226257e-02
-1.998800635337829590e-01
-3.367642164230346680e-01
-2.929989695549011230e-01
-9.703730046749114990e-02
-6.607749313116073608e-02
2.161053866147994995e-01
3.096714019775390625e-01
1.653306633234024048e-01
2.002981603145599365e-01
3.201616406440734863e-01
2.355370968580245972e-01
2.181970477104187012e-01
-1.667051226831972599e-03
2.475122660398483276e-01
3.260693848133087158e-01
4.364485144615173340e-01
5.147182345390319824e-01
7.867461442947387695e-01
6.814604997634887695e-01
8.386864662170410156e-01
5.271085500717163086e-01
1.075145602226257324e-01
1.002975255250930786e-01
1.121130213141441345e-01
8.228687196969985962e-02
1.474317759275436401e-01
2.431053966283798218e-01
4.705537855625152588e-01
9.964288026094436646e-02
8.206333220005035400e-02
3.809316158294677734e-01
4.960848689079284668e-01
3.158825039863586426e-01
2.628085613250732422e-01
3.123059272766113281e-01
3.877654671669006348e-01
3.094957470893859863e-01
3.304123878479003906e-01
4.330954551696777344e-01
4.030457735061645508e-01
1.879078596830368042e-01
1.729468703269958496e-01
3.973296284675598145e-01
-1.132702082395553589e-02
-2.056121677160263062e-01
-2.634122967720031738e-01
-2.116955667734146118e-01
-1.086771637201309204e-01
7.558077573776245117e-02
1.558463275432586670e-01
1.248865351080894470e-01
5.637260153889656067e-02
3.161060512065887451e-01
3.248558938503265381e-01
2.967382073402404785e-01
1.523815244436264038e-01
2.350580841302871704e-01
9.924370795488357544e-02
2.107884138822555542e-01
3.560073077678680420e-01
1.111071109771728516e-01
6.859269458800554276e-03
-2.140426933765411377e-01
-4.908607006072998047e-01
-3.561639785766601562e-01
-2.354862242937088013e-01
-4.618274793028831482e-02
2.343290299177169800e-02
5.049304962158203125e-01
1.033471971750259399e-01
4.367892444133758545e-02
7.845481485128402710e-02
-1.322708092629909515e-02
6.363753974437713623e-02
-1.338889002799987793e-01
-8.859081566333770752e-02
-2.103543430566787720e-01
2.042739242315292358e-01
-1.555824745446443558e-02
-9.758017212152481079e-02
-2.618794739246368408e-01
-1.455127894878387451e-01
-1.841632090508937836e-02
2.738097608089447021e-01
6.957722455263137817e-02
7.248319685459136963e-02
2.404229640960693359e-01
2.595567330718040466e-02
-6.259670853614807129e-02
-3.119835853576660156e-01
-2.569457292556762695e-01
2.026452869176864624e-01
-1.233347728848457336e-01
-1.271614059805870056e-02
-2.130048424005508423e-01
3.604674711823463440e-02
2.053436934947967529e-01
3.581628501415252686e-01
5.658921003341674805e-01
6.879749894142150879e-01
6.307975053787231445e-01
1.809303164482116699e-01
2.453088313341140747e-01
4.268683791160583496e-01
7.673039287328720093e-02
4.013427346944808960e-02
-3.396542072296142578e-01
-3.440610766410827637e-01
-9.002783149480819702e-02
2.213584929704666138e-01
1.174300014972686768e-01
-2.155276089906692505e-01
2.257014811038970947e-01
2.006015330553054810e-01
-9.807514399290084839e-02
-9.833061695098876953e-02
-2.325642853975296021e-01
-4.813070595264434814e-02
-2.192159593105316162e-01
-1.662218570709228516e-01
2.174945026636123657e-01
-1.156706586480140686e-01
-4.589534178376197815e-02
5.910294130444526672e-02
-2.294507473707199097e-01
-2.518363296985626221e-01
-2.124300301074981689e-01
-1.004382446408271790e-01
2.007611989974975586e-01
-1.860527247190475464e-01
-4.009990096092224121e-01
-3.001521229743957520e-01
-8.804252371191978455e-03
-1.175228208303451538e-01
-9.513723850250244141e-02
-1.805281788110733032e-01
7.634718716144561768e-02
-2.211160212755203247e-01
-1.474447846412658691e-01
3.661941885948181152e-01
7.310590893030166626e-02
2.859286069869995117e-01
2.323437184095382690e-01
1.774495393037796021e-01
4.601912796497344971e-01
4.873509705066680908e-01
6.445130705833435059e-01
6.712256669998168945e-01
4.729009270668029785e-01
-4.115317389369010925e-02
-4.877631068229675293e-01
-3.348481953144073486e-01
-1.596754193305969238e-01
-2.551574409008026123e-01
-2.114560604095458984e-01
6.121056899428367615e-02
4.143663048744201660e-01
3.017039000988006592e-01
3.614839613437652588e-01
2.858647406101226807e-01
1.121130213141441345e-01
-5.589061602950096130e-02
-9.485411574132740498e-04
-6.769014894962310791e-02
1.302248984575271606e-02
2.008569985628128052e-01
2.598760649561882019e-02
-6.820108741521835327e-02
1.803609356284141541e-02
-2.465991824865341187e-01
-7.878714054822921753e-02
-7.509879022836685181e-02
-6.636489927768707275e-02
-2.575843930244445801e-01
-1.571207195520401001e-01
-3.206801414489746094e-02
2.614673376083374023e-01
2.100858688354492188e-01
-4.216337401885539293e-04
-9.953868575394153595e-03
-2.855264544486999512e-01
-1.687925159931182861e-01
-2.676754593849182129e-01
5.370613187551498413e-02
-1.487167086452245712e-02
-8.574870228767395020e-02
-7.436431199312210083e-02
-2.721407823264598846e-02
4.920346662402153015e-02
1.283194124698638916e-01
-4.822650924324989319e-02
-2.303768247365951538e-01
-2.135796546936035156e-01
-1.078947857022285461e-01
-1.983153074979782104e-01
-2.007263004779815674e-01
4.902783036231994629e-02
-2.916203998029232025e-02
-1.291147917509078979e-01
-6.984568387269973755e-02
-2.905719876289367676e-01
-2.880492210388183594e-01
-2.814069986343383789e-01
-1.733271181583404541e-01
2.819103747606277466e-02
5.083208903670310974e-02
5.501541495323181152e-02
1.160728111863136292e-01
-1.035304088145494461e-02
-3.265613615512847900e-01
-3.916583955287933350e-01
-2.988428473472595215e-01
-3.331077992916107178e-01
-3.812319934368133545e-01
1.867742091417312622e-01
2.520522847771644592e-02
2.230509817600250244e-01
-3.494205325841903687e-02
-1.983951330184936523e-01
-5.662509426474571228e-02
-1.028811782598495483e-01
-3.703371807932853699e-02
-2.233833223581314087e-01
-2.673721015453338623e-01
-3.307766318321228027e-01
-2.872828245162963867e-01
-2.889433801174163818e-01
-2.066500186920166016e-01
2.637027204036712646e-01
3.720700144767761230e-01
5.675207376480102539e-01
4.080913066864013672e-01
1.653785705566406250e-01
-3.649457693099975586e-01
-2.154318094253540039e-01
-5.385537743568420410e-01
-9.935250133275985718e-02
5.576585978269577026e-02
5.528685450553894043e-02
2.468735873699188232e-01
2.362715750932693481e-01
3.238340318202972412e-01
1.549681574106216431e-01
1.496671438217163086e-01
3.968720138072967529e-02
1.722283661365509033e-01
1.275051087141036987e-01
-3.646946046501398087e-03
1.667038202285766602e-01
4.479660466313362122e-02
5.485574901103973389e-02
7.401601970195770264e-02
9.316032379865646362e-02
3.062065839767456055e-01
5.233297869563102722e-02
1.390331983566284180e-01
3.984686732292175293e-02
-1.693194210529327393e-01
-1.432614624500274658e-01
4.668070003390312195e-02
3.417329192161560059e-01
-1.711077243089675903e-01
-2.328357249498367310e-01
-3.218671083450317383e-01
-2.080551087856292725e-01
-3.046867251396179199e-01
-2.136754542589187622e-01
-2.563709318637847900e-01
-7.792492955923080444e-02
1.800042390823364258e-01
1.188510507345199585e-01
2.129334025084972382e-02
2.292737830430269241e-03
2.593596875667572021e-01
4.784893393516540527e-01
2.759652733802795410e-01
1.745754927396774292e-01
-9.376408904790878296e-02
-1.686488240957260132e-01
-1.772869080305099487e-01
1.017664745450019836e-01
-7.184154540300369263e-02
-9.896929562091827393e-02
-1.153832599520683289e-01
-2.026104032993316650e-01
-2.564932405948638916e-02
1.547765582799911499e-01
7.436729222536087036e-02
1.653945297002792358e-01
1.630952954292297363e-01
3.077394068241119385e-01
1.965619027614593506e-01
-3.261088952422142029e-02
-1.973572969436645508e-01
-1.651999652385711670e-01
-9.703730046749114990e-02
-1.397487372159957886e-01
-1.330107152462005615e-01
-2.802893221378326416e-01
-6.745065003633499146e-02
-8.667478710412979126e-02
-3.554879501461982727e-02
5.784155800938606262e-02
2.847844175994396210e-02
-3.899764642119407654e-02
2.037267666310071945e-03
1.356003135442733765e-01
1.413004994392395020e-01
-1.674513071775436401e-01
9.346369653940200806e-02
1.428971886634826660e-01
5.502083338797092438e-03
4.054941236972808838e-02
-7.281552255153656006e-02
-1.541828066110610962e-01
-9.598348289728164673e-02
-2.833070456981658936e-01
-2.570255696773529053e-01
7.066838908940553665e-03
4.687230288982391357e-02
2.194744050502777100e-01
1.203838735818862915e-01
3.209599852561950684e-01
2.823520302772521973e-01
2.675986289978027344e-01
2.935288548469543457e-01
1.573951244354248047e-01
6.762926280498504639e-02
1.796849071979522705e-01
1.477511227130889893e-01
-2.986458316445350647e-02
-7.546602934598922729e-02
1.122088208794593811e-01
-4.538440331816673279e-02
2.956365048885345459e-01
4.967395067214965820e-01
6.333362460136413574e-01
4.731883406639099121e-01
2.559108436107635498e-01
9.458137303590774536e-02
-6.396986544132232666e-02
6.909821182489395142e-02
2.631278932094573975e-01
2.378682643175125122e-01
2.528132796287536621e-01
1.631911098957061768e-01
3.992935419082641602e-01
2.435365021228790283e-01
1.619456857442855835e-01
3.580989837646484375e-01
3.729481697082519531e-01
3.757583498954772949e-01
2.194744050502777100e-01
3.943118751049041748e-01
2.994365990161895752e-01
1.767789274454116821e-01
1.968493163585662842e-01
1.114743500947952271e-01
3.999961018562316895e-01
-9.098584949970245361e-02
3.114437162876129150e-01
3.834544122219085693e-01
6.094657778739929199e-01
4.340694546699523926e-01
4.479766190052032471e-01
2.181172072887420654e-01
3.553580865263938904e-02
2.096707224845886230e-01
3.733473420143127441e-01
3.317695558071136475e-01
2.484223693609237671e-01
3.519198000431060791e-01
-3.630979219451546669e-03
2.277931421995162964e-01
2.053756266832351685e-01
2.315773069858551025e-01
8.286167681217193604e-02
1.386499851942062378e-01
1.952047199010848999e-01
3.611965477466583252e-01
4.680150449275970459e-01
2.418120801448822021e-01
1.405340880155563354e-01
7.018938194960355759e-03
-2.816667547449469566e-03
1.840917617082595825e-01
-9.469016641378402710e-02
-3.441568911075592041e-01
-1.718900948762893677e-01
-6.250090897083282471e-02
1.084246709942817688e-01
1.423223763704299927e-01
8.675760030746459961e-02
1.200060825794935226e-02
-2.135796546936035156e-01
-1.601544320583343506e-01
-2.207807153463363647e-01
-2.532414197921752930e-01
-1.484666615724563599e-01
1.990367770195007324e-01
2.655548751354217529e-01
4.827738925814628601e-02
6.312660127878189087e-02
-1.296895891427993774e-01
-5.126021802425384521e-02
6.611240655183792114e-02
9.279308468103408813e-02
-8.177294582128524780e-02
-1.061703637242317200e-01
-1.836257576942443848e-01
1.424341499805450439e-01
5.849619954824447632e-02
4.944083392620086670e-01
3.965312838554382324e-01
4.028222262859344482e-01
3.756944835186004639e-01
2.012402117252349854e-01
7.498999685049057007e-02
1.907978653907775879e-01
2.709676325321197510e-01
3.621226251125335693e-01
3.908311128616333008e-01
2.365110665559768677e-01
-3.923714905977249146e-02
1.171266287565231323e-01
-2.375299930572509766e-01
-2.825246751308441162e-01
-1.177782937884330750e-01
-5.482083559036254883e-02
7.370209787040948868e-03
1.499545425176620483e-01
2.605572044849395752e-01
2.221568375825881958e-01
2.142532318830490112e-01
1.817127019166946411e-01
1.986216306686401367e-01
3.091125488281250000e-01
1.065939012914896011e-02
4.071173369884490967e-01
4.303651154041290283e-01
4.247447848320007324e-01
3.429463803768157959e-01
3.544585108757019043e-01
9.662513434886932373e-02
-1.158249098807573318e-02
-5.834951996803283691e-02
-1.972560584545135498e-02
-2.895980179309844971e-01
-3.337943553924560547e-01
-8.657898753881454468e-02
8.492140471935272217e-02
1.704400777816772461e-01
8.300537616014480591e-02
7.484629750251770020e-02
7.206805795431137085e-02
1.136458441615104675e-01
5.584569647908210754e-02
7.372861355543136597e-02
6.960915774106979370e-02
6.782086193561553955e-02
-4.391544684767723083e-02
1.725317388772964478e-01
2.781048417091369629e-01
3.334301114082336426e-01
4.150688350200653076e-01
2.611160576343536377e-01
-1.712300255894660950e-02
1.487464923411607742e-02
-6.520986557006835938e-03
8.493737131357192993e-02
1.817446351051330566e-01
3.772751986980438232e-01
8.255830407142639160e-02
3.752793371677398682e-01
6.124250590801239014e-02
2.163768261671066284e-01
1.823833137750625610e-01
7.548496872186660767e-02
1.349456757307052612e-01
-1.305144559592008591e-02
9.863696247339248657e-02
6.875236053019762039e-03
1.045606806874275208e-01
9.071739017963409424e-02
1.445417702198028564e-01
-6.176643446087837219e-02
2.284158617258071899e-01
3.534047007560729980e-01
4.861215054988861084e-01
3.012887835502624512e-01
1.781797502189874649e-03
3.145732283592224121e-01
4.005708992481231689e-01
5.033338069915771484e-01
3.506583869457244873e-01
4.550020396709442139e-01
3.880688250064849854e-01
4.265011250972747803e-01
4.131208956241607666e-01
1.342590898275375366e-01
-5.065347626805305481e-02
-1.404512822628021240e-01
-2.303608506917953491e-01
8.567184954881668091e-02
-9.721293300390243530e-02
-1.807197928428649902e-01
-4.444235563278198242e-02
1.975518614053726196e-01
-4.519280046224594116e-02
1.431580819189548492e-02
-1.027534455060958862e-01
-1.194388493895530701e-01
-9.766000509262084961e-02
-3.423409536480903625e-03
1.360633522272109985e-01
4.217803478240966797e-02
3.182615637779235840e-01
4.254473149776458740e-01
1.945660412311553955e-01
-1.632465794682502747e-02
-2.202538102865219116e-01
-2.370350211858749390e-01
-1.439320743083953857e-01
6.644771248102188110e-02
-7.843586802482604980e-02
1.601733565330505371e-01
2.790309190750122070e-01
2.724845111370086670e-01
2.079463005065917969e-01
-2.402069978415966034e-02
3.068187274038791656e-02
-1.852863132953643799e-01
1.396878361701965332e-01
3.505626022815704346e-01
3.167181834578514099e-02
2.825490571558475494e-02
2.296932041645050049e-01
3.690896183252334595e-02
-2.563335560262203217e-02
-1.020030006766319275e-01
-2.835465669631958008e-01
-1.164211034774780273e-01
-5.354348570108413696e-02
-6.310765445232391357e-02
3.393911942839622498e-02
8.091371506452560425e-02
-1.070431247353553772e-02
-5.507630482316017151e-02
-4.397389944642782211e-03
-1.635873168706893921e-01
-7.005324959754943848e-02
7.636315375566482544e-02
-8.532814681529998779e-03
2.944549322128295898e-01
2.788233458995819092e-01
2.711432874202728271e-01
2.085530459880828857e-01
8.821058273315429688e-02
2.035713791847229004e-01
3.625431656837463379e-02
-1.006937175989151001e-01
-2.223240770399570465e-02
-2.215631008148193359e-01
-4.750534594058990479e-01
-3.085347414016723633e-01
-3.519752621650695801e-02
2.125128358602523804e-01
3.073242604732513428e-01
-6.928683817386627197e-02
1.022828370332717896e-02
-1.702455133199691772e-01
1.628558039665222168e-01
8.839163929224014282e-03
2.398481518030166626e-01
1.558143943548202515e-01
2.692272365093231201e-01
2.581621706485748291e-01
2.293419390916824341e-01
3.271231949329376221e-01
2.365909069776535034e-01
3.002349436283111572e-01
-1.491415430791676044e-03
9.662513434886932373e-02
2.526376247406005859e-01
-5.189889296889305115e-02
7.329750806093215942e-02
4.016885757446289062e-01
-3.770432621240615845e-02
-4.577932655811309814e-01
-3.370037078857421875e-01
-1.381520479917526245e-01
1.724998056888580322e-01
2.376926243305206299e-01
5.166501998901367188e-01
3.372781574726104736e-01
1.557026356458663940e-01
-1.012365892529487610e-01
-2.339214682579040527e-01
-9.184806048870086670e-02
-3.419161215424537659e-02
1.067800819873809814e-01
1.300917416810989380e-01
1.265311241149902344e-01
2.652674615383148193e-01
2.448671869933605194e-02
-1.649764329195022583e-01
-1.056753844022750854e-01
4.214610159397125244e-02
-1.574984937906265259e-02
1.877057179808616638e-02
3.642995283007621765e-02
2.814259529113769531e-01
3.413976132869720459e-01
4.011137783527374268e-01
4.485833644866943359e-01
9.276115149259567261e-02
6.558550149202346802e-02
4.324408173561096191e-01
1.121768876910209656e-01
-2.427617087960243225e-02
1.175417676568031311e-01
1.154820397496223450e-01
2.030604332685470581e-01
4.321374595165252686e-01
3.591527938842773438e-01
5.662433505058288574e-01
-8.437555283308029175e-02
-1.243885830044746399e-01
-2.424423769116401672e-02
3.191716969013214111e-01
1.994678825139999390e-01
2.891539335250854492e-01
2.668322026729583740e-01
2.082975804805755615e-01
-1.398605108261108398e-01
2.886430025100708008e-01
1.796369999647140503e-01
-2.204080484807491302e-02
-2.060432732105255127e-01
-1.819652020931243896e-01
6.132233887910842896e-02
-4.484152793884277344e-02
4.072504863142967224e-02
-9.591961652040481567e-02
7.360088080167770386e-02
2.502585649490356445e-01
4.672859981656074524e-02
1.215175241231918335e-01
-7.255463395267724991e-03
8.145658671855926514e-02
1.376281082630157471e-01
1.245831623673439026e-01
1.400391161441802979e-01
-1.273743957281112671e-01
1.421307772397994995e-01
4.629535675048828125e-01
6.558815240859985352e-01
6.235645413398742676e-01
3.907193243503570557e-01
7.130164653062820435e-02
2.750391960144042969e-01
1.705358773469924927e-01
2.584974765777587891e-01
9.151573479175567627e-02
-9.451452642679214478e-02
1.183720454573631287e-01
1.741763204336166382e-01
2.839168012142181396e-01
7.867834717035293579e-02
-3.360776305198669434e-01
-1.853182464838027954e-01
-2.952343225479125977e-01
-4.001952707767486572e-02
-8.410411328077316284e-02
1.643940433859825134e-02
3.914432600140571594e-02
-2.692667394876480103e-02
1.424501091241836548e-01
2.528611719608306885e-01
1.499545425176620483e-01
2.535796761512756348e-01
2.941036820411682129e-01
2.606051266193389893e-01
1.932886987924575806e-01
2.575394809246063232e-01
1.625045239925384521e-01
4.057122468948364258e-01
6.451571732759475708e-02
8.581554889678955078e-02
-1.595317274332046509e-01
2.257653474807739258e-01
8.793915063142776489e-02
2.062273025512695312e-02
2.718777656555175781e-01
5.332292616367340088e-02
3.088411092758178711e-01
1.417210604995489120e-02
3.364478647708892822e-01
1.216133236885070801e-01
2.230669558048248291e-01
7.880608737468719482e-02
1.744796931743621826e-01
-2.173743396997451782e-02
1.077061593532562256e-01
1.623927652835845947e-01
6.960915774106979370e-02
1.139386650174856186e-02
1.040657088160514832e-01
3.897293806076049805e-01
2.429776638746261597e-01
2.898245453834533691e-01
1.101066172122955322e-02
2.929275296628475189e-02
1.139492169022560120e-01
1.796210408210754395e-01
-9.395026601850986481e-03
4.408394098281860352e-01
4.827684760093688965e-01
9.277338385581970215e-01
5.908962488174438477e-01
3.546820580959320068e-01
-1.533471047878265381e-02
1.859119981527328491e-01
-1.261289715766906738e-01
-4.413356538861989975e-03
-5.713657736778259277e-01
-8.054244518280029297e-01
-7.068129181861877441e-01
-2.503354251384735107e-01
2.065731436014175415e-01
8.351632207632064819e-02
7.960984483361244202e-03
-3.395264744758605957e-01
-5.323905944824218750e-01
-3.944046795368194580e-01
-2.973419427871704102e-01
-3.185140490531921387e-01
-5.182119607925415039e-01
-1.767919361591339111e-01
9.735961258411407471e-02
2.237215936183929443e-01
-9.120938181877136230e-02
-1.757700592279434204e-01
-1.918806433677673340e-01
4.100233018398284912e-01
5.185397341847419739e-02
1.997233480215072632e-01
-2.667653560638427734e-01
1.537227332592010498e-01
-4.253006279468536377e-01
-6.175046786665916443e-02
-3.740149736404418945e-01
-3.305530846118927002e-01
-4.164549708366394043e-01
-9.737260639667510986e-02
5.525278449058532715e-01
3.610049486160278320e-01
-1.389184594154357910e-01
-5.202662944793701172e-02
-2.836264073848724365e-01
6.108283624053001404e-02
-2.232236564159393311e-01
-1.001773588359355927e-02
3.729216754436492920e-02
4.270759522914886475e-01
2.381716221570968628e-01
1.704879701137542725e-01
-1.391420066356658936e-01
-1.923756152391433716e-01
-4.242148697376251221e-01
-3.345448076725006104e-01
-2.080551087856292725e-01
1.968972086906433105e-01
5.445284247398376465e-01
9.158501401543617249e-03
5.600536242127418518e-02
-1.727363467216491699e-01
3.148925602436065674e-01
3.038594424724578857e-01
4.041155576705932617e-01
3.834703564643859863e-01
4.287045598030090332e-01
-1.778936535120010376e-01
-1.553004980087280273e-01
-3.389197289943695068e-01
-4.867891371250152588e-01
-3.519167900085449219e-01
-5.578737258911132812e-01
-4.035856425762176514e-01
-2.259380221366882324e-01
-2.575205266475677490e-01
-2.892467379570007324e-01
-7.979305833578109741e-02
-5.062208175659179688e-01
1.983661651611328125e-01
3.020232617855072021e-01
-6.505561619997024536e-02
-3.483082652091979980e-01
-5.185472965240478516e-01
-3.483721315860748291e-01
-3.402609527111053467e-01
1.180527061223983765e-01
-1.953400298953056335e-02
1.079296991229057312e-01
9.812602400779724121e-02
2.361917346715927124e-01
5.128181576728820801e-01
3.882604241371154785e-01
1.654583960771560669e-01
-6.151096150279045105e-02
1.463140994310379028e-01
1.995212025940418243e-02
2.424028515815734863e-01
1.057581976056098938e-01
-8.035189658403396606e-02
2.264678925275802612e-01
1.615944206714630127e-01
1.158812120556831360e-01
1.764276623725891113e-01
2.759812474250793457e-01
1.861035972833633423e-01
1.504016220569610596e-01
5.196520090103149414e-01
1.503058224916458130e-01
3.177346587181091309e-01
-1.287580933421850204e-02
1.409172862768173218e-01
-2.133826166391372681e-02
2.070256508886814117e-02
1.518386453390121460e-01
8.883329480886459351e-02
1.982438564300537109e-02
1.730107367038726807e-01
5.757553968578577042e-03
1.168392226099967957e-01
1.633667349815368652e-01
2.158179730176925659e-01
-8.688235282897949219e-02
-1.918008178472518921e-01
7.261092960834503174e-02
-2.142502665519714355e-01
8.749207854270935059e-02
2.871261239051818848e-01
2.985159493982791901e-02
1.819841414690017700e-01
8.886628150939941406e-01
7.050595283508300781e-01
7.624765038490295410e-01
2.550646066665649414e-01
4.914225339889526367e-01
3.963556587696075439e-01
1.826547384262084961e-01
4.875265955924987793e-01
5.179914236068725586e-01
2.499072998762130737e-01
4.123598709702491760e-02
-5.296867713332176208e-02
1.792432554066181183e-02
-8.142168074846267700e-02
-1.848018914461135864e-02
2.407157979905605316e-02
2.358564287424087524e-01
-8.207631856203079224e-02
3.945354223251342773e-01
1.717812865972518921e-01
-2.264754846692085266e-02
-2.167091667652130127e-01
-7.423657923936843872e-02
1.742082536220550537e-01
-3.863040730357170105e-02
-1.684252768754959106e-01
-8.782440423965454102e-02
3.001231849193572998e-01
1.977913528680801392e-01
-9.635072201490402222e-02
-3.196955919265747070e-01
-4.036974310874938965e-01
-3.880977630615234375e-01
-1.240532770752906799e-01
1.968652755022048950e-01
1.751183718442916870e-01
2.637665867805480957e-01
6.299033761024475098e-01
3.774508535861968994e-01
6.322185993194580078e-01
4.760304391384124756e-01
3.509458005428314209e-01
2.024856209754943848e-01
3.417967855930328369e-01
2.919641137123107910e-01
3.228440880775451660e-01
3.536122739315032959e-01
7.693795859813690186e-02
-5.403304006904363632e-03
-4.921645671129226685e-02
1.671349257230758667e-01
1.012874692678451538e-01
1.044808477163314819e-01
8.996694535017013550e-02
1.143121742643415928e-03
1.304270476102828979e-01
7.650685310363769531e-02
2.268246002495288849e-02
3.081385791301727295e-01
3.566779196262359619e-01
6.170021295547485352e-01
9.843204617500305176e-01
8.398200869560241699e-01
9.604020714759826660e-01
5.213764309883117676e-01
2.745282649993896484e-01
-2.925784140825271606e-02
-4.728446155786514282e-02
-1.843921691179275513e-01
-3.050380051136016846e-01
-6.242107599973678589e-02
-2.973100244998931885e-01
-1.541668474674224854e-01
2.133431136608123779e-01
-2.608097195625305176e-01
-7.998465746641159058e-02
-1.461514681577682495e-01
1.012874692678451538e-01
-4.450197517871856689e-01
-3.496175706386566162e-01
-4.757879376411437988e-01
-4.162952899932861328e-01
-5.535786151885986328e-01
-3.673727512359619141e-01
1.389054656028747559e-01
4.906241893768310547e-01
3.248558938503265381e-01
2.035075128078460693e-01
5.427081584930419922e-01
1.358238458633422852e-01
1.039060428738594055e-01
-1.407386958599090576e-01
-3.249486982822418213e-01
-3.403567671775817871e-01
-8.432765305042266846e-02
-2.386476695537567139e-01
-1.100822463631629944e-01
-5.691249668598175049e-02
2.278570234775543213e-01
8.871098048985004425e-03
1.782798171043395996e-01
-7.016501575708389282e-02
3.849233388900756836e-01
-1.684412509202957153e-01
7.329750806093215942e-02
-2.186890542507171631e-01
-3.852875828742980957e-01
-2.950427234172821045e-01
-2.062987536191940308e-01
-3.222503066062927246e-01
-4.573567211627960205e-02
-1.659983098506927490e-01
-3.520445227622985840e-01
-6.363191008567810059e-01
-4.760593771934509277e-01
-5.659370422363281250e-01
-2.923602759838104248e-01
-4.333000481128692627e-01
-3.580001890659332275e-01
-3.150971233844757080e-01
-2.592130303382873535e-01
-2.655838131904602051e-01
-2.035524398088455200e-01
-4.963532984256744385e-01
-1.137865707278251648e-01
5.374870300292968750e-01
9.158544540405273438e-01
4.887400865554809570e-01
3.430262207984924316e-01
-1.394294053316116333e-01
-3.253478705883026123e-01
-2.126535773277282715e-01
-1.092839017510414124e-01
-2.722100615501403809e-01
-3.566749393939971924e-01
-1.769995093345642090e-01
-1.040307953953742981e-01
-2.225849777460098267e-01
-2.655943669378757477e-02
-2.381686717271804810e-01
-2.538960576057434082e-01
-1.941319853067398071e-01
-2.289717346429824829e-01
2.023952454328536987e-02
6.625610589981079102e-02
5.014551430940628052e-02
-2.659191191196441650e-01
-8.172718882560729980e-01
-9.064788818359375000e-01
-7.380441427230834961e-01
-9.729650616645812988e-01
-6.061895489692687988e-01
-8.636077642440795898e-01
-1.188959702849388123e-01
-2.062348872423171997e-01
9.282501786947250366e-02
2.143330574035644531e-01
-1.966068446636199951e-01
-1.923436820507049561e-01
1.234495192766189575e-01
1.697854250669479370e-01
6.699600256979465485e-03
-1.210994049906730652e-01
-1.125571206212043762e-01
-1.667966544628143311e-01
-1.645453274250030518e-01
-3.088646382093429565e-02
2.304969727993011475e-02
-5.722641944885253906e-03
1.634360291063785553e-02
-1.691757291555404663e-01
1.880250498652458191e-02
-3.227772116661071777e-01
-4.369883835315704346e-01
2.750391960144042969e-01
1.632709354162216187e-01
3.880528509616851807e-01
1.405979543924331665e-01
-1.205884665250778198e-01
-1.530277729034423828e-02
1.522592082619667053e-02
5.070977378636598587e-03
9.309645742177963257e-02
1.787907630205154419e-01
-1.078468859195709229e-01
-4.421881958842277527e-02
2.400771155953407288e-02
1.542017459869384766e-01
-7.444414496421813965e-02
-2.002356108278036118e-03
6.549554467201232910e-01
7.129152417182922363e-01
6.180399656295776367e-01
3.458364009857177734e-01
6.772506237030029297e-02
-7.888294011354446411e-02
7.181258499622344971e-02
-5.690707825124263763e-03
2.203366160392761230e-01
1.285908520221710205e-01
-2.986458316445350647e-02
-4.038676619529724121e-02
2.461071759462356567e-01
3.892024755477905273e-01
3.726128637790679932e-01
-7.220878452062606812e-02
-4.231875762343406677e-02
-4.797104001045227051e-02
2.752627432346343994e-01
1.720207929611206055e-01
1.104843989014625549e-01
-2.017002850770950317e-01
2.336370348930358887e-01
5.742906928062438965e-01
4.154360890388488770e-01
5.405526757240295410e-01
4.153562486171722412e-01
3.927205875515937805e-02
-2.912468975409865379e-03
4.569021165370941162e-01
1.763158887624740601e-01
3.784407973289489746e-01
1.047842204570770264e-01
4.405679702758789062e-01
3.649647235870361328e-01
1.504814624786376953e-01
3.698186576366424561e-01
4.949671626091003418e-01
4.248405694961547852e-01
-6.986165046691894531e-02
5.941535234451293945e-01
6.747543811798095703e-01
8.743085861206054688e-01
5.580204129219055176e-01
1.857363581657409668e-01
-3.298186063766479492e-01
-2.975335419178009033e-01
5.091192573308944702e-02
1.066204085946083069e-01
-1.017794683575630188e-01
-8.678655326366424561e-02
1.271857619285583496e-01
1.370852291584014893e-01
6.412196438759565353e-03
1.105482652783393860e-01
-2.083744406700134277e-01
-5.682202577590942383e-01
-2.728966474533081055e-01
1.065246090292930603e-01
1.376600414514541626e-01
4.394662678241729736e-01
3.078032732009887695e-01
5.887088179588317871e-01
5.921736359596252441e-01
3.322645425796508789e-01
2.450373917818069458e-01
1.722283661365509033e-01
-2.315264344215393066e-01
1.904465854167938232e-01
-1.260172128677368164e-01
7.200419157743453979e-02
1.035547703504562378e-01
-5.751923844218254089e-02
-1.158249098807573318e-02
-1.326913833618164062e-01
-1.027215123176574707e-01
4.504195451736450195e-01
8.533654361963272095e-02
-3.421769738197326660e-01
