1.509711027145385742e+00
1.356636524200439453e+00
1.180361986160278320e+00
8.206917643547058105e-01
3.569333851337432861e-01
1.212519288063049316e+00
6.232931017875671387e-01
-9.963990002870559692e-02
-2.115358859300613403e-01
4.596324265003204346e-01
6.318194270133972168e-01
3.939446508884429932e-01
1.801798790693283081e-01
-7.455591112375259399e-02
8.679537773132324219e-01
1.046495556831359863e+00
7.330973744392395020e-01
-6.733887642621994019e-02
8.521305918693542480e-01
1.744637340307235718e-01
1.443341970443725586e-01
8.365309238433837891e-01
4.824545234441757202e-02
-8.248082399368286133e-01
-4.076093137264251709e-01
1.795252412557601929e-01
5.486797690391540527e-01
-3.704703152179718018e-01
-5.860712528228759766e-01
1.207511126995086670e-01
-2.459126114845275879e-01
2.582420110702514648e-01
1.908803582191467285e+00
1.740943551063537598e+00
1.186716794967651367e+00
7.863469719886779785e-01
4.542036950588226318e-01
-9.794198907911777496e-03
-5.603486299514770508e-01
-5.541694164276123047e-01
-1.088708996772766113e+00
-9.071175456047058105e-01
-5.886579155921936035e-01
3.500995635986328125e-01
-1.902094483375549316e+00
-1.029998779296875000e+00
1.489805728197097778e-01
-2.878735959529876709e-01
-7.050725221633911133e-01
-1.752325057983398438e+00
-1.859622478485107422e+00
-1.179001808166503906e+00
6.984652280807495117e-01
6.759732961654663086e-02
2.079782336950302124e-01
5.694527029991149902e-01
4.219400137662887573e-02
-6.906703710556030273e-01
-1.203351378440856934e+00
-1.220733821392059326e-01
2.365983486175537109e+00
-9.381572008132934570e-01
6.276201009750366211e-01
-1.502139806747436523e+00
-1.801519036293029785e+00
-4.817116558551788330e-01
4.047701954841613770e-01
3.324880897998809814e-01
-4.943095445632934570e-01
-1.830190271139144897e-01
-2.658126831054687500e+00
-2.536794424057006836e+00
1.333931565284729004e+00
-5.620889663696289062e-01
-8.076703548431396484e-02
-8.039075732231140137e-01
-1.641690373420715332e+00
-5.937140062451362610e-02
1.274949908256530762e+00
1.334447860717773438e-01
1.706316769123077393e-01
1.378894329071044922e+00
7.359395027160644531e-01
-4.463769197463989258e-01
-4.208937585353851318e-01
1.034648180007934570e+00
-9.915983676910400391e-01
-3.243525326251983643e-02
-1.712695240974426270e+00
-1.561376929283142090e+00
7.849099636077880859e-01
-1.367985963821411133e+00
-5.282711386680603027e-01
9.731436371803283691e-01
1.779445111751556396e-01
-1.201099991798400879e+00
-9.409354329109191895e-01
1.628648400306701660e+00
6.871446967124938965e-01
-5.030274391174316406e-01
-9.632412195205688477e-01
-4.554141759872436523e-01
8.656385540962219238e-01
-7.550648450851440430e-01
3.051687180995941162e-01
-2.781497538089752197e-01
9.723134040832519531e-01
-3.617150709033012390e-02
-9.233399033546447754e-01
-7.135030627250671387e-01
-1.216422766447067261e-01
4.353627562522888184e-01
-1.053214669227600098e+00
-5.245827436447143555e-01
-1.266340732574462891e+00
-2.183048009872436523e+00
-1.699602365493774414e+00
1.059476613998413086e+00
-6.051836609840393066e-01
-1.135949641466140747e-01
7.115261554718017578e-01
8.188875317573547363e-01
-5.079931616783142090e-01
-1.924288392066955566e+00
1.304600358009338379e+00
7.127395868301391602e-01
3.288530185818672180e-02
-2.539279758930206299e-01
-1.408344954252243042e-01
8.259023725986480713e-02
1.320040345191955566e+00
5.674408674240112305e-01
1.888429760932922363e+00
1.300433039665222168e+00
7.193019986152648926e-01
2.775140702724456787e-01
-8.804793655872344971e-02
1.800361722707748413e-01
-1.665252149105072021e-01
-7.952375411987304688e-01
-8.637834191322326660e-01
-2.077996432781219482e-01
1.231408119201660156e+00
-8.564546108245849609e-01
9.906753301620483398e-01
-7.015597820281982422e-01
-4.449558854103088379e-01
-1.449129700660705566e+00
-6.067962646484375000e-01
1.365067005157470703e+00
-6.428335905075073242e-01
8.406983017921447754e-01
2.260208278894424438e-01
1.752780377864837646e-01
1.286282110959291458e-02
-2.962562143802642822e-01
7.387816309928894043e-01
1.529015064239501953e+00
1.070078611373901367e+00
8.710887283086776733e-02
-7.367773354053497314e-02
2.234820872545242310e-01
8.426781892776489258e-01
3.254626393318176270e-01
-4.687465429306030273e-01
-1.354637622833251953e+00
-1.361136198043823242e+00
-8.169685006141662598e-01
5.551039054989814758e-02
-2.050256822258234024e-03
-2.996092438697814941e-01
-1.316535323858261108e-01
5.029346346855163574e-01
8.712589144706726074e-01
4.661948382854461670e-01
-1.875216811895370483e-01
-9.144303798675537109e-01
-1.148760557174682617e+00
-1.222016572952270508e+00
-1.679164767265319824e+00
-1.316125512123107910e+00
-3.236553966999053955e-01
9.166687726974487305e-01
2.694986760616302490e-01
-5.894029513001441956e-02
5.634810924530029297e-01
2.447047472000122070e+00
1.473929286003112793e+00
8.011642694473266602e-01
1.711905151605606079e-01
1.139742255210876465e+00
9.415771365165710449e-01
3.938648104667663574e-01
-1.236062049865722656e-01
8.187438249588012695e-01
-7.555917501449584961e-01
-5.258281826972961426e-01
-7.957804203033447266e-01
-1.412964701652526855e+00
-8.936575055122375488e-01
6.184391379356384277e-01
-1.062060236930847168e+00
3.721233084797859192e-02
-6.653309464454650879e-01
2.034596055746078491e-01
2.693709433078765869e-01
3.855620324611663818e-01
4.084745049476623535e-01
3.419724106788635254e-01
5.035732984542846680e-01
2.845874130725860596e-01
8.900892734527587891e-02
-2.382804304361343384e-01
-3.266092538833618164e-01
-3.420811891555786133e-01
-1.415316108614206314e-02
-6.037625670433044434e-01
-2.950746417045593262e-01
7.583624124526977539e-02
5.629541873931884766e-01
3.146051466464996338e-01
6.186521425843238831e-02
-8.831937611103057861e-02
-8.251594901084899902e-01
-1.264137268066406250e+00
-1.642887949943542480e+00
-1.171497344970703125e+00
-2.222017794847488403e-01
-7.423657923936843872e-02
2.457239627838134766e-01
7.776929140090942383e-01
2.130982875823974609e+00
1.579582214355468750e+00
5.296632051467895508e-01
-1.538794487714767456e-01
6.755846738815307617e-01
1.628552675247192383e+00
5.410795807838439941e-01
9.185847640037536621e-01
-1.582703441381454468e-01
9.833359718322753906e-02
-1.716505885124206543e-01
-3.129256367683410645e-01
-5.502256155014038086e-01
-7.541866898536682129e-01
6.487123966217041016e-01
-4.223786890506744385e-01
1.229124903678894043e+00
-9.025137126445770264e-02
4.339736402034759521e-01
4.500842392444610596e-01
4.744656980037689209e-01
1.982064992189407349e-01
8.067846298217773438e-01
5.502445697784423828e-01
2.213904261589050293e-01
-3.075607717037200928e-01
1.481078192591667175e-02
4.110771119594573975e-01
1.024237751960754395e+00
1.906775712966918945e+00
1.840002179145812988e+00
1.055181503295898438e+00
2.738736271858215332e-01
4.767170250415802002e-01
8.619342446327209473e-01
4.042167589068412781e-02
1.569320857524871826e-01
6.711832433938980103e-02
-4.497299790382385254e-01
1.595346778631210327e-01
-1.664932817220687866e-01
8.190791010856628418e-01
-2.423998862504959106e-01
-5.568838119506835938e-01
1.697215586900711060e-01
-2.946914434432983398e-01
-4.474147856235504150e-01
-5.834409967064857483e-03
-3.386323451995849609e-01
-4.907648861408233643e-01
6.975285708904266357e-02
6.010352373123168945e-01
-4.460096955299377441e-01
1.244075298309326172e-01
7.715616226196289062e-01
1.085470795631408691e+00
8.169395327568054199e-01
3.527340888977050781e-01
6.623480916023254395e-01
-1.575518250465393066e-01
1.115701496601104736e-01
1.575388163328170776e-01
-1.806505024433135986e-02
-2.472219020128250122e-01
-2.438528835773468018e-01
-3.312077224254608154e-01
-4.885933995246887207e-01
5.901255644857883453e-03
3.527820110321044922e-01
5.474397912621498108e-02
7.871293425559997559e-01
3.781214654445648193e-01
3.714792430400848389e-01
3.747843801975250244e-01
4.356820881366729736e-01
4.871753156185150146e-01
4.612610638141632080e-01
4.359535276889801025e-01
2.881959080696105957e-01
-3.141337260603904724e-02
1.198819756507873535e+00
-3.684584796428680420e-01
-6.570281386375427246e-01
1.902390122413635254e-01
-6.349778771400451660e-01
9.358769059181213379e-01
-4.845697283744812012e-01
2.264040261507034302e-01
6.009075045585632324e-01
3.373154997825622559e-02
4.236590266227722168e-01
4.750245213508605957e-01
6.463492512702941895e-01
5.728271603584289551e-02
9.988238662481307983e-02
-3.201586306095123291e-01
-5.208784341812133789e-01
-7.459477782249450684e-01
-1.247238889336585999e-01
8.746013790369033813e-02
-2.845524847507476807e-01
3.919807076454162598e-01
2.525098919868469238e-01
7.227029800415039062e-01
7.325385808944702148e-01
6.188702583312988281e-01
2.123531699180603027e-01
-1.132596582174301147e-01
7.728709578514099121e-01
-1.464388668537139893e-01
4.328399896621704102e-01
-9.778774529695510864e-02
1.661130487918853760e-01
-1.105772256851196289e-01
-2.681065797805786133e-01
-1.553643643856048584e-01
-1.496801525354385376e-01
9.547552466392517090e-02
-1.584938764572143555e-01
-5.255088210105895996e-01
-1.924659870564937592e-02
4.194278120994567871e-01
-6.895153224468231201e-02
-6.746396422386169434e-01
-7.899844646453857422e-01
-3.404844999313354492e-01
3.305720388889312744e-01
8.070879578590393066e-01
3.485667407512664795e-01
2.187718600034713745e-01
3.814585506916046143e-01
-8.281079679727554321e-02
-2.738386988639831543e-01
-1.906831264495849609e-01
-7.409287244081497192e-02
5.465083122253417969e-01
1.482104301452636719e+00
1.349611043930053711e+00
7.593469619750976562e-01
5.329045057296752930e-01
9.636114239692687988e-01
4.501002132892608643e-01
-3.446997702121734619e-01
-1.409388065338134766e+00
-1.557385206222534180e+00
-2.099397420883178711e+00
-7.858490347862243652e-01
-6.132948398590087891e-01
9.805682897567749023e-01
1.353059887886047363e+00
9.863961935043334961e-01
8.081737160682678223e-01
5.414468050003051758e-01
7.635462880134582520e-01
1.632081389427185059e+00
7.895563244819641113e-01
4.927275236696004868e-03
1.184082269668579102e+00
-1.298173218965530396e-01
3.108848631381988525e-01
-1.218743443489074707e+00
-1.069053769111633301e+00
-7.424669861793518066e-01
2.468373626470565796e-03
-1.508590340614318848e+00
-5.184993743896484375e-01
9.295061230659484863e-01
2.720109000802040100e-02
1.336885452270507812e+00
5.131055712699890137e-01
8.634246140718460083e-02
-3.677559494972229004e-01
-4.076572060585021973e-01
4.941103607416152954e-02
3.498121500015258789e-01
1.379953473806381226e-01
-2.983159422874450684e-01
-4.237837791442871094e-01
-2.011574059724807739e-01
2.252544164657592773e-01
2.237908914685249329e-02
-1.112318634986877441e-01
2.275855839252471924e-01
5.492545962333679199e-01
1.176110561937093735e-02
-5.393840670585632324e-01
-5.379630327224731445e-01
-2.426074594259262085e-01
1.239604577422142029e-01
5.972351431846618652e-01
6.314521431922912598e-01
-2.068256586790084839e-01
-6.419394016265869141e-01
-5.891688466072082520e-01
-4.121598899364471436e-01
-7.134551405906677246e-01
-1.285564899444580078e+00
-1.125193357467651367e+00
-5.940387248992919922e-01
-1.659184843301773071e-01
2.409818023443222046e-01
8.252742886543273926e-01
7.427414059638977051e-01
6.583723425865173340e-01
6.129305958747863770e-01
1.818750262260437012e+00
7.953363656997680664e-01
7.784806936979293823e-02
-5.380108952522277832e-01
-1.563383489847183228e-01
1.569161117076873779e-01
1.503217816352844238e-01
-3.394626080989837646e-01
-9.600478410720825195e-01
-7.558951377868652344e-01
-4.259233474731445312e-01
2.185218036174774170e-02
8.937722444534301758e-01
2.198735773563385010e-01
2.244295552372932434e-02
-5.076524615287780762e-02
7.732381820678710938e-01
7.301115989685058594e-01
6.115414500236511230e-01
4.431865513324737549e-01
3.957169651985168457e-01
3.549375236034393311e-01
2.383313030004501343e-01
-9.044297039508819580e-02
4.226211905479431152e-01
-2.797304689884185791e-01
6.532469987869262695e-01
9.263127446174621582e-01
4.481043517589569092e-01
2.169356644153594971e-01
-1.142975091934204102e-01
2.481030374765396118e-01
-1.890864372253417969e-01
-3.922012746334075928e-01
-6.292033358477056026e-04
4.445437192916870117e-01
7.453919053077697754e-01
-3.322615325450897217e-01
-9.572800993919372559e-02
-7.274101972579956055e-01
-5.121924281120300293e-01
-2.375299930572509766e-01
-3.482443988323211670e-01
-2.860319800674915314e-02
4.550818800926208496e-01
8.254498839378356934e-01
8.337047696113586426e-01
5.664669275283813477e-01
2.767157256603240967e-01
5.695006251335144043e-01
3.069570064544677734e-01
-2.084328792989253998e-02
1.108356714248657227e-01
-5.564367175102233887e-01
-5.468885302543640137e-01
-7.183090448379516602e-01
-1.008970379829406738e+00
-6.039541959762573242e-01
-4.915632307529449463e-01
7.995570451021194458e-02
6.323463320732116699e-01
7.700448036193847656e-01
8.704605698585510254e-01
5.350121259689331055e-01
7.135220170021057129e-01
5.672333240509033203e-01
-8.720169216394424438e-02
2.787115871906280518e-01
2.998677194118499756e-01
2.610202431678771973e-01
-3.527790009975433350e-01
-3.119835853576660156e-01
-7.964935153722763062e-02
2.261166274547576904e-01
1.070142507553100586e+00
1.170079350471496582e+00
8.812701702117919922e-01
1.278606295585632324e+00
1.013587832450866699e+00
7.930690646171569824e-01
6.661482453346252441e-01
4.474816322326660156e-01
2.523821592330932617e-01
3.059148788452148438e-03
6.858727335929870605e-02
1.977115273475646973e-01
9.967481344938278198e-02
1.121044993400573730e+00
6.079968214035034180e-01
2.750446088612079620e-02
-6.742244958877563477e-01
-1.214655876159667969e+00
-7.989940233528614044e-03
2.662254869937896729e-01
-8.204971551895141602e-01
-2.211000621318817139e-01
2.521389245986938477e+00
4.441445469856262207e-01
-1.569929867982864380e-01
-5.862948298454284668e-01
6.887467950582504272e-02
1.096535801887512207e+00
1.655861437320709229e-01
-5.752616524696350098e-01
-1.361028663814067841e-02
-6.310499906539916992e-01
-1.048855662345886230e+00
-2.407393306493759155e-01
6.162995696067810059e-01
-4.523485302925109863e-01
2.815536856651306152e-01
-1.395252048969268799e-01
1.350095421075820923e-01
1.257168203592300415e-01
2.045613229274749756e-01
1.286227852106094360e-01
-7.362983375787734985e-02
-2.545666694641113281e-01
-8.837580084800720215e-01
-1.001849174499511719e+00
-1.346797823905944824e+00
-1.452003717422485352e+00
-1.197619199752807617e+00
1.793815344572067261e-01
2.496081829071044922e+00
2.434641122817993164e+00
1.828330397605895996e+00
1.154543519020080566e+00
5.445922613143920898e-01
1.240243241190910339e-01
1.789722442626953125e+00
6.521452665328979492e-01
-8.092670142650604248e-02
8.110956549644470215e-01
-2.602828145027160645e-01
-5.980304479598999023e-01
-1.943820156157016754e-02
-2.628534734249114990e-01
4.892031252384185791e-01
1.519983112812042236e-01
9.644576907157897949e-01
5.888205766677856445e-01
6.819554567337036133e-01
5.077406764030456543e-01
2.713189125061035156e-01
1.101198196411132812e+00
6.720559597015380859e-01
1.352564930915832520e+00
9.372820258140563965e-01
6.458223462104797363e-01
1.842833608388900757e-01
5.049784183502197266e-01
-2.328197509050369263e-01
-1.180816590785980225e-01
1.241360902786254883e-01
3.224289417266845703e-01
-1.153630375862121582e+00
-6.705042123794555664e-01
-6.274893879890441895e-01
-1.439320743083953857e-01
-2.336952686309814453e+00
-1.658184170722961426e+00
-1.530768394470214844e+00
-1.345696210861206055e+00
-7.303364109247922897e-03
2.061159610748291016e+00
7.583624124526977539e-02
-2.270876467227935791e-01
1.347008466720581055e+00
3.412379324436187744e-01
1.453880220651626587e-01
1.241520568728446960e-01
5.832641124725341797e-01
-1.081092834472656250e+00
-1.717836499214172363e+00
-2.549743652343750000e+00
-2.169587850570678711e+00
-1.324268579483032227e+00
1.891255974769592285e+00
1.356891989707946777e+00
1.329817473888397217e-01
-1.480265140533447266e+00
1.559261679649353027e-01
-2.440354347229003906e+00
-7.936089038848876953e-01
-3.372856974601745605e-02
2.006936073303222656e+00
1.002426981925964355e+00
1.188872337341308594e+00
1.023886442184448242e+00
5.991990566253662109e-01
1.964341700077056885e-01
5.266161918640136719e+00
7.344226837158203125e-01
-1.388072252273559570e+00
1.341675519943237305e+00
5.658921003341674805e-01
2.036726102232933044e-02
-4.738026484847068787e-02
-7.687111198902130127e-02
2.019964933395385742e+00
2.167546987533569336e+00
1.812794566154479980e+00
1.464189410209655762e+00
1.107393264770507812e+00
7.074865102767944336e-01
4.482161104679107666e-01
7.556480914354324341e-02
6.565840840339660645e-01
9.486823678016662598e-01
-1.901721954345703125e-01
-8.569815158843994141e-01
5.408879518508911133e-01
4.298701584339141846e-01
3.107571303844451904e-01
1.330296397209167480e-01
-1.350039124488830566e+00
-2.150698900222778320e+00
7.758832070976495743e-04
-4.500493109226226807e-01
-2.118254184722900391e+00
-1.966696500778198242e+00
1.259430050849914551e+00
8.465581536293029785e-01
1.374391674995422363e+00
2.197596788406372070e+00
8.566332459449768066e-01
-2.561952769756317139e-01
-5.010475516319274902e-01
1.227607965469360352e+00
-8.722618222236633301e-01
-3.785016536712646484e-01
1.127655267715454102e+00
-1.459476232528686523e+00
3.924012556672096252e-02
-1.085499644279479980e+00
6.022062152624130249e-02
1.445093035697937012e+00
-2.178907096385955811e-01
-8.597597479820251465e-01
-1.067771017551422119e-01
1.059061527252197266e+00
-7.564166188240051270e-02
-9.463003277778625488e-01
-1.251390278339385986e-01
7.814291715621948242e-01
3.432232514023780823e-02
1.040508031845092773e+00
2.199496746063232422e+00
1.026265501976013184e+00
1.803661584854125977e+00
1.355167508125305176e+00
6.408885717391967773e-01
-3.671811521053314209e-01
-1.518537759780883789e+00
-2.063487768173217773e+00
-2.295374870300292969e+00
-1.923729538917541504e+00
-9.214877486228942871e-01
-2.302272796630859375e+00
-1.489701509475708008e+00
1.622128533199429512e-03
1.111480832099914551e+00
-7.345420122146606445e-02
-4.100682139396667480e-01
1.092815518379211426e+00
1.303658366203308105e+00
-6.021764501929283142e-02
2.886270284652709961e-01
3.507276624441146851e-02
5.885491371154785156e-01
1.550921678543090820e+00
5.843817591667175293e-01
-5.232574939727783203e-01
1.794294267892837524e-01
-3.808647692203521729e-01
-2.550456821918487549e-01
6.667709350585937500e-01
-3.214838802814483643e-01
-5.952043533325195312e-01
-6.024373173713684082e-01
-9.775475263595581055e-01
-2.794430553913116455e-01
2.033158987760543823e-01
9.369148015975952148e-01
-7.167443037033081055e-01
-6.138536334037780762e-01
2.910380363464355469e-01
9.155830144882202148e-01
-4.912758171558380127e-01
4.770044088363647461e-01
-5.158808231353759766e-01
9.626693725585937500e-01
-5.679807662963867188e-01
5.045792460441589355e-01
-4.298831224441528320e-01
-1.259693056344985962e-01
5.257992148399353027e-01
8.969975709915161133e-01
8.257053494453430176e-01
-3.761704862117767334e-01
-1.355499863624572754e+00
-1.827960133552551270e+00
-1.804169535636901855e+00
-1.027172684669494629e+00
1.152835011482238770e+00
4.804852008819580078e-01
2.727718949317932129e-01
1.045601367950439453e+00
1.695246338844299316e+00
8.572559356689453125e-01
-1.667966544628143311e-01
-1.353695631027221680e+00
-1.159420982003211975e-01
4.732202589511871338e-01
-2.064424455165863037e-01
1.847943067550659180e-01
1.242074012756347656e+00
4.801818430423736572e-01
-8.710164427757263184e-01
-8.683819174766540527e-01
-1.027843236923217773e+00
-7.315136790275573730e-01
9.513967633247375488e-01
-2.286204695701599121e-01
1.141770005226135254e+00
1.114243030548095703e+00
9.245777875185012817e-02
2.025872707366943359e+00
1.402786076068878174e-01
1.515986084938049316e+00
4.495733082294464111e-01
-7.783285975456237793e-01
-1.281860470771789551e+00
-3.275342941284179688e+00
-4.739522933959960938e+00
-3.313998937606811523e+00
1.246113657951354980e+00
5.765223026275634766e+00
3.332699060440063477e+00
8.126923441886901855e-01
-1.617101430892944336e+00
-1.570078849792480469e+00
3.127205133438110352e+00
-2.532052278518676758e+00
5.597884766757488251e-03
3.309515237808227539e+00
-4.942456781864166260e-01
2.623369932174682617e+00
2.382557153701782227e+00
1.423601627349853516e+00
7.781879305839538574e-01
-3.923130333423614502e-01
-1.764747262001037598e+00
3.104218244552612305e-01
1.692212700843811035e+00
-1.206608533859252930e+00
1.178206443786621094e+00
1.697534918785095215e-01
-5.388571619987487793e-01
-2.228697299957275391e+00
-1.955775141716003418e+00
7.461423277854919434e-01
-9.877663254737854004e-01
8.481069207191467285e-01
9.817976951599121094e-01
1.152584999799728394e-01
-5.191380381584167480e-01
-4.618647992610931396e-01
1.508050560951232910e+00
-6.856248378753662109e-01
-2.880535088479518890e-03
-1.343764185905456543e+00
9.169136732816696167e-02
-9.903050661087036133e-01
7.843511104583740234e-01
4.064521193504333496e-02
5.378596484661102295e-02
1.735131621360778809e+00
1.246401071548461914e+00
7.025527358055114746e-01
2.375499725341796875e+00
3.642807960510253906e+00
1.606215000152587891e+00
5.712729692459106445e-01
1.963761568069458008e+00
1.076720833778381348e+00
1.633667349815368652e-01
4.620434343814849854e-01
4.603669047355651855e-01
-5.975834131240844727e-01
-1.183376789093017578e+00
-1.498786687850952148e+00
-1.499744772911071777e+00
-7.163131833076477051e-01
1.533453822135925293e+00
-2.131645083427429199e-01
3.068750381469726562e+00
8.612157702445983887e-01
1.255945023149251938e-02
-1.021983385086059570e+00
1.033418655395507812e+00
-1.074738025665283203e+00
4.880429431796073914e-02
3.164732754230499268e-01
-1.084924936294555664e+00
-9.219188690185546875e-01
-4.247258305549621582e-01
2.276654094457626343e-01
-8.624262213706970215e-01
-7.571086287498474121e-01
-3.464561104774475098e-01
4.534851908683776855e-01
-1.817533850669860840e+00
-1.416413545608520508e+00
-5.545046925544738770e-01
2.320722788572311401e-01
-2.275640010833740234e+00
-5.404378771781921387e-01
2.174348831176757812e+00
-5.488843917846679688e-01
1.473881363868713379e+00
-3.388718366622924805e-01
6.096413731575012207e-01
1.064745664596557617e+00
-1.238718032836914062e+00
-1.121265530586242676e+00
-1.373462557792663574e+00
-2.421513319015502930e+00
-2.235195875167846680e+00
-1.047179102897644043e+00
9.322045445442199707e-01
1.788732528686523438e+00
1.203019022941589355e+00
-3.897583186626434326e-01
1.845814108848571777e+00
-2.277396202087402344e+00
8.425079286098480225e-02
1.222360357642173767e-01
-1.782598257064819336e+00
-2.005187422037124634e-01
-4.277276098728179932e-01
6.891565322875976562e-01
2.685885727405548096e-01
1.075124144554138184e+00
-1.787398904561996460e-01
-1.274004817008972168e+00
-1.019173264503479004e+00
6.492711901664733887e-01
2.606210708618164062e-01
-8.939129710197448730e-01
-4.603160321712493896e-01
-2.910350263118743896e-01
-6.903031468391418457e-01
5.740032792091369629e-01
1.837543249130249023e+00
1.549612283706665039e+00
9.491773843765258789e-01
2.572680413722991943e-01
-6.146306172013282776e-02
9.296338558197021484e-01
5.915508866310119629e-01
3.263887166976928711e-01
6.287537813186645508e-01
1.458031535148620605e-01
-1.888788640499114990e-01
-3.702946901321411133e-01
7.303351163864135742e-01
4.795112311840057373e-01
-6.586992740631103516e-02
-5.630789399147033691e-01
-9.070856571197509766e-01
-7.854658365249633789e-01
1.974400877952575684e-01
8.256894350051879883e-01
6.662120819091796875e-01
5.094810724258422852e-01
3.469061851501464844e-01
6.034835800528526306e-02
-3.378659188747406006e-01
2.809629142284393311e-01
9.197877347469329834e-02
5.191091299057006836e-01
2.682852149009704590e-01
5.327927470207214355e-01
1.388011455535888672e+00
2.254710197448730469e+00
1.506054639816284180e+00
6.596816182136535645e-01
1.000079751014709473e+00
6.445290446281433105e-01
-1.817895770072937012e-01
1.949492543935775757e-01
-1.941639184951782227e-01
3.111243844032287598e-01
3.472255170345306396e-01
3.373899161815643311e-01
1.611473411321640015e-01
-1.000710055232048035e-01
-4.541847407817840576e-01
-2.298658788204193115e-01
-2.393342554569244385e-01
-1.620704531669616699e-01
-3.079279959201812744e-01
-6.885467767715454102e-01
-1.109609723091125488e+00
-1.689048171043395996e+00
-2.574588060379028320e+00
-2.997854471206665039e+00
-1.262588500976562500e+00
-2.032490670680999756e-01
3.149085342884063721e-01
-1.053134799003601074e+00
-5.294207334518432617e-01
-4.014141559600830078e-01
2.644052505493164062e-01
1.087897658348083496e+00
-3.886566162109375000e-01
-1.432396411895751953e+00
1.998670548200607300e-01
9.286758899688720703e-01
-1.938445717096328735e-01
6.402180194854736328e-01
8.776935935020446777e-01
1.278893709182739258e+00
1.515634775161743164e+00
1.538914561271667480e+00
1.071148395538330078e+00
4.402166903018951416e-01
-3.733443617820739746e-01
-7.668324708938598633e-01
-1.375155091285705566e+00
-1.177900075912475586e+00
3.117949962615966797e-01
3.506903350353240967e-01
3.914857506752014160e-01
-2.430545389652252197e-01
-1.988901048898696899e-01
-1.046285033226013184e+00
-5.380747914314270020e-01
1.466014981269836426e-01
-1.052256584167480469e+00
-1.663815230131149292e-01
-6.674704551696777344e-01
2.782379835844039917e-02
6.631783843040466309e-01
-8.220405876636505127e-02
-1.110348477959632874e-02
-1.417605727910995483e-01
-6.269944310188293457e-01
1.607002615928649902e-01
6.645675301551818848e-01
3.892078995704650879e-02
-4.388884603977203369e-01
-6.658897399902343750e-01
7.315805554389953613e-01
9.025061130523681641e-01
7.698531746864318848e-01
6.088430285453796387e-01
4.207849800586700439e-01
2.216937988996505737e-01
1.134600877761840820e+00
4.952545762062072754e-01
6.734451055526733398e-01
1.096381545066833496e-01
-4.857193529605865479e-01
-1.046764016151428223e+00
-7.941039204597473145e-01
-7.607490420341491699e-01
-4.332361817359924316e-01
3.243609368801116943e-01
6.006095558404922485e-02
1.092389822006225586e-01
9.082542061805725098e-01
1.069679498672485352e+00
1.430435419082641602e+00
1.666234493255615234e+00
1.309454321861267090e+00
8.535516262054443359e-01
3.913100957870483398e-01
-6.194207072257995605e-02
4.006507396697998047e-01
3.452136814594268799e-01
2.698339819908142090e-01
-8.086283504962921143e-02
-7.115496695041656494e-02
-1.468699723482131958e-01
-2.133561223745346069e-01
-2.150007039308547974e-01
-3.586388528347015381e-01
-5.391924977302551270e-01
-7.021186351776123047e-01
-7.174308896064758301e-01
-6.012557744979858398e-01
-3.544555306434631348e-01
1.582732945680618286e-01
8.850064277648925781e-01
7.699809074401855469e-01
2.444306463003158569e-01
1.086859822273254395e+00
4.954461753368377686e-01
1.542602896690368652e+00
2.082411527633666992e+00
2.282109498977661133e+00
1.686592340469360352e+00
6.791293025016784668e-01
-5.496667623519897461e-01
-2.390787750482559204e-01
9.997818619012832642e-02
1.683484166860580444e-01
3.471456766128540039e-01
9.308154582977294922e-01
4.411427676677703857e-01
1.704720109701156616e-01
-7.838371992111206055e-01
-1.457001328468322754e+00
-5.764697492122650146e-02
-7.797177433967590332e-01
6.617892384529113770e-01
1.909734904766082764e-01
3.322964608669281006e-01
5.568228960037231445e-01
7.069596052169799805e-01
7.958153486251831055e-01
4.689411520957946777e-01
-1.776381731033325195e-01
2.385388612747192383e-01
-1.555878967046737671e-01
-2.233354300260543823e-01
-1.244205161929130554e-01
1.147635281085968018e-01
6.038454174995422363e-01
1.257178664207458496e+00
-1.971816569566726685e-01
-1.625308394432067871e+00
-1.324268579483032227e+00
-7.796538472175598145e-01
-6.346744894981384277e-01
-4.831965863704681396e-01
-3.007215261459350586e-02
-1.632317900657653809e+00
-8.601748943328857422e-01
-2.061231136322021484e-01
-1.928705871105194092e-01
-8.491417765617370605e-01
-1.045853853225708008e+00
7.645362019538879395e-01
1.355822205543518066e+00
1.397910952568054199e+00
1.739522576332092285e+00
7.927816510200500488e-01
8.257372975349426270e-01
1.171787738800048828e+00
5.742587447166442871e-01
-1.200296208262443542e-01
1.420669108629226685e-01
-2.962721586227416992e-01
-7.454048991203308105e-01
-1.394810318946838379e+00
-1.538320779800415039e+00
-8.708248138427734375e-01
4.029978811740875244e-01
9.301448464393615723e-01
8.153747916221618652e-01
2.800208628177642822e-01
-1.001668125391006470e-01
-2.824927568435668945e-01
2.147029638290405273e+00
1.061312794685363770e+00
7.144321203231811523e-01
6.490476727485656738e-01
4.694361090660095215e-01
3.230356872081756592e-01
2.617866694927215576e-01
4.677649959921836853e-02
2.444945126771926880e-01
9.603436291217803955e-02
-5.195691585540771484e-01
-1.072055578231811523e+00
-9.977296590805053711e-01
1.794294267892837524e-01
1.699770390987396240e-01
7.141287326812744141e-01
1.255118966102600098e+00
1.057895898818969727e+00
6.957348585128784180e-01
2.233543545007705688e-01
-2.386955767869949341e-01
-2.551414668560028076e-01
9.231407940387725830e-02
-2.726890742778778076e-01
-3.875389397144317627e-01
5.975758284330368042e-02
4.448268562555313110e-03
-4.118884503841400146e-01
-3.553496599197387695e-01
3.277353569865226746e-02
-2.827482223510742188e-01
-5.116655230522155762e-01
3.270966932177543640e-02
8.381915092468261719e-01
7.003812193870544434e-01
9.729840159416198730e-01
1.655999779701232910e+00
1.257178664207458496e+00
8.090838193893432617e-01
4.230522811412811279e-01
1.192981228232383728e-01
1.101277947425842285e+00
7.449448108673095703e-01
3.816182017326354980e-01
2.207571826875209808e-02
6.733173727989196777e-01
5.123710632324218750e-01
3.008736371994018555e-01
2.269842661917209625e-02
4.189009070396423340e-01
2.095429897308349609e-01
-4.365997761487960815e-02
-3.703106641769409180e-01
-7.561346292495727539e-01
-2.393182814121246338e-01
-6.839323639869689941e-01
-2.600059472024440765e-02
-5.203036665916442871e-01
1.997712552547454834e-01
5.449914336204528809e-01
8.056785911321640015e-03
-3.202065527439117432e-01
2.911338210105895996e-01
-3.537529706954956055e-01
-5.038577318191528320e-01
4.505313038825988770e-01
-2.389191091060638428e-01
3.232911527156829834e-01
-8.149608969688415527e-03
1.542017459869384766e-01
1.305547803640365601e-01
7.119731903076171875e-01
4.544112682342529297e-01
-1.983737386763095856e-02
1.771461665630340576e-01
2.349463105201721191e-01
1.306825131177902222e-01
-6.028524637222290039e-01
-5.774012207984924316e-01
-6.575710177421569824e-01
-7.609566450119018555e-01
-6.637342572212219238e-01
-1.151437535881996155e-01
-7.529093027114868164e-01
-1.379604488611221313e-01
-6.603332757949829102e-01
-2.390893176198005676e-02
9.196864962577819824e-01
7.205474376678466797e-01
1.338146805763244629e+00
7.209146618843078613e-01
-5.670492723584175110e-02
1.164059758186340332e+00
7.864108681678771973e-01
1.396202445030212402e+00
1.055564761161804199e+00
1.014311686158180237e-01
7.367857694625854492e-01
2.219806671142578125e+00
2.378293991088867188e+00
8.707959055900573730e-01
-2.700226008892059326e-01
4.436495900154113770e-01
5.455023646354675293e-01
-3.534815609455108643e-01
6.895451247692108154e-02
4.571096599102020264e-01
1.034264922142028809e+00
9.792909026145935059e-01
3.126252591609954834e-01
-4.475904107093811035e-01
-5.242953896522521973e-01
3.240735232830047607e-01
-9.896929562091827393e-02
2.349143773317337036e-01
1.393685042858123779e-01
6.762233376502990723e-01
6.358590126037597656e-01
-1.302644014358520508e-01
1.487250924110412598e-01
4.668814241886138916e-01
-9.656841158866882324e-01
-6.596148014068603516e-01
8.159655928611755371e-01
1.265337824821472168e+00
-1.916847825050354004e+00
-2.239123582839965820e+00
5.643273591995239258e-01
2.481440067291259766e+00
-6.745917201042175293e-01
7.606562376022338867e-01
-1.229994669556617737e-01
9.168763160705566406e-01
-4.014301300048828125e-01
4.034289717674255371e-01
1.772302627563476562e+00
-1.123532772064208984e+00
3.500516712665557861e-01
-1.191934943199157715e+00
4.025188684463500977e-01
-2.911627590656280518e-01
1.675750732421875000e+00
7.329058051109313965e-01
4.649015069007873535e-01
3.999162614345550537e-01
4.868879318237304688e-01
4.725656211376190186e-01
5.531824827194213867e-01
6.259436011314392090e-01
4.484556019306182861e-01
1.035068705677986145e-01
-7.532232254743576050e-02
2.800528109073638916e-01
4.916301071643829346e-01
-4.227459132671356201e-01
-1.058323979377746582e+00
-1.173397421836853027e+00
1.880994588136672974e-01
1.372906684875488281e+00
1.023407459259033203e+00
-9.775315523147583008e-01
1.657138764858245850e-01
2.294356107711791992e+00
1.366344332695007324e+00
1.163676619529724121e+00
1.058135390281677246e+00
2.267436027526855469e+00
2.345067024230957031e+00
9.819254279136657715e-01
-2.336340695619583130e-01
-7.333498597145080566e-01
-3.007748425006866455e-01
4.101510345935821533e-01
1.495356798171997070e+00
1.602426543831825256e-02
-2.769043445587158203e-01
7.910252809524536133e-01
1.700435638427734375e+00
1.427417755126953125e+00
1.067220568656921387e+00
5.939299464225769043e-01
2.063869684934616089e-02
-5.847460031509399414e-01
-4.869967103004455566e-01
-4.132881015539169312e-02
3.478003144264221191e-01
8.793541193008422852e-01
-9.198591709136962891e-01
-1.042644500732421875e+00
3.995330631732940674e-01
1.350489258766174316e+00
-1.185165047645568848e+00
-8.246645331382751465e-01
-2.545097112655639648e+00
-2.544362783432006836e+00
-1.680617690086364746e+00
-4.635732769966125488e-01
1.964847326278686523e+00
7.400589585304260254e-01
-3.102911114692687988e-01
1.325405240058898926e+00
1.506411284208297729e-01
1.452022671699523926e+00
-4.232568740844726562e-01
1.184673070907592773e+00
-1.849350482225418091e-01
1.101134300231933594e+00
4.562953710556030273e-01
4.850092530250549316e-02
-3.429434001445770264e-01
6.937709450721740723e-01
1.419232040643692017e-01
-4.450516700744628906e-01
-1.071864008903503418e+00
-7.166005969047546387e-01
-1.070006415247917175e-01
-2.006305009126663208e-01
-2.866122126579284668e-01
7.539342045783996582e-01
1.083027839660644531e+00
2.200343132019042969e+00
1.909442186355590820e+00
1.731603026390075684e+00
1.592483401298522949e+00
2.416263341903686523e+00
3.827481031417846680e+00
2.241441726684570312e+00
1.323616981506347656e+00
8.545735478401184082e-01
-7.200121134519577026e-02
-1.017704248428344727e+00
-1.300893068313598633e+00
-1.961331605911254883e+00
-1.580345630645751953e+00
-1.128125861287117004e-01
-8.491417765617370605e-01
-1.769196689128875732e-01
3.081523895263671875e+00
1.910160779953002930e+00
-3.899764642119407654e-02
-1.182163238525390625e+00
-9.948396682739257812e-01
6.995669007301330566e-01
1.720346331596374512e+00
-9.456297159194946289e-01
-1.213873505592346191e+00
-6.241203546524047852e-01
-1.320047974586486816e-01
8.213304281234741211e-01
5.601599812507629395e-01
-1.116789355874061584e-01
-6.403108239173889160e-01
4.782498478889465332e-01
6.974912285804748535e-01
2.050381898880004883e+00
3.575082123279571533e-01
-1.536516547203063965e+00
7.572447508573532104e-02
1.285663604736328125e+00
-3.047132492065429688e-02
-8.638792037963867188e-01
2.336370348930358887e-01
-2.676754593849182129e-01
-7.702333927154541016e-01
8.965983986854553223e-01
-1.918966174125671387e-01
1.340861201286315918e+00
-3.829244971275329590e-01
-1.036417484283447266e+00
-4.558293223381042480e-01
2.125287950038909912e-01
1.424399971961975098e+00
1.149290442466735840e+00
8.625250458717346191e-01
1.285615801811218262e+00
1.770184338092803955e-01
-1.645123243331909180e+00
-1.473958253860473633e+00
-7.980902493000030518e-02
-2.949937820434570312e+00
-2.104985713958740234e+00
4.360014498233795166e-01
-3.771402359008789062e+00
-1.888442754745483398e+00
1.826606035232543945e+00
-3.558036804199218750e+00
-6.743407726287841797e+00
-3.983203172683715820e+00
1.583142757415771484e+00
-3.879242897033691406e+00
-3.602760076522827148e+00
1.514533042907714844e+00
3.696887969970703125e+00
3.309738636016845703e+00
3.380296468734741211e+00
2.406539440155029297e+00
6.788738369941711426e-01
-5.979346632957458496e-01
-4.424330890178680420e-01
1.632672071456909180e+00
3.040696620941162109e+00
3.150245428085327148e+00
7.015947103500366211e-01
-2.073802471160888672e+00
-2.830697059631347656e+00
1.011448264122009277e+00
6.639447808265686035e-01
-3.138357400894165039e-01
-1.154588460922241211e+00
1.685809969902038574e+00
2.887717723846435547e+00
1.267445445060729980e+00
-6.178613305091857910e-01
-1.979294419288635254e+00
5.358381662517786026e-03
-7.114113569259643555e-01
-2.786500692367553711e+00
-2.609763145446777344e+00
-2.924502372741699219e+00
-2.866191387176513672e+00
-2.120761156082153320e+00
-4.843621551990509033e-01
-5.014488697052001953e+00
-1.535223126411437988e+00
2.004780530929565430e+00
1.930811256170272827e-01
1.989532113075256348e+00
2.605662584304809570e+00
1.416448473930358887e+00
5.170493721961975098e-01
2.146087646484375000e+00
1.382646560668945312e+00
3.773390650749206543e-01
1.690392374992370605e+00
9.377291202545166016e-01
9.899408221244812012e-01
2.431692630052566528e-01
-9.178792834281921387e-01
-4.340973377227783203e+00
-6.071369171142578125e+00
-5.053192615509033203e+00
-2.760937690734863281e+00
1.866970300674438477e+00
-6.414549797773361206e-02
-7.646609544754028320e-01
2.721230983734130859e+00
3.933804750442504883e+00
2.969899415969848633e+00
2.673394203186035156e+00
2.804019212722778320e+00
2.379523515701293945e+00
1.489720582962036133e+00
6.881505846977233887e-01
-1.179858595132827759e-01
-1.005537509918212891e+00
-4.145549237728118896e-01
2.073874622583389282e-01
7.568721175193786621e-01
-1.339788436889648438e+00
-3.314152956008911133e-01
1.314723372459411621e+00
-2.145057320594787598e-01
1.088232994079589844e+00
-2.406754642724990845e-01
4.023751616477966309e-01
-7.306674718856811523e-01
-4.805460870265960693e-01
6.307496428489685059e-01
3.086729049682617188e+00
1.973134160041809082e+00
1.289703249931335449e+00
6.494787931442260742e-01
-3.066187202930450439e-01
-1.176063895225524902e+00
1.815370619297027588e-01
1.132892370223999023e+00
-1.180215239524841309e+00
-8.522074222564697266e-01
-1.853922367095947266e+00
-1.130510330200195312e+00
1.656713895499706268e-02
5.721830725669860840e-01
-1.089411616325378418e+00
-1.169437646865844727e+00
3.651403784751892090e-01
2.166317701339721680e+00
-4.738719165325164795e-01
1.728058338165283203e+00
-1.009098052978515625e+00
2.259835720062255859e+00
-2.204188108444213867e+00
1.223328948020935059e+00
-4.494989871978759766e+00
-6.032546043395996094e+00
-6.656963348388671875e+00
-2.044279575347900391e+00
5.117323994636535645e-01
1.064522147178649902e+00
3.525195837020874023e+00
7.268458366394042969e+00
7.148482799530029297e+00
8.996873855590820312e+00
6.962628364562988281e+00
6.948593616485595703e+00
3.501596927642822266e+00
1.228997111320495605e+00
-4.274721145629882812e-01
-5.460103154182434082e-01
-5.983657836914062500e-01
-1.485039234161376953e+00
-2.508277416229248047e+00
-5.019534587860107422e+00
-3.976114034652709961e+00
-2.995874404907226562e+00
-1.986256003379821777e+00
-9.694043993949890137e-01
5.077624797821044922e+00
5.793037414550781250e+00
3.168319940567016602e+00
7.628926753997802734e+00
5.721665382385253906e+00
3.047290802001953125e+00
8.404322713613510132e-02
-2.709604024887084961e+00
-5.496728897094726562e+00
-5.315640449523925781e+00
-5.525373458862304688e+00
-6.264033794403076172e+00
-5.922805309295654297e+00
-5.014360904693603516e+00
-3.812820434570312500e+00
-2.431668281555175781e+00
-1.195543527603149414e+00
-4.466483592987060547e-01
1.552715301513671875e-01
2.127965211868286133e+00
4.806858539581298828e+00
5.152940750122070312e+00
4.167719841003417969e+00
-1.085100531578063965e+00
-5.289135456085205078e+00
-3.895369291305541992e+00
-7.050498962402343750e+00
-4.585570335388183594e+00
-3.324553012847900391e+00
-5.062389373779296875e+00
-4.816627025604248047e+00
-3.889860868453979492e+00
-1.682177186012268066e-01
-1.329761147499084473e+00
-1.735687494277954102e+00
1.006737947463989258e+00
-4.117447435855865479e-01
-1.382451891899108887e+00
-2.328665971755981445e+00
-3.249061584472656250e+00
-1.812376499176025391e+00
8.894771337509155273e-01
3.640796184539794922e+00
2.060025930404663086e+00
4.554453849792480469e+00
8.843192100524902344e+00
6.257163047790527344e+00
7.025074958801269531e+00
7.285175323486328125e+00
7.796595096588134766e+00
1.153474712371826172e+01
8.143156051635742188e+00
5.095491886138916016e+00
2.624232053756713867e+00
2.613151073455810547e+00
6.960915774106979370e-02
-7.582422494888305664e-01
1.965619027614593506e-01
-4.150727748870849609e+00
-6.383194923400878906e+00
-7.418136596679687500e+00
-9.995545387268066406e+00
-3.622830390930175781e+00
-1.690628886222839355e+00
-2.143657684326171875e+00
-4.583999812602996826e-01
5.139959812164306641e+00
9.240480422973632812e+00
1.183922004699707031e+01
1.347333526611328125e+01
1.828693962097167969e+01
1.412270927429199219e+01
6.986578464508056641e+00
6.028485298156738281e+00
6.734014511108398438e+00
7.864645957946777344e+00
8.349895477294921875e+00
3.566087245941162109e+00
2.810453891754150391e+00
-1.994489580392837524e-01
-4.161995053291320801e-01
-2.572767734527587891e+00
-2.913884401321411133e+00
-1.313730478286743164e+00
1.224350810050964355e+00
-2.304587841033935547e+00
6.041168570518493652e-01
-1.219334125518798828e+00
-1.377534151077270508e+00
2.302520573139190674e-01
2.509254455566406250e+00
3.516621589660644531e+00
3.815282344818115234e+00
4.936637401580810547e+00
6.399332523345947266e+00
7.510165214538574219e+00
1.047702026367187500e+01
8.883700370788574219e+00
1.059666061401367188e+01
9.781502723693847656e+00
7.798016071319580078e+00
3.245200395584106445e+00
2.895541429519653320e+00
1.404058098793029785e+00
2.484202384948730469e+00
1.942573547363281250e+00
1.106994152069091797e+00
-1.875162497162818909e-02
3.299707174301147461e-02
3.977447748184204102e-01
3.261971175670623779e-01
-6.740009188652038574e-01
-1.914756178855895996e+00
-3.800270557403564453e+00
-4.345811367034912109e+00
-4.327960491180419922e+00
-5.095265388488769531e+00
-4.340111255645751953e+00
-2.936078548431396484e+00
-4.267796993255615234e+00
-4.440894126892089844e+00
-3.817099571228027344e+00
-2.898715972900390625e+00
-1.924176692962646484e+00
-9.923009276390075684e-01
1.131279706954956055e+00
3.987149953842163086e+00
5.324760437011718750e+00
2.696290731430053711e+00
1.706726551055908203e+00
-3.477334678173065186e-01
-1.702636003494262695e+00
-2.682428359985351562e+00
-4.056906223297119141e+00
-3.743124961853027344e+00
-3.346858739852905273e+00
-3.273027896881103516e+00
-2.868011713027954102e+00
-2.236776590347290039e+00
1.305388212203979492e-01
9.621584415435791016e-01
