-6.144106292724609375e+01
-3.198938751220703125e+01
-1.243954944610595703e+01
-2.394800901412963867e+00
1.132014274597167969e+00
2.899724960327148438e+00
3.112563610076904297e+00
3.081044912338256836e+00
2.675884962081909180e+00
2.088143587112426758e+00
1.577171206474304199e+00
3.707607090473175049e-01
-1.642259955406188965e-01
2.733147740364074707e-01
5.288329720497131348e-01
7.896042466163635254e-01
2.098623365163803101e-01
-7.240038365125656128e-02
-9.034717082977294922e-02
-3.575636446475982666e-02
-3.146660327911376953e-01
-3.051976561546325684e-01
-5.748624801635742188e-01
-6.525574326515197754e-01
-5.634621381759643555e-01
-4.103715717792510986e-01
-4.632644727826118469e-02
2.381610870361328125e-02
1.114903166890144348e-01
-7.949501276016235352e-01
-1.158292770385742188e+00
-9.319301247596740723e-01
3.114491328597068787e-02
5.328087210655212402e-01
-7.302309572696685791e-02
-2.205252498388290405e-01
-2.750042676925659180e-01
-5.829098224639892578e-01
-8.399448394775390625e-01
-9.045788049697875977e-01
-7.065734267234802246e-01
-6.500665545463562012e-01
-3.535177791491150856e-03
-5.080729722976684570e-01
-4.632060229778289795e-01
-1.020594239234924316e+00
-6.127040386199951172e-01
-4.994828104972839355e-01
-7.032842040061950684e-01
-5.290375351905822754e-01
-8.199648559093475342e-02
2.545696198940277100e-01
4.703941345214843750e-01
5.212327241897583008e-01
2.750711441040039062e-01
4.244254529476165771e-01
-3.041119277477264404e-01
-7.536278367042541504e-01
-7.808833122253417969e-01
-6.972966194152832031e-01
-5.567879676818847656e-01
-4.752291142940521240e-01
-6.357442736625671387e-01
-5.890251398086547852e-01
-3.141710460186004639e-01
-4.410704970359802246e-02
-2.182100564241409302e-01
-9.286249876022338867e-01
-1.266532301902770996e+00
-8.187727332115173340e-01
-3.723544180393218994e-01
1.010639369487762451e-01
5.207696557044982910e-01
3.956850469112396240e-01
-8.759342432022094727e-01
-1.295384526252746582e+00
-4.996744096279144287e-01
7.216970324516296387e-01
1.067140698432922363e+00
1.154671311378479004e+00
1.330706238746643066e+00
1.311609864234924316e+00
5.407442450523376465e-01
-3.332674503326416016e-01
-1.889587044715881348e-01
-4.597517848014831543e-02
4.768607318401336670e-01
5.812522768974304199e-01
-3.254915773868560791e-01
-1.135587811470031738e+00
-4.623597860336303711e-01
3.819215893745422363e-01
3.987880423665046692e-02
-4.400221109390258789e-01
8.916860073804855347e-02
-8.429626226425170898e-01
3.376348316669464111e-02
-8.370867967605590820e-01
-4.980138540267944336e-01
-1.492687344551086426e+00
-1.952182650566101074e+00
-1.883812308311462402e+00
-1.155466556549072266e+00
-9.768609404563903809e-01
-7.785202264785766602e-01
-5.496507883071899414e-01
-5.742557644844055176e-01
-1.782608926296234131e-01
2.418334782123565674e-02
1.297404766082763672e-01
2.780090272426605225e-01
3.855355083942413330e-02
-5.046187341213226318e-02
3.588708117604255676e-02
1.589653082191944122e-02
-8.084686845541000366e-02
1.440787315368652344e-01
6.206904649734497070e-01
8.986740708351135254e-01
6.454870700836181641e-01
3.535484075546264648e-01
3.369747698307037354e-01
4.800594970583915710e-02
2.569327354431152344e-01
4.784893393516540527e-01
3.443035781383514404e-01
1.417210604995489120e-02
-1.979640275239944458e-01
-3.743343055248260498e-01
-3.759948611259460449e-01
-3.287169039249420166e-01
-4.004401862621307373e-01
1.957635581493377686e-01
5.546833276748657227e-01
2.086223289370536804e-02
1.385276857763528824e-02
9.940337389707565308e-02
1.503537148237228394e-01
2.466181218624114990e-01
3.817034512758255005e-02
-2.373329550027847290e-02
-2.136594802141189575e-01
-7.675030827522277832e-01
-4.256519079208374023e-01
-2.704377472400665283e-01
-2.678351402282714844e-01
-9.140098839998245239e-02
2.568848133087158203e-01
1.384424269199371338e-01
3.204649984836578369e-01
1.040337756276130676e-01
-2.524749934673309326e-01
-2.510858774185180664e-01
-6.764438748359680176e-01
-5.321031808853149414e-01
1.283832788467407227e-01
2.651237547397613525e-01
5.907100811600685120e-02
-4.079765379428863525e-01
-3.941332399845123291e-01
-2.037280797958374023e-01
-3.515495657920837402e-01
-2.580634057521820068e-01
-2.886240184307098389e-01
-2.974856495857238770e-01
1.413483917713165283e-01
-2.358853965997695923e-01
-2.398292273283004761e-01
-1.653276979923248291e-01
2.311621606349945068e-01
3.837577700614929199e-01
3.996448218822479248e-01
7.138253450393676758e-01
2.943910658359527588e-01
1.056464314460754395e-01
1.359835118055343628e-01
3.174951672554016113e-01
2.682372927665710449e-01
1.185317113995552063e-01
2.911817133426666260e-01
4.343887865543365479e-01
6.266940236091613770e-01
6.022966504096984863e-01
4.810759723186492920e-01
3.329032063484191895e-01
6.096253991127014160e-01
5.943930149078369141e-01
2.096068561077117920e-01
-1.483973767608404160e-02
-1.375932097434997559e-01
1.587523072957992554e-01
5.645243823528289795e-02
-5.288884043693542480e-02
-3.073053061962127686e-01
-5.675283074378967285e-02
8.158432692289352417e-02
8.295747637748718262e-02
9.933950752019882202e-02
6.954529136419296265e-02
1.452602893114089966e-01
3.931143581867218018e-01
4.975059032440185547e-01
2.557990849018096924e-01
-1.819811761379241943e-01
-1.017475351691246033e-01
9.177120029926300049e-02
5.469607934355735779e-02
-1.196783483028411865e-01
-9.662216156721115112e-02
1.127995997667312622e-01
3.202574253082275391e-01
5.277631878852844238e-01
3.263088762760162354e-01
6.686230897903442383e-01
9.606629610061645508e-02
4.640712440013885498e-01
-2.307865396142005920e-02
-5.510558485984802246e-01
-9.581637382507324219e-01
-5.570275187492370605e-01
-2.825406491756439209e-01
-1.419841051101684570e-01
-3.671013116836547852e-01
-3.657760620117187500e-01
-1.228503417223691940e-02
-4.822385609149932861e-01
-7.442233562469482422e-01
-5.826064348220825195e-01
-7.331049442291259766e-02
2.659380733966827393e-01
5.912634730339050293e-01
6.644238233566284180e-01
3.643739521503448486e-01
-9.531287103891372681e-02
-2.232555896043777466e-01
1.246364880353212357e-02
1.509285271167755127e-01
3.612444400787353516e-01
2.848907709121704102e-01
3.986868262290954590e-01
3.576998114585876465e-01
3.692119419574737549e-01
9.903613477945327759e-02
2.700948715209960938e-02
-8.520583063364028931e-02
8.027503639459609985e-02
5.948614701628684998e-02
1.429450809955596924e-01
2.662414312362670898e-01
2.067008912563323975e-01
7.219579070806503296e-02
-6.887169927358627319e-02
-1.713791638612747192e-01
6.031642481684684753e-02
-1.115138549357652664e-02
-1.579989045858383179e-01
1.032194644212722778e-01
2.324874103069305420e-01
3.812190294265747070e-01
1.656819432973861694e-01
5.014976263046264648e-01
5.671535134315490723e-01
2.763165533542633057e-01
2.191710323095321655e-01
3.664177358150482178e-01
1.712863147258758545e-01
5.785752460360527039e-02
1.505293548107147217e-01
1.183720454573631287e-01
-1.933975070714950562e-01
-2.340332418680191040e-01
-2.720663547515869141e-01
-1.492330729961395264e-01
1.795412003993988037e-01
1.174300014972686768e-01
9.328805655241012573e-02
2.462987750768661499e-01
-6.073913536965847015e-03
-4.381964728236198425e-02
7.372861355543136597e-02
1.451964229345321655e-01
2.879564166069030762e-01
6.555461883544921875e-01
6.200358271598815918e-01
1.202401742339134216e-01
7.848674803972244263e-02
3.650126457214355469e-01
3.437926471233367920e-01
3.206885457038879395e-01
5.372634530067443848e-01
5.769731402397155762e-01
3.334301114082336426e-01
5.725619848817586899e-03
-3.167097866535186768e-01
-6.411570310592651367e-01
-4.300587475299835205e-01
4.545124620199203491e-02
2.087820135056972504e-02
8.344190195202827454e-03
6.323836743831634521e-02
2.702970206737518311e-01
2.018948495388031006e-01
8.308521658182144165e-02
1.013248227536678314e-02
1.015908420085906982e-01
1.104045659303665161e-01
-7.670602761209011078e-03
-9.033120423555374146e-02
3.553580865263938904e-02
2.194744050502777100e-01
2.610362172126770020e-01
4.806927740573883057e-01
3.692119419574737549e-01
2.643733024597167969e-01
4.175277352333068848e-01
5.601280331611633301e-01
5.819069147109985352e-01
4.690848290920257568e-01
2.683171331882476807e-01
2.339244335889816284e-01
-1.857333928346633911e-01
-5.788223147392272949e-01
-3.556210994720458984e-01
-1.813744306564331055e-01
-2.240804396569728851e-02
1.834530830383300781e-01
8.892909437417984009e-02
-2.804809212684631348e-01
-1.583342105150222778e-01
6.311062723398208618e-02
1.433177478611469269e-02
3.955732583999633789e-01
2.617387771606445312e-01
3.156270384788513184e-01
5.683670043945312500e-01
5.156123638153076172e-01
2.716542184352874756e-01
2.765560448169708252e-01
3.626176118850708008e-01
6.555356830358505249e-02
-1.157345324754714966e-01
-1.625813990831375122e-01
2.618505358695983887e-01
5.969371646642684937e-02
1.619935929775238037e-01
-1.108007580041885376e-01
-8.408814668655395508e-02
-2.257783561944961548e-01
-1.756423115730285645e-01
-3.295152485370635986e-01
-1.946429163217544556e-01
-5.908399447798728943e-02
-9.282203763723373413e-02
2.265796661376953125e-01
-7.257601618766784668e-02
1.534034013748168945e-01
-2.511018514633178711e-01
-3.184022903442382812e-01
4.939506947994232178e-02
-3.339326754212379456e-02
-3.150971233844757080e-01
-1.618469208478927612e-01
-1.616074144840240479e-01
-9.347125887870788574e-03
1.628558039665222168e-01
1.670231521129608154e-01
1.724199652671813965e-01
3.047430329024791718e-02
-2.797783613204956055e-01
1.213418841361999512e-01
1.965459436178207397e-01
2.873656451702117920e-01
8.432849049568176270e-01
5.006673336029052734e-01
2.496677935123443604e-01
1.099095940589904785e-01
-7.367773354053497314e-02
-1.845358759164810181e-01
-5.323469638824462891e-03
1.971261762082576752e-02
4.238027334213256836e-01
3.199540674686431885e-01
-6.107985600829124451e-02
-6.657246500253677368e-02
-1.550450325012207031e-01
6.331820040941238403e-02
9.973867982625961304e-02
-7.474751770496368408e-02
6.089123338460922241e-02
9.446960687637329102e-02
6.253582239151000977e-02
2.003195509314537048e-02
-2.636783383786678314e-02
2.663052976131439209e-01
2.529250383377075195e-01
1.158492788672447205e-01
1.184997782111167908e-01
1.423702687025070190e-01
2.618186175823211670e-01
5.544278621673583984e-01
3.718784153461456299e-01
2.474324256181716919e-01
1.803076118230819702e-01
5.419417619705200195e-01
-1.316321361809968948e-02
-2.546465098857879639e-01
-3.507671654224395752e-01
-2.137393206357955933e-01
7.436729222536087036e-02
4.717832505702972412e-01
9.628928899765014648e-01
6.664675474166870117e-01
1.028261423110961914e+00
8.695983886718750000e-01
7.088596820831298828e-01
4.620169103145599365e-02
8.434659987688064575e-02
5.487276911735534668e-01
5.257513523101806641e-01
-5.775874480605125427e-02
-4.975933209061622620e-02
-2.201580107212066650e-01
-3.163904547691345215e-01
-2.660947442054748535e-01
-8.388058096170425415e-02
3.169682621955871582e-01
5.392433404922485352e-01
8.310382962226867676e-01
4.886283278465270996e-01
3.179262578487396240e-01
2.685087323188781738e-01
-3.677824884653091431e-02
2.588487565517425537e-01
2.166482657194137573e-01
9.600242972373962402e-02
1.430887877941131592e-01
4.659074246883392334e-01
5.417501926422119141e-01
5.361458063125610352e-01
4.978731572628021240e-01
7.243954539299011230e-01
5.849565863609313965e-01
3.867435753345489502e-01
3.198423087596893311e-01
3.485667407512664795e-01
5.537572503089904785e-01
4.113964736461639404e-01
2.997240126132965088e-01
5.728271603584289551e-02
2.867588996887207031e-01
1.242318972945213318e-01
4.902729094028472900e-01
4.895703494548797607e-01
6.968525648117065430e-01
4.851954281330108643e-01
5.614532828330993652e-01
3.391462862491607666e-01
6.706029772758483887e-01
5.937862396240234375e-01
7.315006852149963379e-01
9.024422764778137207e-01
7.716893553733825684e-01
7.331452965736389160e-01
6.720879077911376953e-01
5.071179866790771484e-01
2.862798869609832764e-01
4.346282780170440674e-01
6.133616566658020020e-01
5.149737000465393066e-01
2.333336621522903442e-01
1.361112594604492188e-01
4.101245105266571045e-02
-6.513544917106628418e-02
2.839860692620277405e-02
2.710634469985961914e-01
1.652348637580871582e-01
1.500503569841384888e-01
4.446075856685638428e-01
2.895371317863464355e-01
-1.411698013544082642e-01
3.856951743364334106e-02
-1.084855571389198303e-01
1.335565447807312012e-01
1.844430416822433472e-01
1.784075498580932617e-01
1.416358053684234619e-01
2.174466103315353394e-01
-1.654819399118423462e-02
3.482633531093597412e-01
7.006366848945617676e-01
3.644537925720214844e-01
2.531485855579376221e-01
7.457485795021057129e-02
3.249197602272033691e-01
4.249737411737442017e-02
-1.952496618032455444e-01
-2.718214504420757294e-02
-2.945956587791442871e-01
7.721481379121541977e-03
1.233696788549423218e-01
1.580338031053543091e-01
6.054261326789855957e-01
3.687808215618133545e-01
2.553839385509490967e-01
1.100532934069633484e-01
-6.457118783146142960e-03
1.403903812170028687e-01
6.132233887910842896e-02
6.093913316726684570e-02
-1.029929518699645996e-01
-2.048297971487045288e-01
3.550387546420097351e-02
6.681495159864425659e-02
2.214862257242202759e-01
2.175583690404891968e-01
1.479107886552810669e-01
1.979669928550720215e-01
1.931130588054656982e-01
2.344194054603576660e-01
3.443993926048278809e-01
2.870622575283050537e-01
3.075318336486816406e-01
3.121622204780578613e-01
1.575547903776168823e-01
1.274252682924270630e-01
1.343708634376525879e-01
2.147801369428634644e-01
1.837883889675140381e-01
3.941681683063507080e-01
4.966436922550201416e-01
4.930830895900726318e-01
2.130876481533050537e-01
4.015448987483978271e-01
4.947436451911926270e-01
2.762686610221862793e-01
2.791586518287658691e-01
2.318966388702392578e-01
3.760617375373840332e-01
2.722769379615783691e-01
1.547765582799911499e-01
1.114424169063568115e-01
2.043856829404830933e-01
2.623614966869354248e-01
1.975678205490112305e-01
2.739215195178985596e-01
2.757577002048492432e-01
6.788472831249237061e-02
6.936965137720108032e-02
-3.799173235893249512e-02
1.292135715484619141e-01
3.219872713088989258e-02
3.320250511169433594e-01
3.701220452785491943e-01
2.808511555194854736e-01
3.568216264247894287e-01
4.449588656425476074e-01
4.743379354476928711e-01
3.869192004203796387e-01
3.341805636882781982e-01
4.974260628223419189e-01
4.461723566055297852e-01
5.483604669570922852e-01
5.245378613471984863e-01
7.429330348968505859e-01
5.546194911003112793e-01
6.345816850662231445e-01
3.500676155090332031e-01
2.627501077950000763e-02
-1.242873631417751312e-02
5.073628947138786316e-02
1.256050467491149902e-01
1.521420180797576904e-01
2.605093121528625488e-01
3.920286297798156738e-01
9.266535192728042603e-02
1.118575558066368103e-01
4.917418658733367920e-01
6.022167801856994629e-01
4.864089190959930420e-01
5.549069046974182129e-01
5.458855628967285156e-01
6.937869191169738770e-01
5.102314949035644531e-01
6.018815040588378906e-01
5.854036211967468262e-01
4.466513693332672119e-01
2.719575762748718262e-01
5.006354451179504395e-01
4.831197261810302734e-01
3.300132155418395996e-01
1.840438693761825562e-01
-3.503243904560804367e-03
2.608340792357921600e-02
-4.599114507436752319e-02
7.783210277557373047e-02
4.918750002980232239e-02
1.220444291830062866e-01
5.358381662517786026e-03
4.119552969932556152e-01
5.747058391571044922e-01
3.161858916282653809e-01
3.450380563735961914e-01
2.834856808185577393e-01
9.734364598989486694e-02
3.267080485820770264e-01
4.022314548492431641e-01
3.781853318214416504e-01
1.845867335796356201e-01
-4.860971495509147644e-02
-3.545513153076171875e-01
-2.646577358245849609e-01
-9.724486619234085083e-02
-8.480665832757949829e-02
1.801319718360900879e-01
5.759512782096862793e-01
3.508979082107543945e-01
3.068133294582366943e-01
2.687163054943084717e-01
2.653632760047912598e-01
3.214549422264099121e-01
3.663538694381713867e-01
3.554325103759765625e-01
2.983987629413604736e-01
5.034775137901306152e-01
3.032367229461669922e-01
1.548563838005065918e-01
1.390331983566284180e-01
1.844749748706817627e-01
4.885005950927734375e-01
5.307170152664184570e-01
3.574762642383575439e-01
4.519523680210113525e-01
3.512172400951385498e-01
1.512159407138824463e-01
1.621053516864776611e-01
-5.483680218458175659e-02
1.195376291871070862e-01
2.701213955879211426e-01
1.010000631213188171e-01
4.952280595898628235e-02
-5.758310854434967041e-02
8.383565396070480347e-02
1.688114553689956665e-01
2.882917225360870361e-01
6.753451824188232422e-01
7.581334710121154785e-01
5.335910916328430176e-01
3.679665029048919678e-01
4.447672665119171143e-01
4.386838674545288086e-01
3.123857676982879639e-01
1.681408435106277466e-01
-1.158462986350059509e-01
1.556122582405805588e-02
2.060941457748413086e-01
4.165697395801544189e-01
2.471130937337875366e-01
2.135187536478042603e-01
6.646153926849365234e-01
2.026931941509246826e-01
1.994199752807617188e-01
1.519184708595275879e-01
2.110173739492893219e-02
1.714938879013061523e-01
1.304909139871597290e-01
2.746879160404205322e-01
3.327435553073883057e-01
1.927617937326431274e-01
2.718138992786407471e-01
3.666412532329559326e-01
7.658668607473373413e-02
9.354352951049804688e-02
7.768840342760086060e-02
1.766192615032196045e-01
3.614520132541656494e-01
9.946724772453308105e-02
9.908945299685001373e-03
-8.367729024030268192e-04
2.460273355245590210e-01
1.744477599859237671e-01
1.098936274647712708e-01
1.585128009319305420e-01
2.517754137516021729e-01
1.561018079519271851e-01
2.622337639331817627e-01
5.878944993019104004e-01
4.810759723186492920e-01
3.853384852409362793e-01
2.553679645061492920e-01
1.678853631019592285e-01
2.775459885597229004e-01
6.022487282752990723e-01
7.067839503288269043e-01
7.460625171661376953e-01
3.817299604415893555e-01
-5.684863030910491943e-02
-2.081509083509445190e-01
-1.259852796792984009e-01
-5.164342373609542847e-02
-1.662857234477996826e-01
2.745656110346317291e-02
3.363361060619354248e-01
4.741782844066619873e-01
3.294224441051483154e-01
2.696264088153839111e-01
3.164892494678497314e-01
1.482939869165420532e-01
7.629928737878799438e-02
1.223797351121902466e-01
2.485395595431327820e-02
2.164247184991836548e-01
4.639115631580352783e-01
3.364318907260894775e-01
2.853059172630310059e-01
3.281450867652893066e-01
4.640926048159599304e-02
1.921550482511520386e-01
1.884187906980514526e-01
1.349935680627822876e-01
1.176110561937093735e-02
-2.357362769544124603e-02
8.956777304410934448e-02
2.709357142448425293e-01
2.110119462013244629e-01
1.410769522190093994e-01
1.796529740095138550e-01
1.621586829423904419e-02
4.184272885322570801e-02
-8.399234712123870850e-02
2.859924733638763428e-01
4.278477653861045837e-02
8.813074976205825806e-02
1.257541682571172714e-02
2.291662991046905518e-01
1.912609040737152100e-01
2.673431634902954102e-01
9.525198489427566528e-02
6.716622412204742432e-02
5.204557254910469055e-02
1.889456957578659058e-01
1.609876751899719238e-01
6.346189975738525391e-02
2.974726855754852295e-01
1.138214841485023499e-01
1.004571914672851562e-01
1.725476980209350586e-01
7.322309073060750961e-03
5.994918569922447205e-02
1.604023203253746033e-02
1.812975555658340454e-01
3.970901370048522949e-01
2.581142783164978027e-01
2.242325395345687866e-01
1.206712797284126282e-01
1.865825951099395752e-01
-3.248315304517745972e-02
-1.705913618206977844e-02
6.699058413505554199e-02
-6.234124302864074707e-02
1.415613945573568344e-02
3.321048617362976074e-01
1.759326905012130737e-01
1.534992009401321411e-01
8.535793051123619080e-03
1.726968213915824890e-02
3.052805066108703613e-01
3.163136243820190430e-01
2.811225950717926025e-01
2.086223289370536804e-02
1.342910230159759521e-01
1.510083675384521484e-01
1.476553231477737427e-01
1.789184957742691040e-01
4.244893193244934082e-01
4.020558297634124756e-01
1.618019789457321167e-01
6.473925709724426270e-02
-5.909996107220649719e-02
-5.066944286227226257e-02
-5.030220374464988708e-02
-1.951803639531135559e-02
-1.293223500251770020e-01
8.711428381502628326e-03
1.209586784243583679e-01
1.281916797161102295e-01
2.202727496623992920e-01
5.501541495323181152e-02
-9.248673170804977417e-02
-4.075400158762931824e-02
-8.632898243376985192e-05
1.650751978158950806e-01
3.008736371994018555e-01
2.938961088657379150e-01
1.344347298145294189e-01
3.216625154018402100e-01
1.564371138811111450e-01
2.486618757247924805e-01
2.851781845092773438e-01
3.929227590560913086e-01
4.318660199642181396e-01
1.195216625928878784e-01
2.026772350072860718e-01
7.872625440359115601e-02
-6.425727158784866333e-02
1.875460334122180939e-02
4.625384211540222168e-01
6.138406991958618164e-01
2.007452398538589478e-01
1.609557420015335083e-01
-1.317918021231889725e-02
1.314489245414733887e-01
-1.905499771237373352e-02
1.121289879083633423e-01
6.859269458800554276e-03
1.611952483654022217e-01
4.386359751224517822e-01
3.049132525920867920e-01
1.830858439207077026e-01
2.148759365081787109e-01
3.036518692970275879e-01
3.800374865531921387e-01
3.688287138938903809e-01
2.793821990489959717e-01
1.247907355427742004e-01
1.008563637733459473e-01
2.980369329452514648e-02
2.090480178594589233e-01
-2.020461298525333405e-02
9.704027324914932251e-02
5.150811746716499329e-03
-2.210467308759689331e-02
9.341578930616378784e-02
2.671355903148651123e-01
1.250142753124237061e-01
2.050243616104125977e-01
1.501461565494537354e-01
2.838050127029418945e-01
1.715417951345443726e-01
7.083860784769058228e-02
-3.553282842040061951e-02
4.690423607826232910e-02
1.887381374835968018e-01
1.210544854402542114e-01
1.117457821965217590e-01
-7.896277308464050293e-02
3.085750900208950043e-02
8.175995945930480957e-02
2.630001604557037354e-01
2.060622125864028931e-01
1.926659792661666870e-01
5.483977869153022766e-02
9.680077433586120605e-02
3.255744278430938721e-01
3.147648274898529053e-01
-3.813543170690536499e-02
1.774495393037796021e-01
2.668322026729583740e-01
3.863338381052017212e-02
1.544891446828842163e-01
-6.690777093172073364e-02
4.010234028100967407e-02
4.872446134686470032e-02
-9.427502751350402832e-02
-1.588930487632751465e-01
1.490444391965866089e-01
1.019261479377746582e-01
3.210557699203491211e-01
2.770670056343078613e-01
3.323284089565277100e-01
1.174938678741455078e-01
1.270856941118836403e-03
5.358381662517786026e-03
9.640160202980041504e-02
1.946618407964706421e-01
2.690356373786926270e-01
3.767642676830291748e-01
1.197451949119567871e-01
1.583531349897384644e-01
4.648909717798233032e-02
1.230503469705581665e-01
4.554012119770050049e-01
6.258318424224853516e-01
2.581142783164978027e-01
1.278883069753646851e-01
2.007771730422973633e-01
-1.927853375673294067e-02
-1.456405222415924072e-01
-9.123589843511581421e-03
1.965459436178207397e-01
1.656340360641479492e-01
1.719888597726821899e-01
1.016441639512777328e-02
1.336523592472076416e-01
3.780310600996017456e-02
1.586459577083587646e-02
1.572035253047943115e-01
3.211356103420257568e-01
3.187246024608612061e-01
1.780882179737091064e-01
4.151965677738189697e-01
2.571722269058227539e-01
1.446375697851181030e-01
1.822874993085861206e-01
2.359682023525238037e-01
3.479121029376983643e-01
9.863696247339248657e-02
1.260680854320526123e-01
2.702012360095977783e-01
3.525105714797973633e-01
4.347560107707977295e-01
5.520009398460388184e-01
2.889144420623779297e-01
1.666399538516998291e-01
2.473685592412948608e-01
3.480078876018524170e-01
2.888824939727783203e-01
2.788073718547821045e-01
3.453094959259033203e-01
1.026606261730194092e-01
2.357925623655319214e-01
2.350261509418487549e-01
1.700409054756164551e-01
1.410130858421325684e-01
2.756139934062957764e-01
3.156589865684509277e-01
4.111889004707336426e-01
4.220942854881286621e-01
2.681255340576171875e-01
2.164885848760604858e-01
3.153875470161437988e-01
3.273627161979675293e-01
5.487596392631530762e-01
1.672147661447525024e-01
-7.814846187829971313e-02
7.034363597631454468e-02
2.415406405925750732e-01
3.678227961063385010e-01
4.379174709320068359e-01
4.554171860218048096e-01
3.696909248828887939e-01
9.333595633506774902e-02
9.830166399478912354e-02
-7.063860539346933365e-03
2.405561134219169617e-02
2.142532318830490112e-01
2.449735254049301147e-01
1.511361002922058105e-01
-2.657540328800678253e-02
1.841556280851364136e-01
-9.912896156311035156e-02
-5.735957249999046326e-02
-3.115790151059627533e-02
3.596691414713859558e-02
-9.400358796119689941e-02
-1.771911084651947021e-01
-4.972198046743869781e-03
1.710308492183685303e-01
2.292780727148056030e-01
2.947263717651367188e-01
2.023419290781021118e-01
1.315447241067886353e-01
2.699936628341674805e-01
1.049917861819267273e-01
1.088557764887809753e-01
1.348019689321517944e-01
2.071479558944702148e-01
3.195389211177825928e-01
3.490138053894042969e-01
3.295661509037017822e-01
1.602691560983657837e-01
3.080427646636962891e-01
2.287406288087368011e-02
-6.780191510915756226e-02
9.142534807324409485e-03
1.516789793968200684e-01
1.276647746562957764e-01
1.692904531955718994e-01
3.127689659595489502e-01
2.824158966541290283e-01
3.479759693145751953e-01
2.766678333282470703e-01
3.924278020858764648e-01
5.322977900505065918e-01
1.916600763797760010e-01
6.487762331962585449e-01
7.089394927024841309e-01
5.316910147666931152e-01
4.629375934600830078e-01
1.471603363752365112e-01
-6.648721639066934586e-03
-2.378119714558124542e-02
5.613309890031814575e-02
1.774974316358566284e-01
6.756539642810821533e-02
4.393439367413520813e-02
1.985418051481246948e-01
3.527820110321044922e-01
3.257021605968475342e-01
3.493331372737884521e-01
2.401515245437622070e-01
3.152598142623901367e-01
3.046098947525024414e-01
2.754064500331878662e-01
1.962904781103134155e-01
2.884673476219177246e-01
3.576039969921112061e-01
2.701533436775207520e-01
5.328725576400756836e-01
4.362090229988098145e-01
2.902396917343139648e-01
3.888991177082061768e-01
1.957475990056991577e-01
1.675181239843368530e-01
9.699237346649169922e-02
5.317922309041023254e-02
5.421707034111022949e-02
1.096381545066833496e-01
3.211356103420257568e-01
2.900161445140838623e-01
4.884367287158966064e-01
1.736653894186019897e-01
1.601254642009735107e-01
1.675500720739364624e-01
8.239863812923431396e-02
1.897919476032257080e-01
3.262983262538909912e-02
2.317848652601242065e-01
1.077061593532562256e-01
1.698971986770629883e-01
1.798924654722213745e-01
1.760125160217285156e-01
-4.624661430716514587e-02
2.068605571985244751e-01
2.291662991046905518e-01
2.672792971134185791e-01
9.651336818933486938e-02
1.716375946998596191e-01
3.240894973278045654e-01
4.752161204814910889e-01
4.226211905479431152e-01
2.688759863376617432e-01
2.943750917911529541e-01
3.479919433593750000e-01
5.241386890411376953e-01
4.575088322162628174e-01
2.588806748390197754e-01
-1.370608806610107422e-02
1.674277521669864655e-02
-2.761325053870677948e-02
2.088244855403900146e-01
2.809095312841236591e-04
-1.103377193212509155e-01
9.683270752429962158e-02
3.018476068973541260e-01
7.960443198680877686e-02
1.824950724840164185e-01
1.526848822832107544e-01
1.973283141851425171e-01
1.175258010625839233e-01
1.828144192695617676e-01
3.029014170169830322e-01
2.428658902645111084e-01
4.534213244915008545e-01
5.818909406661987305e-01
3.957329392433166504e-01
3.132320046424865723e-01
1.079616323113441467e-01
8.520881086587905884e-02
1.536109745502471924e-01
2.962751686573028564e-01
1.705678105354309082e-01
2.262284010648727417e-01
3.582905828952789307e-01
2.080900073051452637e-01
9.921177476644515991e-02
-6.073913536965847015e-03
1.687795221805572510e-01
3.833001479506492615e-02
5.123870372772216797e-01
5.467158555984497070e-01
2.335571944713592529e-01
2.899522781372070312e-01
3.348511755466461182e-01
1.886742562055587769e-01
-1.374175697565078735e-01
-1.218977496027946472e-01
-1.937328130006790161e-01
3.473746404051780701e-02
2.027889937162399292e-01
1.916760355234146118e-01
3.215028643608093262e-01
3.519836664199829102e-01
2.949179708957672119e-01
2.363673746585845947e-01
2.532443702220916748e-01
1.631432026624679565e-01
1.772579401731491089e-01
2.541065812110900879e-01
4.358312115073204041e-02
3.143337070941925049e-01
2.234980612993240356e-01
2.095908969640731812e-01
1.591993868350982666e-01
2.324554771184921265e-01
3.071645796298980713e-01
1.035867035388946533e-01
3.334834426641464233e-02
-1.713896915316581726e-02
-1.525861173868179321e-01
-4.003443717956542969e-01
-1.243247166275978088e-01
2.650918364524841309e-01
4.996933639049530029e-01
3.328872621059417725e-01
8.546427637338638306e-02
3.748377040028572083e-02
-1.072880402207374573e-01
1.076742261648178101e-01
-4.361207783222198486e-02
1.263554841279983521e-01
9.617806226015090942e-02
3.403118550777435303e-01
3.453094959259033203e-01
3.303325474262237549e-01
4.241699874401092529e-01
4.475614726543426514e-01
4.927797019481658936e-01
2.036512047052383423e-01
3.268996775150299072e-01
4.610694646835327148e-01
1.730586439371109009e-01
3.870948553085327148e-01
6.520015597343444824e-01
2.067168503999710083e-01
-6.670020520687103271e-02
2.579600363969802856e-02
1.454199552536010742e-01
4.435378015041351318e-01
3.846359550952911377e-01
3.915496170520782471e-01
9.903613477945327759e-02
5.934244394302368164e-02
5.167833715677261353e-02
5.533475428819656372e-02
2.595193684101104736e-01
3.121781945228576660e-01
3.492852449417114258e-01
2.551603913307189941e-01
3.137748837471008301e-01
3.904159665107727051e-01
2.119539976119995117e-01
9.371916204690933228e-02
1.071473211050033569e-01
2.957003712654113770e-01
1.489326655864715576e-01
1.888498961925506592e-01
2.989416420459747314e-01
4.384124279022216797e-01
4.440168142318725586e-01
3.684934079647064209e-01
3.519676923751831055e-01
9.011064469814300537e-02
3.051846921443939209e-01
4.738270044326782227e-01
2.646607160568237305e-01
1.265949904918670654e-01
2.660977542400360107e-01
1.862951964139938354e-01
2.683969736099243164e-01
3.791273832321166992e-01
6.293764710426330566e-01
5.363054275512695312e-01
1.781680434942245483e-01
-5.594906862825155258e-03
8.565588295459747314e-02
4.357300102710723877e-01
5.981292724609375000e-01
3.906395137310028076e-01
4.187412261962890625e-01
1.252378076314926147e-01
-9.532883763313293457e-02
2.092236578464508057e-01
2.804679572582244873e-01
1.430887877941131592e-01
-1.717144548892974854e-01
-1.188321039080619812e-01
1.201922670006752014e-01
1.307039055973291397e-02
1.654424369335174561e-01
2.035129256546497345e-02
2.143969237804412842e-01
3.284803926944732666e-01
1.172543615102767944e-01
1.871414482593536377e-01
6.090719997882843018e-02
6.477119028568267822e-02
2.602538466453552246e-01
1.458670198917388916e-01
3.011131286621093750e-01
2.005376666784286499e-01
2.900800108909606934e-01
4.514573812484741211e-01
4.814751446247100830e-01
4.722782075405120850e-01
4.277944564819335938e-01
2.320243716239929199e-01
3.227163255214691162e-01
2.149717360734939575e-01
4.195555448532104492e-01
3.652840852737426758e-01
1.999628543853759766e-01
3.342444300651550293e-01
2.977121770381927490e-01
3.935295045375823975e-01
1.074347272515296936e-01
-1.387587934732437134e-01
-5.303254351019859314e-02
3.665890544652938843e-03
2.507694959640502930e-01
1.534832268953323364e-01
2.619623243808746338e-01
2.078664749860763550e-01
1.375163346529006958e-01
2.624093890190124512e-01
1.367020308971405029e-01
1.072271540760993958e-01
3.931622803211212158e-01
4.618678092956542969e-01
4.063030183315277100e-01
2.027411013841629028e-01
2.922888472676277161e-02
5.677177384495735168e-02
2.384111285209655762e-01
4.002250358462333679e-02
3.563160821795463562e-02
-1.316535323858261108e-01
1.805311441421508789e-01
4.284864291548728943e-02
5.123126134276390076e-02
2.450373917818069458e-01
1.558782607316970825e-01
3.459481596946716309e-01
8.195156604051589966e-02
3.490616977214813232e-01
4.403019323945045471e-02
1.465376317501068115e-01
3.555177524685859680e-02
1.572514176368713379e-01
1.241839900612831116e-01
1.436955332756042480e-01
2.458517104387283325e-01
5.862393230199813843e-02
4.591428861021995544e-02
1.574430167675018311e-01
6.452475786209106445e-01
3.786962628364562988e-01
3.292787373065948486e-01
1.738569885492324829e-01
1.390012651681900024e-01
3.345637619495391846e-01
2.003300935029983521e-01
9.207457304000854492e-02
4.057122468948364258e-01
5.537732243537902832e-01
5.536295175552368164e-01
4.804053604602813721e-01
1.090314164757728577e-01
-1.127912010997533798e-02
5.878306031227111816e-01
3.710002303123474121e-01
2.864714860916137695e-01
-3.770486712455749512e-01
-5.538660287857055664e-01
-5.551274418830871582e-01
3.520050272345542908e-02
5.307649374008178711e-01
2.378203570842742920e-01
2.397683113813400269e-01
-6.831286102533340454e-02
-7.235248386859893799e-02
-3.577233478426933289e-02
8.482560515403747559e-02
4.142758995294570923e-02
-2.275985777378082275e-01
4.030990973114967346e-02
4.015608429908752441e-01
5.516496300697326660e-01
2.377884238958358765e-01
9.229811280965805054e-02
4.470080509781837463e-02
6.879270672798156738e-01
6.448802947998046875e-01
4.345644116401672363e-01
-3.122176788747310638e-02
-1.191354766488075256e-01
-3.652012348175048828e-01
5.827266350388526917e-02
-3.502188995480537415e-02
-3.506978973746299744e-02
-1.353259086608886719e-01
6.071559712290763855e-02
6.951760053634643555e-01
2.254460155963897705e-01
-9.290187060832977295e-02
-6.930280476808547974e-02
-6.176643446087837219e-02
2.276334762573242188e-01
6.555898580700159073e-03
7.067893445491790771e-02
1.808983832597732544e-01
5.000765919685363770e-01
2.787435054779052734e-01
3.558316826820373535e-01
-9.716503322124481201e-02
-1.483069956302642822e-01
-3.452745676040649414e-01
-2.360770106315612793e-01
7.494209706783294678e-02
5.062876939773559570e-01
5.923971533775329590e-01
6.199294701218605042e-02
4.149146005511283875e-02
-1.226162612438201904e-01
5.053935647010803223e-01
3.483431935310363770e-01
5.031102895736694336e-01
4.842214584350585938e-01
3.993414640426635742e-01
-2.093484252691268921e-01
-3.419534564018249512e-01
-5.898234844207763672e-01
-5.132622122764587402e-01
-5.341948270797729492e-01
-1.213548779487609863e-01
3.645336329936981201e-01
5.158518552780151367e-01
3.634159564971923828e-01
1.601094901561737061e-01
-3.123773634433746338e-02
-3.265878930687904358e-02
6.354119777679443359e-01
2.828310430049896240e-01
-8.121410757303237915e-02
-2.972780764102935791e-01
-3.985081911087036133e-01
-2.661905586719512939e-01
-1.958404332399368286e-01
2.200651764869689941e-01
1.904944926500320435e-01
2.835974395275115967e-01
1.913407295942306519e-01
2.203845083713531494e-01
3.448145091533660889e-01
2.926187515258789062e-01
9.379899501800537109e-02
8.129692077636718750e-02
2.407742291688919067e-01
1.295967698097229004e-01
2.238653004169464111e-01
7.582027465105056763e-02
9.407043457031250000e-02
3.018954992294311523e-01
2.196180969476699829e-01
8.972743898630142212e-02
3.740499019622802734e-01
3.605259358882904053e-01
1.790302544832229614e-01
1.353288739919662476e-01
3.601587116718292236e-01
2.865992188453674316e-01
3.023585379123687744e-01
1.273294687271118164e-01
1.409651935100555420e-01
1.866464614868164062e-01
7.098772563040256500e-03
2.548091411590576172e-01
1.151627004146575928e-01
9.515618532896041870e-02
2.170154899358749390e-01
2.886164747178554535e-02
3.692438602447509766e-01
4.791120588779449463e-01
3.541391789913177490e-01
1.155459061264991760e-01
8.908876776695251465e-02
1.701686382293701172e-01
-3.930101543664932251e-02
3.191876709461212158e-01
2.942154407501220703e-01
8.512897789478302002e-02
2.410616427659988403e-01
6.833764910697937012e-01
3.994851708412170410e-01
2.423549592494964600e-01
1.096062213182449341e-01
1.527008563280105591e-01
6.504262238740921021e-02
-2.023654617369174957e-02
1.713821142911911011e-01
2.629043757915496826e-01
1.654583960771560669e-01
1.508221868425607681e-02
7.200419157743453979e-02
-1.942223496735095978e-02
6.044957786798477173e-03
7.950863242149353027e-02
3.245844542980194092e-01
5.074852108955383301e-01
2.236257940530776978e-01
4.314668476581573486e-01
2.890581190586090088e-01
1.024425029754638672e-02
-1.077351197600364685e-01
-7.236845046281814575e-02
2.369900792837142944e-01
-1.203329935669898987e-01
2.135720662772655487e-02
3.475343063473701477e-02
3.704892694950103760e-01
4.424360990524291992e-01
7.088650763034820557e-02
-2.547368779778480530e-02
-2.807044386863708496e-01
-2.882089018821716309e-01
-1.825240403413772583e-01
6.315853446722030640e-02
1.277446150779724121e-01
1.699770390987396240e-01
3.089209496974945068e-01
1.521100848913192749e-01
3.508500158786773682e-01
2.102295607328414917e-01
4.503610730171203613e-02
6.124792154878377914e-03
2.092236578464508057e-01
1.711266487836837769e-01
4.649174809455871582e-01
3.098630011081695557e-01
8.091371506452560425e-02
-3.684211522340774536e-02
-3.066292777657508850e-02
2.074353545904159546e-01
3.317536115646362305e-01
3.191078305244445801e-01
2.147322297096252441e-01
8.075404912233352661e-02
4.975175950676202774e-03
-1.305997073650360107e-01
-3.787996247410774231e-02
1.750385314226150513e-01
2.300764173269271851e-01
3.026140332221984863e-01
3.617713451385498047e-01
3.024064600467681885e-01
2.766358852386474609e-01
3.046737611293792725e-01
1.301715821027755737e-01
-1.988527551293373108e-02
7.861448079347610474e-02
7.312187552452087402e-02
1.361326500773429871e-02
1.330136805772781372e-01
8.172802627086639404e-02
3.251752555370330811e-01
5.818430185317993164e-01
1.163921505212783813e-01
2.534519433975219727e-01
2.519829869270324707e-01
3.698346316814422607e-01
-7.275165617465972900e-02
8.163222670555114746e-02
-1.245961561799049377e-01
-1.172077609226107597e-03
-1.598829925060272217e-01
-4.908872023224830627e-02
1.099574938416481018e-01
3.682698905467987061e-01
3.399286568164825439e-01
2.087765783071517944e-01
7.139850258827209473e-01
3.850670456886291504e-01
3.267878890037536621e-01
7.075877487659454346e-02
-3.859847411513328552e-02
-1.777180135250091553e-01
-7.046838849782943726e-02
-1.988102793693542480e-01
-1.184169650077819824e-01
-1.868775859475135803e-02
2.682532668113708496e-01
1.616902202367782593e-01
1.823992729187011719e-01
-1.234890241175889969e-02
2.584815025329589844e-01
3.959139809012413025e-02
2.597269415855407715e-01
2.085849791765213013e-01
1.591355055570602417e-01
2.842201590538024902e-01
2.717979252338409424e-01
1.272815763950347900e-01
3.317855298519134521e-01
1.997872143983840942e-01
1.327796000987291336e-02
-9.813901036977767944e-02
5.155060067772865295e-02
-7.494966965168714523e-03
2.101497352123260498e-01
6.834777444601058960e-02
1.432644277811050415e-01
2.166163176298141479e-01
2.557990849018096924e-01
2.202727496623992920e-01
2.535796761512756348e-01
1.944702416658401489e-01
2.438718080520629883e-01
2.504341900348663330e-01
1.865027695894241333e-01
2.565974295139312744e-01
3.029493391513824463e-01
1.652189046144485474e-01
1.634785085916519165e-01
2.355849891901016235e-01
3.288156986236572266e-01
1.197930946946144104e-01
-3.985985741019248962e-02
5.910294130444526672e-02
2.080421000719070435e-01
2.085690051317214966e-01
2.408540695905685425e-01
4.664876312017440796e-02
7.090247422456741333e-02
1.887860298156738281e-01
1.676298975944519043e-01
5.031102895736694336e-01
3.313065171241760254e-01
3.893142342567443848e-01
6.143410876393318176e-02
-3.680593073368072510e-01
-3.958736360073089600e-01
-3.243260085582733154e-01
-6.336366534233093262e-01
-3.675803244113922119e-01
-1.937433518469333649e-02
1.082330718636512756e-01
9.627386927604675293e-02
2.870143651962280273e-01
1.257647126913070679e-01
-2.004229277372360229e-01
-9.299767762422561646e-02
5.034934878349304199e-01
2.268511056900024414e-01
2.100698947906494141e-01
1.032354310154914856e-01
1.169030889868736267e-01
2.202781662344932556e-02
-6.205383688211441040e-02
1.030811760574579239e-02
3.587111085653305054e-02
1.126399338245391846e-01
3.525903820991516113e-01
1.208948120474815369e-01
2.080421000719070435e-01
7.197225838899612427e-02
1.408055275678634644e-01
4.533255100250244141e-01
1.064767092466354370e-01
2.892337739467620850e-01
9.858906269073486328e-02
4.674456641077995300e-02
7.851868122816085815e-02
6.384510546922683716e-02
9.392673522233963013e-02
5.089541673660278320e-01
3.730120360851287842e-01
1.657298356294631958e-01
-4.389948025345802307e-02
1.771675609052181244e-02
-7.013308256864547729e-02
5.306745693087577820e-02
3.773869872093200684e-01
3.785046637058258057e-01
1.880355924367904663e-01
-2.751744911074638367e-02
-2.213660627603530884e-02
1.368616968393325806e-01
3.357772529125213623e-01
4.320576190948486328e-01
2.855613827705383301e-01
2.088404446840286255e-01
-1.147605478763580322e-01
-2.925359308719635010e-01
-3.120580129325389862e-02
6.444130092859268188e-03
3.135194182395935059e-01
2.203366160392761230e-01
-1.252028942108154297e-01
5.547845736145973206e-02
4.444533213973045349e-02
3.531173169612884521e-01
3.717985749244689941e-01
3.673438131809234619e-01
1.307304203510284424e-01
5.884747207164764404e-02
2.853059172630310059e-01
-2.438793890178203583e-02
1.768747270107269287e-01
-1.551408320665359497e-01
-9.357248246669769287e-02
2.906921692192554474e-02
2.866471409797668457e-01
3.028216063976287842e-01
3.377252221107482910e-01
2.736341059207916260e-01
5.222705602645874023e-01
9.078125655651092529e-02
-3.950593471527099609e-01
-1.477481573820114136e-01
-1.947866231203079224e-01
-1.939563453197479248e-01
-8.178891986608505249e-02
1.699131578207015991e-01
4.667856097221374512e-01
4.349156916141510010e-01
1.837724298238754272e-01
1.765873283147811890e-01
-1.828858628869056702e-02
-2.940154261887073517e-02
3.259097039699554443e-01
2.679499089717864990e-01
6.748555600643157959e-02
9.110059589147567749e-02
4.857383072376251221e-01
3.308434784412384033e-01
3.245365619659423828e-01
2.904791831970214844e-01
1.802118122577667236e-01
-1.570887863636016846e-01
8.132885396480560303e-02
9.673690795898437500e-02
-7.735011726617813110e-02
-8.827147632837295532e-02
2.570020221173763275e-02
2.563579082489013672e-01
5.559607148170471191e-01
6.209459304809570312e-01
6.503729224205017090e-01
3.339729905128479004e-01
1.003454253077507019e-01
4.522876739501953125e-01
-4.787523671984672546e-02
1.296127438545227051e-01
1.065565422177314758e-01
2.220345288515090942e-02
1.757091432809829712e-01
-3.240332007408142090e-02
4.597815498709678650e-02
7.781240344047546387e-01
2.313697338104248047e-01
-1.535601019859313965e-01
